0 13
1 241
2 247
3 253
4 259
5 265
6 271
7 277
8 283
9 289
10 295
11 301
12 307
13 313
14 319
15 325
16 331
17 337
18 343
19 349
20 355
21 361
22 367
23 373
24 379
25 385
26 391
27 397
28 403
29 409
30 415
31 421
32 427
33 433
34 439
35 445
36 451
37 457
38 463
39 469
40 475
41 481
42 487
43 493
44 499
45 505
46 511
47 517
48 523
49 529
50 535
51 541
52 547
53 553
54 559
55 565
56 571
57 577
58 583
59 589
60 595
61 601
62 607
63 613
64 619
65 625
66 631
67 637
68 643
69 649
70 655
71 661
72 667
73 673
74 679
75 685
76 691
77 697
78 703
79 709
80 715
81 721
82 727
83 733
84 739
85 745
86 751
87 757
88 763
89 769
90 775
91 781
92 787
93 793
94 799
95 805
96 811
97 817
98 823
99 829
100 835
101 841
102 847
103 853
104 859
105 865
106 871
107 877
108 883
109 889
110 895
111 901
112 907
113 913
114 919
115 925
116 931
117 937
118 943
119 949
120 955
121 961
122 967
123 973
124 979
125 985
126 991
127 997
128 1003
129 1009
130 1015
131 1021
132 1027
133 1033
134 1039
135 1045
136 1051
137 1057
138 1063
139 1069
140 1075
141 1081
142 1087
143 1093
144 1099
145 1105
146 1111
147 1117
148 1123
149 1129
150 1135
151 1141
152 1147
153 1153
154 1159
155 1165
156 1171
157 1177
158 1183
159 1189
160 1195
161 1201
162 1207
163 1213
164 1219
165 1225
166 1231
167 1237
168 1243
169 1249
170 1255
171 1261
172 1267
173 1273
174 1279
175 1285
176 1291
177 1297
178 1303
179 1309
180 1315
181 1321
182 1327
183 1333
184 1339
185 1345
186 1351
187 1357
188 1363
189 1369
190 1375
191 1381
192 1387
193 1393
194 1399
195 1405
196 1411
197 1417
198 1423
199 1429
200 1435
201 1441
202 1447
203 1453
204 1459
205 1465
206 1471
207 1477
208 1483
209 1489
210 1495
211 1501
212 1507
213 1513
214 1519
215 1525
216 1531
217 1537
218 1543
219 1549
220 1555
221 1561
222 1567
223 1573
224 1579
225 1585
226 1591
227 1597
228 1603
229 1609
230 1615
231 1621
232 1627
233 1633
234 1639
235 1645
236 1651
237 1657
238 1663
239 1669
240 1675
241 1681
242 1687
243 1693
244 1699
245 1705
246 1711
247 1717
248 1723
249 1729
250 1735
251 1741
252 1747
253 1753
254 1759
255 1765
256 1771
257 1777
258 1783
259 1789
260 1795
261 1801
262 1807
263 1813
264 1819
265 1825
266 1831
267 1837
268 1843
269 1849
270 1855
271 1861
272 1867
273 1873
274 1879
275 1885
276 1891
277 1897
278 1903
279 1909
280 1915
281 1921
282 1927
283 1933
284 1939
285 1945
286 1951
287 1957
288 1963
289 1969
290 1975
291 1981
292 1987
293 1993
294 1999
295 2005
296 2011
297 2017
298 2023
299 2029
300 2035
301 2041
302 2047
303 2053
304 2059
305 2065
306 2071
307 2077
308 2083
309 2089
310 2095
311 2101
312 2107
313 2113
314 2119
315 2125
316 2131
317 2137
318 2143
319 2149
320 2155
321 2161
322 2167
323 2173
324 2179
325 2185
326 2191
327 2197
328 2203
329 2209
330 2215
331 2221
332 2227
333 2233
334 2239
335 2245
336 2251
337 2257
338 2263
339 2269
340 2275
341 2281
342 2287
343 2293
344 2299
345 2305
346 2311
347 2317
348 2323
349 2329
350 2335
351 2341
352 2347
353 2353
354 2359
355 2365
356 2371
357 2377
358 2383
359 2389
360 2395
361 2401
362 2407
363 2413
364 2419
365 2425
366 2431
367 2437
368 2443
369 2449
370 2455
371 2461
372 2467
373 2473
374 2479
375 2485
376 2491
377 2497
378 2503
379 2509
380 2515
381 2521
382 2527
383 2533
384 2539
385 2545
386 2551
387 2557
388 2563
389 2569
390 2575
391 2581
392 2587
393 2593
394 2599
395 2605
396 2611
397 2617
398 2623
399 2629
400 2635
401 2641
402 2647
403 2653
404 2659
405 2665
406 2671
407 2677
408 2683
409 2689
410 2695
411 2701
412 2707
413 2713
414 2719
415 2725
416 2731
417 2737
418 2743
419 2749
420 2755
421 2761
422 2767
423 2773
424 2779
425 2785
426 2791
427 2797
428 2803
429 2809
430 2815
431 2821
432 2827
433 2833
434 2839
435 2845
436 2851
437 2857
438 2863
439 2869
440 2875
441 2881
442 2887
443 2893
444 2899
445 2905
446 2911
447 2917
448 2923
449 2929
450 2935
451 2941
452 2947
453 2953
454 2959
455 2965
456 2971
457 2977
458 2983
459 2989
460 2995
461 3001
462 3007
463 3013
464 3019
465 3025
466 3031
467 3037
468 3043
469 3049
470 3055
471 3061
472 3067
473 3073
474 3079
475 3085
476 3091
477 3097
478 3103
479 3109
480 3115
481 3121
482 3127
483 3133
484 3139
485 3145
486 3151
487 3157
488 3163
489 3169
490 3175
491 3181
492 3187
493 3193
494 3199
495 3205
496 3211
497 3217
498 3223
499 3229
500 3235
501 3241
502 3247
503 3253
504 3259
505 3265
506 3271
507 3277
508 3283
509 3289
510 3295
511 3301
512 3307
513 3313
514 3319
515 3325
516 3331
517 3337
518 3343
519 3349
520 3355
521 3361
522 3367
523 3373
524 3379
525 3385
526 3391
527 3397
528 3403
529 3409
530 3415
531 3421
532 3427
533 3433
534 3439
535 3445
536 3451
537 3457
538 3463
539 3469
540 3475
541 3481
542 3487
543 3493
544 3499
545 3505
546 3511
547 3517
548 3523
549 3529
550 3535
551 3541
552 3547
553 3553
554 3559
555 3565
556 3571
557 3577
558 3583
559 3589
560 3595
561 3601
562 3607
563 3613
564 3619
565 3625
566 3631
567 3637
568 3643
569 3649
570 3655
571 3661
572 3667
573 3673
574 3679
575 3685
576 3691
577 3697
578 3703
579 3709
580 3715
581 3721
582 3727
583 3733
584 3739
585 3745
586 3751
587 3757
588 3763
589 3769
590 3775
591 3781
592 3787
593 3793
594 3799
595 3805
596 3811
597 3817
598 3823
599 3829
600 3835
601 3841
602 3847
603 3853
604 3859
605 3865
606 3871
607 3877
608 3883
609 3889
610 3895
611 3901
612 3907
613 3913
614 3919
615 3925
616 3931
617 3937
618 3943
619 3949
620 3955
621 3961
622 3967
623 3973
624 3979
625 3985
626 3991
627 3997
628 4003
629 4009
630 4015
631 4021
632 4027
633 4033
634 4039
635 4045
636 4051
637 4057
638 4063
639 4069
640 4075
641 4081
642 4087
643 4093
644 4099
645 4105
646 4111
647 4117
648 4123
649 4129
650 4135
651 4141
652 4147
653 4153
654 4159
655 4165
656 4171
657 4177
658 4183
659 4189
660 4195
661 4201
662 4207
663 4213
664 4219
665 4225
666 4231
667 4237
668 4243
669 4249
670 4255
671 4261
672 4267
673 4273
674 4279
675 4285
676 4291
677 4297
678 4303
679 4309
680 4315
681 4321
682 4327
683 4333
684 4339
685 4345
686 4351
687 4357
688 4363
689 4369
690 4375
691 4381
692 4387
693 4393
694 4399
695 4405
696 4411
697 4417
698 4423
699 4429
700 4435
701 4441
702 4447
703 4453
704 4459
705 4465
706 4471
707 4477
708 4483
709 4489
710 4495
711 4501
712 4507
713 4513
714 4519
715 4525
716 4531
717 4537
718 4543
719 4549
720 4555
721 4561
722 4567
723 4573
724 4579
725 4585
726 4591
727 4597
728 4603
729 4609
730 4615
731 4621
732 4627
733 4633
734 4639
735 4645
736 4651
737 4657
738 4663
739 4669
740 4675
741 4681
742 4687
743 4693
744 4699
745 4705
746 4711
747 4717
748 4723
749 4729
750 4735
751 4741
752 4747
753 4753
754 4759
755 4765
756 4771
757 4777
758 4783
759 4789
760 4795
761 4801
762 4807
763 4813
764 4819
765 4825
766 4831
767 4837
768 4843
769 4849
770 4855
771 4856
772 4862
773 4868
774 4874
780 4877
781 4881
782 4884
783 4890
784 4895
785 4901
786 4904
787 4907
788 4913
789 4919
790 4925
791 4931
792 4937
793 4943
794 4949
795 4955
796 4961
797 4967
798 4973
799 4979
800 4985
801 4991
802 4997
803 5003
804 5009
805 5015
806 5021
807 5027
808 5033
809 5039
810 5045
811 5051
812 5057
813 5063
814 5069
815 5075
816 5081
817 5087
818 5093
819 5099
820 5105
821 5111
822 5117
823 5123
824 5129
825 5135
826 5141
827 5147
828 5153
829 5159
830 5165
831 5171
832 5177
833 5183
834 5189
835 5195
836 5201
837 5207
838 5213
839 5219
840 5225
841 5231
842 5237
843 5243
844 5249
845 5255
846 5261
847 5267
848 5273
849 5279
850 5285
851 5291
852 5297
853 5303
854 5309
855 5315
856 5321
857 5327
858 5333
859 5339
860 5345
861 5351
862 5357
863 5363
864 5369
865 5375
866 5381
867 5387
868 5393
869 5399
870 5405
871 5411
872 5417
873 5423
874 5429
875 5435
876 5441
877 5447
878 5453
879 5459
880 5465
881 5471
882 5477
883 5483
884 5489
885 5495
886 5501
887 5507
888 5513
889 5519
890 5525
891 5531
892 5537
893 5543
894 5549
895 5555
896 5561
897 5567
898 5573
899 5579
900 5585
901 5591
902 5597
903 5603
904 5609
905 5615
906 5621
907 5627
908 5633
909 5639
910 5645
911 5651
912 5657
913 5663
914 5669
915 5675
916 5681
917 5687
918 5693
919 5699
922 5704
925 5705
926 5710
928 5714
929 5719
930 5725
931 5731
932 5737
933 5743
934 5749
935 5755
936 5761
937 5767
938 5773
939 5779
940 5785
941 5791
942 5797
943 5803
944 5809
945 5815
946 5821
947 5827
948 5833
949 5839
950 5842
951 5848
952 5854
953 5860
954 5866
955 5872
956 5878
957 5884
958 5890
959 5896
960 5902
961 5908
962 5914
963 5920
964 5926
965 5932
966 5938
967 5944
968 5950
969 5956
970 5962
971 5968
972 5974
973 5980
974 5986
975 5992
976 5998
977 6004
978 6010
979 6016
980 6022
981 6028
982 6034
983 6040
984 6046
985 6052
986 6058
987 6064
988 6070
989 6076
990 6082
991 6088
992 6094
993 6100
994 6106
995 6112
996 6118
997 6124
998 6130
999 6136
1000 6142
1001 6148
1002 6154
1003 6160
1004 6166
1005 6172
1006 6178
1007 6184
1008 6190
1009 6196
1010 6202
1011 6208
1012 6214
1013 6220
1014 6226
1015 6232
1016 6238
1017 6244
1018 6250
1019 6256
1020 6262
1021 6268
1022 6274
1023 6280
1024 6286
1025 6292
1026 6298
1027 6304
1028 6310
1029 6316
1030 6322
1031 6328
1032 6334
1033 6340
1034 6346
1035 6352
1036 6358
1037 6364
1038 6370
1039 6376
1040 6382
1041 6388
1042 6394
1043 6400
1044 6406
1045 6412
1046 6418
1047 6424
1048 6430
1049 6436
1050 6442
1051 6448
1052 6454
1053 6460
1054 6466
1055 6472
1056 6478
1057 6484
1058 6490
1059 6496
1060 6502
1061 6508
1062 6514
1063 6520
1064 6526
1065 6532
1066 6538
1067 6544
1068 6550
1069 6556
1070 6562
1071 6567
1072 6569
1073 6575
1074 6581
1075 6587
1076 6593
1078 6600
1079 6606
1080 6612
1081 6618
1082 6624
1083 6630
1084 6636
1085 6642
1086 6648
1087 6654
1088 6660
1089 6666
1090 6672
1091 6678
1092 6684
1093 6691
1094 6697
1095 6703
1096 6709
1097 6715
1098 6721
1099 6727
1100 6733
1101 6738
1102 6744
1103 6750
1104 6756
1105 6762
1106 6768
1107 6774
1108 6780
1109 6786
1110 6792
1111 6798
1112 6804
1113 6810
1114 6816
1115 6822
1116 6828
1117 6834
1118 6840
1119 6846
1120 6852
1121 6858
1122 6864
1123 6870
1124 6876
1125 6882
1126 6888
1127 6894
1128 6900
1129 6906
1130 6912
1131 6918
1132 6924
1133 6930
1134 6936
1135 6942
1136 6948
1137 6954
1138 6960
1139 6967
1140 6972
1141 6979
1142 6985
1143 6991
1144 6997
1145 7003
1146 7009
1147 7015
1148 7021
1149 7027
1150 7033
1151 7039
1152 7045
1153 7051
1154 7057
1155 7063
1156 7069
1157 7075
1158 7080
1159 7086
1160 7092
1161 7098
1162 7104
1163 7110
1164 7116
1165 7122
1166 7128
1167 7134
1168 7140
1169 7146
1170 7152
1171 7158
1172 7164
1173 7170
1174 7176
1175 7182
1176 7188
1177 7194
1178 7200
1179 7206
1180 7212
1181 7218
1182 7224
1183 7230
1184 7236
1185 7242
1186 7248
1187 7254
1188 7260
1189 7266
1190 7272
1191 7278
1192 7284
1193 7290
1194 7296
1195 7302
1196 7308
1197 7314
1198 7320
1199 7326
1200 7332
1201 7338
1202 7344
1203 7350
1204 7356
1205 7362
1206 7368
1207 7374
1208 7380
1209 7386
1210 7392
1211 7398
1212 7404
1213 7410
1214 7416
1215 7422
1216 7428
1217 7434
1218 7440
1219 7446
1220 7452
1221 7458
1222 7464
1223 7470
1224 7476
1225 7482
1226 7488
1227 7494
1228 7500
1229 7506
1230 7512
1231 7518
1232 7524
1233 7530
1234 7536
1235 7542
1236 7548
1237 7554
1238 7560
1239 7566
1240 7572
1241 7578
1242 7584
1243 7590
1244 7596
1245 7602
1246 7608
1247 7614
1248 7620
1249 7626
1250 7632
1251 7638
1252 7644
1269 7645
1270 7649
1271 7655
1272 7661
1273 7667
1274 7673
1275 7679
1276 7685
1277 7691
1278 7697
1279 7703
1280 7706
1281 7712
1282 7718
1283 7724
1284 7730
1285 7736
1286 7742
1287 7748
1288 7754
1289 7761
1290 7767
1291 7773
1292 7779
1293 7785
1294 7791
1295 7797
1296 7803
1297 7809
1298 7815
1299 7821
1300 7827
1301 7833
1302 7839
1303 7845
1304 7851
1305 7857
1306 7863
1307 7869
1308 7875
1309 7881
1310 7887
1311 7893
1312 7899
1313 7905
1314 7911
1315 7917
1316 7923
1317 7929
1318 7935
1319 7941
1320 7947
1321 7953
1322 7958
1323 7964
1324 7970
1325 7976
1326 7982
1327 7988
1328 7994
1329 8000
1330 8007
1331 8013
1332 8019
1333 8025
1334 8031
1335 8037
1336 8043
1337 8049
1338 8055
1339 8061
1340 8067
1341 8073
1342 8079
1343 8085
1344 8091
1345 8097
1346 8102
1347 8108
1348 8114
1349 8120
1350 8126
1351 8132
1352 8138
1353 8144
1354 8150
1355 8156
1356 8162
1357 8168
1358 8174
1359 8180
1360 8186
1361 8192
1362 8198
1363 8204
1364 8210
1365 8216
1366 8222
1367 8228
1368 8234
1369 8240
1370 8246
1371 8253
1372 8259
1373 8265
1374 8271
1375 8277
1376 8283
1377 8289
1378 8295
1379 8300
1380 8306
1381 8312
1382 8318
1383 8324
1384 8330
1385 8336
1386 8342
1387 8348
1388 8354
1389 8360
1390 8366
1391 8372
1392 8378
1393 8384
1394 8390
1395 8396
1396 8402
1397 8408
1398 8414
1399 8420
1400 8426
1401 8432
1402 8438
1403 8444
1404 8450
1405 8455
1406 8459
1407 8465
1408 8471
1409 8477
1410 8483
1411 8489
1412 8495
1413 8501
1414 8507
1415 8513
1416 8519
1417 8525
1418 8531
1419 8537
1420 8543
1421 8549
1422 8555
1423 8561
1424 8567
1425 8573
1426 8579
1427 8585
1428 8592
1429 8598
1430 8604
1431 8610
1432 8616
1433 8622
1434 8628
1435 8634
1436 8640
1437 8646
1438 8652
1439 8658
1440 8664
1441 8670
1442 8676
1443 8682
1444 8687
1445 8693
1446 8699
1447 8705
1448 8711
1449 8717
1450 8723
1451 8729
1452 8735
1453 8742
1454 8748
1455 8754
1456 8760
1457 8766
1458 8772
1459 8778
1460 8784
1461 8790
1462 8796
1463 8802
1464 8808
1465 8814
1466 8820
1467 8826
1468 8832
1469 8838
1470 8844
1471 8850
1472 8856
1473 8862
1474 8868
1475 8874
1476 8880
1477 8886
1478 8892
1479 8898
1480 8904
1481 8910
1482 8916
1483 8922
1484 8928
1485 8934
1486 8940
1487 8946
1488 8952
1489 8958
1490 8964
1491 8970
1492 8976
1493 8982
1494 8988
1495 8994
1496 9000
1497 9006
1498 9012
1499 9018
1500 9024
1501 9030
1502 9036
1503 9042
1504 9048
1505 9054
1506 9060
1507 9066
1508 9072
1509 9078
1510 9084
1511 9090
1512 9096
1513 9102
1514 9108
1515 9114
1516 9120
1517 9126
1518 9132
1519 9138
1520 9144
1521 9150
1522 9156
1523 9162
1524 9168
1525 9174
1526 9180
1527 9186
1528 9192
1529 9198
1530 9204
1531 9210
1532 9216
1533 9222
1534 9228
1535 9234
1536 9240
1537 9246
1538 9252
1539 9258
1540 9264
1541 9270
1542 9276
1543 9282
1544 9288
1545 9294
1546 9300
1547 9306
1548 9312
1549 9318
1550 9324
1551 9330
1552 9336
1553 9342
1554 9348
1555 9354
1556 9360
1557 9366
1558 9372
1559 9378
1560 9384
1561 9390
1562 9396
1563 9402
1564 9408
1565 9414
1566 9420
1567 9426
1568 9432
1569 9438
1570 9444
1571 9450
1572 9456
1573 9462
1574 9468
1575 9474
1576 9480
1577 9486
1578 9492
1579 9498
1580 9504
1581 9510
1582 9516
1583 9522
1584 9527
1585 9531
1586 9537
1587 9543
1588 9549
1589 9555
1590 9561
1591 9567
1592 9573
1593 9579
1594 9585
1595 9591
1596 9597
1597 9603
1598 9609
1599 9615
1600 9621
1601 9627
1602 9633
1603 9639
1604 9645
1605 9651
1606 9657
1607 9663
1608 9669
1609 9675
1610 9681
1611 9687
1612 9693
1613 9699
1614 9705
1615 9711
1616 9717
1617 9723
1618 9729
1619 9735
1620 9741
1621 9747
1622 9753
1623 9759
1624 9765
1625 9771
1626 9777
1627 9783
1628 9789
1629 9795
1630 9801
1631 9807
1632 9813
1633 9819
1634 9825
1635 9831
1636 9837
1637 9843
1638 9849
1639 9855
1640 9861
1641 9867
1642 9873
1643 9879
1644 9885
1645 9891
1646 9897
1647 9903
1648 9909
1649 9915
1650 9921
1651 9927
1652 9933
1653 9939
1654 9945
1655 9951
1656 9957
1657 9962
1658 9968
1659 9974
1660 9980
1661 9986
1662 9992
1663 9998
1664 10004
1665 10011
1666 10017
1667 10023
1668 10029
1669 10035
1670 10041
1671 10047
1672 10053
1673 10059
1674 10065
1675 10071
1676 10077
1677 10083
1678 10089
1679 10095
1680 10101
1681 10106
1682 10112
1683 10118
1684 10124
1685 10130
1686 10136
1687 10142
1688 10149
1689 10155
1690 10161
1691 10167
1692 10173
1693 10179
1694 10185
1695 10191
1696 10197
1697 10203
1698 10209
1699 10215
1700 10221
1701 10227
1702 10233
1703 10239
1704 10245
1705 10251
1706 10257
1707 10263
1708 10269
1709 10275
1710 10281
1711 10287
1712 10293
1713 10299
1714 10305
1715 10311
1716 10317
1717 10323
1718 10329
1719 10335
1720 10341
1721 10347
1722 10353
1723 10359
1724 10365
1725 10371
1726 10377
1727 10383
1728 10389
1729 10395
1730 10401
1731 10407
1732 10413
1733 10419
1734 10425
1735 10431
1736 10437
1737 10443
1738 10449
1739 10455
1740 10461
1741 10467
1742 10473
1743 10479
1744 10485
1745 10491
1746 10497
1747 10503
1748 10509
1749 10515
1750 10521
1751 10527
1752 10533
1753 10539
1754 10545
1755 10551
1756 10557
1757 10563
1758 10569
1759 10575
1760 10581
1761 10587
1762 10593
1763 10599
1764 10605
1765 10611
1766 10617
1767 10623
1768 10629
1769 10635
1770 10641
1771 10647
1772 10653
1773 10659
1774 10665
1775 10671
1776 10677
1777 10683
1778 10689
1779 10695
1780 10701
1781 10707
1782 10713
1783 10719
1784 10725
1785 10731
1786 10737
1787 10743
1788 10749
1789 10755
1790 10761
1791 10767
1792 10773
1793 10779
1794 10785
1795 10791
1796 10797
1797 10803
1798 10809
1799 10815
1800 10821
1801 10827
1802 10833
1803 10839
1804 10845
1805 10851
1806 10857
1807 10863
1808 10869
1809 10875
1810 10881
1811 10887
1812 10893
1813 10899
1814 10905
1815 10911
1816 10917
1817 10923
1818 10929
1819 10935
1820 10941
1821 10947
1822 10953
1823 10959
1824 10965
1825 10971
1826 10977
1827 10983
1828 10989
1829 10995
1830 11001
1831 11007
1832 11013
1833 11019
1834 11025
1835 11031
1836 11037
1837 11043
1838 11049
1839 11055
1840 11061
1841 11067
1842 11073
1843 11079
1844 11085
1845 11091
1846 11097
1847 11103
1848 11109
1849 11115
1850 11121
1851 11127
1852 11133
1853 11139
1854 11145
1855 11151
1856 11157
1857 11163
1858 11169
1859 11175
1860 11181
1861 11187
1862 11193
1863 11199
1864 11205
1865 11211
1866 11217
1867 11223
1868 11229
1869 11235
1870 11241
1871 11247
1872 11253
1873 11259
1874 11265
1875 11271
1876 11277
1877 11283
1878 11289
1879 11295
1880 11301
1881 11307
1882 11313
1883 11319
1884 11325
1885 11331
1886 11337
1887 11343
1888 11349
1889 11355
1890 11361
1891 11367
1892 11373
1893 11379
1894 11385
1895 11391
1896 11397
1897 11403
1898 11409
1899 11415
1900 11421
1901 11427
1902 11433
1903 11439
1904 11445
1905 11451
1906 11457
1907 11463
1908 11469
1909 11475
1910 11481
1911 11487
1912 11493
1913 11499
1914 11505
1915 11511
1916 11517
1917 11523
1918 11529
1919 11535
1920 11541
1921 11547
1922 11553
1923 11559
1924 11565
1925 11571
1926 11577
1927 11583
1949 11589
1950 11595
1951 11601
1952 11607
1953 11613
1954 11619
1955 11625
1956 11631
1957 11637
1958 11643
1959 11649
1960 11655
1961 11661
1962 11667
1963 11673
1964 11679
1965 11685
1966 11691
1967 11697
1968 11703
1969 11709
1970 11715
1971 11721
1972 11727
1973 11733
1974 11739
1975 11745
1976 11751
1977 11757
1978 11763
1979 11769
1980 11775
1981 11781
1982 11787
1983 11793
1984 11799
1985 11805
1986 11811
1987 11817
1988 11823
1989 11829
1990 11835
1991 11841
1992 11847
1993 11853
1994 11859
1995 11865
1996 11871
1997 11877
1998 11883
1999 11889
2000 11895
2001 11901
2002 11907
2003 11913
2004 11919
2005 11925
2006 11931
2007 11937
2008 11943
2009 11949
2010 11955
2011 11961
2012 11967
2013 11973
2014 11979
2015 11985
2016 11991
2017 11997
2018 12003
2019 12009
2020 12015
2021 12021
2022 12027
2023 12033
2024 12039
2025 12045
2026 12051
2027 12057
2028 12063
2029 12069
2030 12075
2031 12081
2032 12087
2033 12093
2034 12099
2035 12105
2036 12111
2037 12117
2038 12123
2039 12129
2040 12135
2041 12141
2042 12147
2043 12153
2044 12159
2045 12165
2046 12171
2047 12177
2048 12183
2049 12189
2050 12195
2051 12201
2052 12207
2053 12213
2054 12219
2055 12225
2056 12231
2057 12237
2058 12243
2059 12249
2060 12255
2061 12261
2062 12267
2063 12273
2064 12279
2065 12285
2066 12291
2067 12297
2068 12303
2069 12309
2070 12315
2071 12321
2072 12327
2073 12333
2074 12339
2075 12345
2076 12351
2077 12357
2078 12363
2079 12369
2080 12375
2081 12381
2082 12387
2083 12393
2084 12399
2085 12405
2086 12411
2087 12417
2088 12423
2089 12429
2090 12435
2091 12441
2092 12447
2093 12453
2094 12459
2095 12465
2096 12471
2097 12477
2098 12483
2099 12489
2100 12495
2101 12501
2102 12507
2103 12513
2104 12519
2105 12525
2106 12531
2107 12537
2108 12543
2109 12549
2110 12555
2111 12561
2112 12567
2113 12573
2114 12579
2115 12585
2116 12591
2117 12597
2118 12603
2119 12609
2120 12615
2121 12621
2122 12627
2123 12633
2124 12639
2125 12645
2126 12651
2127 12657
2128 12663
2129 12669
2130 12675
2131 12681
2132 12687
2133 12693
2134 12699
2135 12705
2136 12711
2137 12717
2138 12723
2139 12729
2140 12735
2141 12741
2142 12747
2143 12753
2144 12759
2145 12765
2146 12771
2147 12777
2148 12783
2149 12789
2150 12795
2151 12801
2152 12807
2153 12810
2154 12815
2155 12821
2156 12827
2157 12833
2158 12839
2159 12845
2160 12851
2161 12857
2162 12863
2163 12869
2164 12875
2165 12881
2166 12887
2167 12893
2168 12899
2169 12905
2170 12908
2171 12914
2172 12920
2173 12926
2174 12932
2175 12938
2176 12944
2177 12950
2178 12956
2179 12962
2180 12968
2181 12974
2182 12980
2183 12986
2184 12992
2185 12998
2186 13004
2187 13010
2188 13016
2189 13022
2190 13028
2191 13034
2192 13040
2193 13046
2194 13052
2195 13058
2196 13064
2197 13070
2198 13076
2199 13082
2200 13088
2201 13094
2202 13100
2203 13106
2204 13112
2205 13118
2206 13124
2207 13130
2208 13136
2209 13142
2210 13148
2211 13154
2212 13160
2213 13166
2214 13172
2215 13178
2216 13184
2217 13190
2218 13196
2219 13202
2220 13208
2221 13214
2222 13220
2223 13226
2224 13232
2225 13238
2226 13244
2227 13250
2228 13256
2229 13262
2230 13268
2231 13274
2232 13280
2233 13286
2234 13292
2235 13298
2236 13304
2237 13310
2238 13316
2239 13322
2240 13328
2241 13334
2242 13340
2243 13346
2244 13352
2245 13358
2246 13364
2247 13370
2248 13376
2249 13382
2250 13388
2251 13394
2252 13400
2253 13406
2254 13412
2255 13418
2256 13424
2257 13430
2258 13436
2259 13442
2260 13448
2261 13454
2262 13460
2263 13466
2264 13472
2265 13478
2266 13484
2267 13490
2268 13496
2269 13502
2270 13508
2271 13514
2272 13520
2273 13526
2274 13532
2275 13538
2276 13544
2277 13550
2278 13556
2279 13562
2280 13568
2281 13574
2282 13580
2283 13586
2284 13592
2285 13598
2286 13604
2287 13610
2288 13616
2289 13622
2290 13628
2291 13634
2292 13640
2293 13646
2294 13652
2295 13658
2296 13664
2297 13670
2298 13676
2299 13682
2300 13688
2301 13694
2302 13700
2303 13706
2304 13712
2305 13718
2306 13724
2307 13730
2308 13736
2309 13742
2310 13748
2311 13754
2312 13760
2313 13766
2314 13772
2315 13778
2316 13784
2317 13790
2318 13796
2319 13802
2320 13808
2321 13814
2322 13820
2323 13826
2324 13832
2325 13838
2326 13844
2327 13850
2328 13856
2329 13862
2330 13868
2331 13874
2332 13880
2333 13886
2334 13892
2335 13898
2336 13904
2337 13910
2338 13916
2339 13922
2340 13928
2341 13934
2342 13940
2343 13946
2344 13952
2345 13958
2346 13964
2347 13967
2348 13973
2349 13979
2350 13985
2351 13988
2352 13994
2353 14000
2354 14006
2355 14012
2356 14018
2357 14024
2358 14027
2359 14033
2360 14039
2361 14045
2362 14051
2363 14057
2364 14063
2365 14069
2366 14075
2367 14081
2368 14087
2369 14093
2370 14099
2371 14105
2372 14111
2373 14117
2374 14122
2375 14123
2376 14124
2377 14125
2378 14126
2379 14130
2380 14136
2381 14139
2382 14145
2383 14151
2384 14157
2385 14163
2386 14169
2387 14175
2388 14181
2389 14187
2390 14193
2391 14199
2392 14205
2393 14211
2394 14217
2395 14223
2396 14229
2397 14235
2398 14241
2399 14247
2400 14253
2401 14259
2402 14265
2403 14271
2404 14277
2405 14283
2406 14289
2407 14295
2408 14301
2409 14307
2410 14313
2411 14319
2412 14325
2413 14331
2414 14337
2415 14343
2416 14349
2417 14355
2418 14361
2419 14367
2420 14373
2421 14379
2422 14385
2423 14391
2424 14397
2425 14403
2426 14409
2427 14415
2428 14421
2429 14427
2430 14433
2431 14439
2432 14445
2433 14451
2434 14457
2435 14463
2436 14469
2437 14475
2438 14481
2439 14487
2440 14493
2441 14499
2442 14505
2443 14511
2444 14517
2445 14523
2446 14529
2447 14535
2448 14541
2449 14547
2450 14553
2451 14559
2452 14565
2453 14571
2454 14577
2455 14583
2456 14589
2457 14595
2458 14601
2459 14607
2460 14613
2461 14619
2462 14625
2463 14631
2464 14637
2465 14643
2466 14649
2467 14655
2468 14661
2469 14667
2470 14673
2471 14679
2472 14685
2473 14691
2474 14697
2475 14703
2476 14709
2477 14715
2478 14721
2479 14727
2480 14733
2481 14739
2482 14745
2483 14751
2484 14757
2485 14763
2486 14769
2487 14775
2488 14781
2489 14787
2490 14793
2491 14799
2492 14805
2493 14811
2494 14817
2495 14823
2496 14829
2497 14835
2498 14841
2499 14847
2500 14853
2501 14859
2502 14865
2503 14871
2504 14877
2505 14883
2506 14889
2507 14895
2508 14901
2509 14907
2510 14913
2511 14919
2512 14925
2513 14931
2514 14937
2515 14943
2516 14949
2517 14955
2518 14961
2519 14967
2520 14973
2521 14979
2522 14985
2523 14991
2524 14997
2525 15003
2526 15009
2527 15015
2528 15021
2529 15027
2530 15033
2531 15039
2532 15045
2533 15051
2534 15057
2535 15063
2536 15069
2537 15075
2538 15081
2539 15087
2540 15093
2541 15099
2542 15105
2543 15111
2544 15117
2545 15123
2546 15129
2547 15135
2548 15141
2549 15147
2550 15153
2551 15159
2552 15165
2553 15171
2554 15177
2555 15183
2556 15189
2557 15195
2558 15201
2559 15207
2560 15213
2561 15219
2562 15225
2563 15231
2564 15237
2565 15243
2566 15249
2567 15255
2568 15261
2569 15267
2570 15273
2571 15279
2572 15285
2573 15291
2574 15297
2575 15303
2576 15309
2577 15315
2578 15321
2579 15327
2580 15333
2581 15339
2582 15345
2583 15351
2584 15357
2585 15363
2586 15369
2587 15375
2588 15381
2589 15387
2590 15393
2591 15399
2592 15405
2593 15411
2594 15417
2595 15423
2596 15429
2597 15435
2598 15441
2599 15447
2600 15453
2601 15459
2602 15465
2603 15471
2604 15477
2605 15483
2606 15489
2607 15495
2608 15501
2609 15507
2610 15513
2611 15519
2612 15525
2613 15531
2614 15537
2615 15543
2616 15549
2617 15555
2618 15561
2619 15567
2620 15573
2621 15579
2622 15585
2623 15591
2624 15597
2625 15603
2626 15609
2627 15615
2628 15621
2629 15627
2630 15633
2631 15639
2632 15645
2633 15651
2634 15657
2635 15663
2636 15669
2637 15675
2638 15681
2639 15687
2640 15693
2641 15699
2642 15705
2643 15711
2644 15717
2645 15723
2646 15729
2647 15735
2648 15741
2649 15747
2650 15753
2651 15759
2652 15765
2653 15771
2654 15777
2655 15783
2656 15789
2657 15795
2658 15801
2659 15807
2660 15813
2661 15819
2662 15825
2663 15831
2664 15837
2665 15843
2666 15849
2667 15855
2668 15861
2669 15867
2670 15873
2671 15879
2672 15885
2673 15891
2674 15897
2675 15903
2676 15909
2677 15915
2678 15921
2679 15927
2680 15933
2681 15939
2682 15945
2683 15951
2684 15957
2685 15963
2686 15969
2687 15975
2688 15981
2689 15987
2690 15993
2691 15999
2692 16005
2693 16011
2694 16017
2695 16023
2696 16029
2697 16035
2698 16041
2699 16047
2700 16053
2701 16059
2702 16065
2703 16071
2704 16077
2705 16083
2706 16089
2707 16095
2708 16101
2709 16107
2710 16113
2711 16119
2712 16125
2713 16131
2714 16137
2715 16143
2716 16149
2717 16155
2718 16161
2719 16167
2720 16173
2721 16179
2722 16185
2723 16191
2724 16197
2725 16203
2726 16209
2727 16215
2728 16221
2729 16227
2730 16233
2731 16239
2732 16245
2733 16251
2734 16257
2735 16263
2736 16269
2737 16275
2738 16281
2739 16287
2740 16293
2741 16299
2742 16305
2743 16311
2744 16317
2745 16323
2746 16329
2747 16335
2748 16341
2749 16347
2750 16353
2751 16359
2752 16365
2753 16371
2754 16377
2755 16383
2756 16389
2757 16395
2758 16401
2759 16407
2760 16413
2761 16419
2762 16425
2763 16431
2764 16437
2765 16443
2766 16449
2767 16455
2768 16461
2769 16467
2770 16473
2771 16479
2772 16485
2773 16491
2774 16497
2775 16503
2776 16509
2777 16515
2778 16521
2779 16527
2780 16533
2781 16539
