0 577
1 583
2 589
3 595
4 601
5 607
6 613
7 619
8 625
9 631
10 637
11 643
12 649
13 655
14 661
15 667
16 673
17 679
18 685
19 691
20 697
21 703
22 709
23 715
24 721
25 727
26 733
27 739
28 745
29 751
30 757
31 763
32 769
33 775
34 781
35 787
36 793
37 799
38 805
39 811
40 817
41 823
42 829
43 835
44 841
45 847
46 853
47 859
48 865
49 871
50 877
51 883
52 889
53 895
54 901
55 907
56 913
57 919
58 925
59 931
60 937
61 943
62 949
63 955
64 961
65 967
66 973
67 979
68 985
69 991
70 997
71 1003
72 1009
73 1015
74 1021
75 1027
76 1033
77 1039
78 1045
79 1051
80 1057
81 1063
82 1069
83 1075
84 1081
85 1087
86 1093
87 1099
88 1105
89 1111
90 1117
91 1123
92 1129
93 1135
94 1141
95 1147
96 1153
97 1159
98 1165
99 1171
100 1177
101 1183
102 1189
103 1195
104 1201
105 1207
106 1213
107 1219
108 1225
109 1231
110 1237
111 1243
112 1249
113 1255
114 1261
115 1267
116 1273
117 1279
118 1285
119 1291
120 1297
121 1303
122 1309
123 1315
124 1321
125 1327
126 1333
127 1339
128 1345
129 1351
130 1357
131 1363
132 1369
133 1375
134 1381
135 1387
136 1393
137 1399
138 1405
139 1411
140 1417
141 1423
142 1429
143 1435
144 1441
145 1447
146 1453
147 1459
148 1465
149 1471
150 1477
151 1483
152 1489
153 1495
154 1501
155 1507
156 1513
157 1519
158 1525
159 1531
160 1537
161 1543
162 1549
163 1555
164 1561
165 1567
166 1573
167 1579
168 1585
169 1591
170 1597
171 1603
172 1609
173 1615
174 1621
175 1627
176 1633
177 1639
178 1645
179 1651
180 1657
181 1663
182 1669
183 1675
184 1681
185 1687
186 1693
187 1699
188 1705
189 1711
190 1717
191 1723
192 1729
193 1735
194 1741
195 1747
196 1753
197 1759
198 1765
199 1771
200 1777
201 1783
202 1789
203 1795
204 1801
205 1807
206 1813
207 1819
208 1825
209 1831
210 1837
211 1843
212 1849
213 1855
214 1861
215 1867
216 1873
217 1879
218 1885
219 1891
220 1897
221 1903
222 1909
223 1915
224 1921
225 1927
226 1933
227 1939
228 1945
229 1951
230 1957
231 1963
232 1969
233 1975
234 1981
235 1987
236 1993
237 1999
238 2005
239 2011
240 2017
241 2023
242 2029
243 2035
244 2041
245 2047
246 2053
247 2059
248 2065
249 2071
250 2077
251 2083
252 2089
253 2095
254 2101
255 2107
256 2113
257 2119
258 2125
259 2131
260 2137
261 2143
262 2149
263 2155
264 2161
265 2167
266 2173
267 2179
268 2185
269 2191
270 2197
271 2203
272 2209
273 2215
274 2221
275 2227
276 2233
277 2239
278 2245
279 2251
280 2257
281 2263
282 2269
283 2275
284 2281
285 2287
286 2293
287 2299
288 2305
289 2311
290 2317
291 2323
292 2329
293 2335
294 2341
295 2347
296 2353
297 2359
298 2365
299 2371
300 2377
301 2383
302 2389
303 2395
304 2401
305 2407
306 2413
307 2419
308 2425
309 2431
310 2437
311 2443
312 2449
313 2455
314 2461
315 2467
316 2473
317 2479
318 2485
319 2491
320 2497
321 2503
322 2509
323 2515
324 2521
325 2527
326 2533
327 2539
328 2545
329 2551
330 2557
331 2563
332 2569
333 2575
334 2581
335 2587
336 2593
337 2599
338 2605
339 2611
340 2617
341 2623
342 2629
343 2635
344 2641
345 2647
346 2653
347 2659
348 2665
349 2671
350 2677
351 2683
352 2689
353 2695
354 2701
355 2707
356 2713
357 2719
358 2725
359 2731
360 2737
361 2743
362 2749
363 2755
364 2761
365 2767
366 2773
367 2779
368 2785
369 2791
370 2797
371 2803
372 2809
373 2815
374 2821
375 2827
376 2833
377 2839
378 2845
379 2851
380 2857
381 2863
382 2869
383 2875
384 2881
385 2887
386 2893
387 2899
388 2905
389 2911
390 2917
391 2923
392 2929
393 2935
394 2941
395 2947
396 2953
397 2959
398 2965
399 2971
400 2977
401 2983
402 2989
403 2995
404 3001
405 3007
406 3013
407 3019
408 3025
409 3031
410 3037
411 3043
412 3049
413 3055
414 3061
415 3067
416 3073
417 3079
418 3085
419 3091
420 3097
421 3103
422 3109
423 3115
424 3121
425 3127
426 3133
427 3139
428 3145
429 3151
430 3157
431 3163
432 3169
433 3175
434 3181
435 3187
436 3193
437 3199
438 3205
439 3211
440 3217
441 3223
442 3229
443 3235
444 3241
445 3247
446 3253
447 3259
448 3265
449 3271
450 3277
451 3283
452 3289
453 3295
454 3301
455 3307
456 3313
457 3319
458 3325
459 3331
460 3337
461 3343
462 3349
463 3355
464 3361
465 3367
466 3373
467 3379
468 3385
469 3391
470 3397
471 3403
472 3409
473 3415
474 3421
475 3427
476 3433
477 3439
478 3445
479 3451
480 3457
481 3463
482 3469
483 3475
484 3481
485 3487
486 3493
487 3499
488 3505
489 3511
490 3517
491 3523
492 3529
493 3535
494 3541
495 3547
496 3553
497 3559
498 3565
499 3571
500 3577
501 3583
502 3589
503 3595
504 3601
505 3607
506 3613
507 3619
508 3625
509 3631
510 3637
511 3643
512 3649
513 3655
514 3661
515 3667
516 3673
517 3679
518 3685
519 3691
520 3697
521 3703
522 3709
523 3715
524 3721
525 3727
526 3733
527 3739
528 3745
529 3751
530 3757
531 3763
532 3769
533 3775
534 3781
535 3787
536 3793
537 3799
538 3805
539 3811
540 3817
541 3823
542 3829
543 3835
544 3841
545 3847
546 3853
547 3859
548 3865
549 3871
550 3877
551 3883
552 3889
553 3895
554 3901
555 3907
556 3913
557 3919
558 3925
559 3931
560 3937
561 3943
562 3949
563 3955
564 3961
565 3967
566 3973
567 3979
568 3985
569 3991
570 3997
571 4003
572 4009
573 4015
574 4021
575 4027
576 4033
577 4039
578 4045
579 4051
580 4057
581 4063
582 4069
583 4075
584 4081
585 4087
586 4093
587 4099
588 4105
589 4111
590 4117
591 4123
592 4129
593 4135
594 4141
595 4147
596 4153
597 4159
598 4165
599 4171
600 4177
601 4183
602 4189
603 4195
604 4201
605 4207
606 4213
607 4219
608 4225
609 4231
610 4237
611 4243
612 4249
613 4255
614 4261
615 4267
616 4273
617 4279
618 4285
619 4291
620 4297
621 4303
622 4309
623 4315
624 4321
625 4327
626 4333
627 4339
628 4345
629 4351
630 4357
631 4363
632 4369
633 4375
634 4381
635 4387
636 4393
637 4399
638 4405
639 4411
640 4417
641 4423
642 4429
643 4435
644 4441
645 4447
646 4453
647 4459
648 4465
649 4471
650 4477
651 4483
652 4489
653 4495
654 4501
655 4507
656 4513
657 4519
658 4525
659 4531
660 4537
661 4543
662 4549
663 4555
664 4561
665 4567
666 4573
667 4579
668 4585
669 4591
670 4597
671 4603
672 4609
673 4615
674 4621
675 4627
676 4633
677 4639
678 4645
679 4651
680 4657
681 4663
682 4669
683 4675
684 4681
685 4687
686 4693
687 4699
688 4705
689 4711
690 4717
691 4723
692 4729
693 4735
694 4741
695 4747
696 4753
697 4759
698 4765
699 4771
700 4777
701 4783
702 4789
703 4795
704 4801
705 4807
706 4813
707 4819
708 4825
709 4831
710 4837
711 4843
712 4849
713 4855
714 4856
715 4862
716 4868
717 4874
723 4877
724 4881
725 4884
726 4890
727 4895
728 4901
729 4904
730 4907
731 4913
732 4919
733 4925
734 4931
735 4937
736 4943
737 4949
738 4955
739 4961
740 4967
741 4973
742 4979
743 4985
744 4991
745 4997
746 5003
747 5009
748 5015
749 5021
750 5027
751 5033
752 5039
753 5045
754 5051
755 5057
756 5063
757 5069
758 5075
759 5081
760 5087
761 5093
762 5099
763 5105
764 5111
765 5117
766 5123
767 5129
768 5135
769 5141
770 5147
771 5153
772 5159
773 5165
774 5171
775 5177
776 5183
777 5189
778 5195
779 5201
780 5207
781 5213
782 5219
783 5225
784 5231
785 5237
786 5243
787 5249
788 5255
789 5261
790 5267
791 5273
792 5279
793 5285
794 5291
795 5297
796 5303
797 5309
798 5315
799 5321
800 5327
801 5333
802 5339
803 5345
804 5351
805 5357
806 5363
807 5369
808 5375
809 5381
810 5387
811 5393
812 5399
813 5405
814 5411
815 5417
816 5423
817 5429
818 5435
819 5441
820 5447
821 5453
822 5459
823 5465
824 5471
825 5477
826 5483
827 5489
828 5495
829 5501
830 5507
831 5513
832 5519
833 5525
834 5531
835 5537
836 5543
837 5549
838 5555
839 5561
840 5567
841 5573
842 5579
843 5585
844 5591
845 5597
846 5603
847 5609
848 5615
849 5621
850 5627
851 5633
852 5639
853 5645
854 5651
855 5657
856 5663
857 5669
858 5675
859 5681
860 5687
861 5693
862 5699
865 5704
868 5705
869 5710
871 5714
872 5719
873 5725
874 5731
875 5737
876 5743
877 5749
878 5755
879 5761
880 5767
881 5773
882 5779
883 5785
884 5791
885 5797
886 5803
887 5809
888 5815
889 5821
890 5827
891 5833
892 5839
893 5842
894 5848
895 5854
896 5860
897 5866
898 5872
899 5878
900 5884
901 5890
902 5896
903 5902
904 5908
905 5914
906 5920
907 5926
908 5932
909 5938
910 5944
911 5950
912 5956
913 5962
914 5968
915 5974
916 5980
917 5986
918 5992
919 5998
920 6004
921 6010
922 6016
923 6022
924 6028
925 6034
926 6040
927 6046
928 6052
929 6058
930 6064
931 6070
932 6076
933 6082
934 6088
935 6094
936 6100
937 6106
938 6112
939 6118
940 6124
941 6130
942 6136
943 6142
944 6148
945 6154
946 6160
947 6166
948 6172
949 6178
950 6184
951 6190
952 6196
953 6202
954 6208
955 6214
956 6220
957 6226
958 6232
959 6238
960 6244
961 6250
962 6256
963 6262
964 6268
965 6274
966 6280
967 6286
968 6292
969 6298
970 6304
971 6310
972 6316
973 6322
974 6328
975 6334
976 6340
977 6346
978 6352
979 6358
980 6364
981 6370
982 6376
983 6382
984 6388
985 6394
986 6400
987 6406
988 6412
989 6418
990 6424
991 6430
992 6436
993 6442
994 6448
995 6454
996 6460
997 6466
998 6472
999 6478
1000 6484
1001 6490
1002 6496
1003 6502
1004 6508
1005 6514
1006 6520
1007 6526
1008 6532
1009 6538
1010 6544
1011 6550
1012 6556
1013 6562
1014 6567
1015 6569
1016 6575
1017 6581
1018 6587
1019 6593
1021 6600
1022 6606
1023 6612
1024 6618
1025 6624
1026 6630
1027 6636
1028 6642
1029 6648
1030 6654
1031 6660
1032 6666
1033 6672
1034 6678
1035 6684
1036 6691
1037 6697
1038 6703
1039 6709
1040 6715
1041 6721
1042 6727
1043 6733
1044 6738
1045 6744
1046 6750
1047 6756
1048 6762
1049 6768
1050 6774
1051 6780
1052 6786
1053 6792
1054 6798
1055 6804
1056 6810
1057 6816
1058 6822
1059 6828
1060 6834
1061 6840
1062 6846
1063 6852
1064 6858
1065 6864
1066 6870
1067 6876
1068 6882
1069 6888
1070 6894
1071 6900
1072 6906
1073 6912
1074 6918
1075 6924
1076 6930
1077 6936
1078 6942
1079 6948
1080 6954
1081 6960
1082 6966
1083 6972
1084 6978
1085 6985
1086 6991
1087 6997
1088 7003
1089 7009
1090 7015
1091 7021
1092 7027
1093 7033
1094 7039
1095 7045
1096 7051
1097 7057
1098 7063
1099 7069
1100 7075
1101 7080
1102 7086
1103 7092
1104 7098
1105 7104
1106 7110
1107 7116
1108 7122
1109 7128
1110 7134
1111 7140
1112 7146
1113 7152
1114 7158
1115 7164
1116 7170
1117 7176
1118 7182
1119 7188
1120 7194
1121 7200
1122 7206
1123 7212
1124 7218
1125 7224
1126 7230
1127 7236
1128 7242
1129 7248
1130 7254
1131 7260
1132 7266
1133 7272
1134 7278
1135 7284
1136 7290
1137 7296
1138 7302
1139 7308
1140 7314
1141 7320
1142 7326
1143 7332
1144 7338
1145 7344
1146 7350
1147 7356
1148 7362
1149 7368
1150 7374
1151 7380
1152 7386
1153 7392
1154 7398
1155 7404
1156 7410
1157 7416
1158 7422
1159 7428
1160 7434
1161 7440
1162 7446
1163 7452
1164 7458
1165 7464
1166 7470
1167 7476
1168 7482
1169 7488
1170 7494
1171 7500
1172 7506
1173 7512
1174 7518
1175 7524
1176 7530
1177 7536
1178 7542
1179 7548
1180 7554
1181 7560
1182 7566
1183 7572
1184 7578
1185 7584
1186 7590
1187 7596
1188 7602
1189 7608
1190 7614
1191 7620
1192 7626
1193 7632
1194 7638
1195 7644
1212 7645
1213 7649
1214 7655
1215 7661
1216 7667
1217 7673
1218 7679
1219 7685
1220 7691
1221 7697
1222 7703
1223 7706
1224 7712
1225 7718
1226 7724
1227 7730
1228 7736
1229 7742
1230 7748
1231 7754
1232 7761
1233 7767
1234 7773
1235 7779
1236 7785
1237 7791
1238 7797
1239 7803
1240 7809
1241 7815
1242 7821
1243 7827
1244 7833
1245 7839
1246 7845
1247 7851
1248 7857
1249 7863
1250 7869
1251 7875
1252 7881
1253 7887
1254 7893
1255 7899
1256 7905
1257 7911
1258 7917
1259 7923
1260 7929
1261 7935
1262 7941
1263 7947
1264 7953
1265 7958
1266 7964
1267 7970
1268 7976
1269 7982
1270 7988
1271 7994
1272 8000
1273 8007
1274 8013
1275 8019
1276 8025
1277 8031
1278 8037
1279 8043
1280 8049
1281 8055
1282 8061
1283 8067
1284 8073
1285 8079
1286 8085
1287 8091
1288 8097
1289 8102
1290 8108
1291 8114
1292 8120
1293 8126
1294 8132
1295 8138
1296 8144
1297 8150
1298 8156
1299 8162
1300 8168
1301 8174
1302 8180
1303 8186
1304 8192
1305 8198
1306 8204
1307 8210
1308 8216
1309 8222
1310 8228
1311 8234
1312 8240
1313 8246
1314 8253
1315 8259
1316 8265
1317 8271
1318 8277
1319 8283
1320 8289
1321 8295
1322 8300
1323 8306
1324 8312
1325 8318
1326 8324
1327 8330
1328 8336
1329 8342
1330 8348
1331 8354
1332 8360
1333 8366
1334 8372
1335 8378
1336 8384
1337 8390
1338 8396
1339 8402
1340 8408
1341 8414
1342 8420
1343 8426
1344 8432
1345 8438
1346 8444
1347 8450
1348 8455
1349 8459
1350 8465
1351 8471
1352 8477
1353 8483
1354 8489
1355 8495
1356 8501
1357 8507
1358 8513
1359 8519
1360 8525
1361 8531
1362 8537
1363 8543
1364 8549
1365 8555
1366 8561
1367 8567
1368 8573
1369 8579
1370 8585
1371 8592
1372 8598
1373 8604
1374 8610
1375 8616
1376 8622
1377 8628
1378 8634
1379 8640
1380 8646
1381 8652
1382 8658
1383 8664
1384 8670
1385 8676
1386 8682
1387 8687
1388 8693
1389 8699
1390 8705
1391 8711
1392 8717
1393 8723
1394 8729
1395 8735
1396 8742
1397 8748
1398 8754
1399 8760
1400 8766
1401 8772
1402 8778
1403 8784
1404 8790
1405 8796
1406 8802
1407 8808
1408 8814
1409 8820
1410 8826
1411 8832
1412 8838
1413 8844
1414 8850
1415 8856
1416 8862
1417 8868
1418 8874
1419 8880
1420 8886
1421 8892
1422 8898
1423 8904
1424 8910
1425 8916
1426 8922
1427 8928
1428 8934
1429 8940
1430 8946
1431 8952
1432 8958
1433 8964
1434 8970
1435 8976
1436 8982
1437 8988
1438 8994
1439 9000
1440 9006
1441 9012
1442 9018
1443 9024
1444 9030
1445 9036
1446 9042
1447 9048
1448 9054
1449 9060
1450 9066
1451 9072
1452 9078
1453 9084
1454 9090
1455 9096
1456 9102
1457 9108
1458 9114
1459 9120
1460 9126
1461 9132
1462 9138
1463 9144
1464 9150
1465 9156
1466 9162
1467 9168
1468 9174
1469 9180
1470 9186
1471 9192
1472 9198
1473 9204
1474 9210
1475 9216
1476 9222
1477 9228
1478 9234
1479 9240
1480 9246
1481 9252
1482 9258
1483 9264
1484 9270
1485 9276
1486 9282
1487 9288
1488 9294
1489 9300
1490 9306
1491 9312
1492 9318
1493 9324
1494 9330
1495 9336
1496 9342
1497 9348
1498 9354
1499 9360
1500 9366
1501 9372
1502 9378
1503 9384
1504 9390
1505 9396
1506 9402
1507 9408
1508 9414
1509 9420
1510 9426
1511 9432
1512 9438
1513 9444
1514 9450
1515 9456
1516 9462
1517 9468
1518 9474
1519 9480
1520 9486
1521 9492
1522 9498
1523 9504
1524 9510
1525 9516
1526 9522
1527 9527
1528 9531
1529 9537
1530 9543
1531 9549
1532 9555
1533 9561
1534 9567
1535 9573
1536 9579
1537 9585
1538 9591
1539 9597
1540 9603
1541 9609
1542 9615
1543 9621
1544 9627
1545 9633
1546 9639
1547 9645
1548 9651
1549 9657
1550 9663
1551 9669
1552 9675
1553 9681
1554 9687
1555 9693
1556 9699
1557 9705
1558 9711
1559 9717
1560 9723
1561 9729
1562 9735
1563 9741
1564 9747
1565 9753
1566 9759
1567 9765
1568 9771
1569 9777
1570 9783
1571 9789
1572 9795
1573 9801
1574 9807
1575 9813
1576 9819
1577 9825
1578 9831
1579 9837
1580 9843
1581 9849
1582 9855
1583 9861
1584 9867
1585 9873
1586 9879
1587 9885
1588 9891
1589 9897
1590 9903
1591 9909
1592 9915
1593 9921
1594 9927
1595 9933
1596 9939
1597 9945
1598 9951
1599 9957
1600 9962
1601 9968
1602 9974
1603 9980
1604 9986
1605 9992
1606 9998
1607 10004
1608 10011
1609 10017
1610 10023
1611 10029
1612 10035
1613 10041
1614 10047
1615 10053
1616 10059
1617 10065
1618 10071
1619 10077
1620 10083
1621 10089
1622 10095
1623 10101
1624 10106
1625 10112
1626 10118
1627 10124
1628 10130
1629 10136
1630 10142
1631 10148
1632 10155
1633 10161
1634 10167
1635 10173
1636 10179
1637 10185
1638 10191
1639 10197
1640 10203
1641 10209
1642 10215
1643 10221
1644 10227
1645 10233
1646 10239
1647 10245
1648 10251
1649 10257
1650 10263
1651 10269
1652 10275
1653 10281
1654 10287
1655 10293
1656 10299
1657 10305
1658 10311
1659 10317
1660 10323
1661 10329
1662 10335
1663 10341
1664 10347
1665 10353
1666 10359
1667 10365
1668 10371
1669 10377
1670 10383
1671 10389
1672 10395
1673 10401
1674 10407
1675 10413
1676 10419
1677 10425
1678 10431
1679 10437
1680 10443
1681 10449
1682 10455
1683 10461
1684 10467
1685 10473
1686 10479
1687 10485
1688 10491
1689 10497
1690 10503
1691 10509
1692 10515
1693 10521
1694 10527
1695 10533
1696 10539
1697 10545
1698 10551
1699 10557
1700 10563
1701 10569
1702 10575
1703 10581
1704 10587
1705 10593
1706 10599
1707 10605
1708 10611
1709 10617
1710 10623
1711 10629
1712 10635
1713 10641
1714 10647
1715 10653
1716 10659
1717 10665
1718 10671
1719 10677
1720 10683
1721 10689
1722 10695
1723 10701
1724 10707
1725 10713
1726 10719
1727 10725
1728 10731
1729 10737
1730 10743
1731 10749
1732 10755
1733 10761
1734 10767
1735 10773
1736 10779
1737 10785
1738 10791
1739 10797
1740 10803
1741 10809
1742 10815
1743 10821
1744 10827
1745 10833
1746 10839
1747 10845
1748 10851
1749 10857
1750 10863
1751 10869
1752 10875
1753 10881
1754 10887
1755 10893
1756 10899
1757 10905
1758 10911
1759 10917
1760 10923
1761 10929
1762 10935
1763 10941
1764 10947
1765 10953
1766 10959
1767 10965
1768 10971
1769 10977
1770 10983
1771 10989
1772 10995
1773 11001
1774 11007
1775 11013
1776 11019
1777 11025
1778 11031
1779 11037
1780 11043
1781 11049
1782 11055
1783 11061
1784 11067
1785 11073
1786 11079
1787 11085
1788 11091
1789 11097
1790 11103
1791 11109
1792 11115
1793 11121
1794 11127
1795 11133
1796 11139
1797 11145
1798 11151
1799 11157
1800 11163
1801 11169
1802 11175
1803 11181
1804 11187
1805 11193
1806 11199
1807 11205
1808 11211
1809 11217
1810 11223
1811 11229
1812 11235
1813 11241
1814 11247
1815 11253
1816 11259
1817 11265
1818 11271
1819 11277
1820 11283
1821 11289
1822 11295
1823 11301
1824 11307
1825 11313
1826 11319
1827 11325
1828 11331
1829 11337
1830 11343
1831 11349
1832 11355
1833 11361
1834 11367
1835 11373
1836 11379
1837 11385
1838 11391
1839 11397
1840 11403
1841 11409
1842 11415
1843 11421
1844 11427
1845 11433
1846 11439
1847 11445
1848 11451
1849 11457
1850 11463
1851 11469
1852 11475
1853 11481
1854 11487
1855 11493
1856 11499
1857 11505
1858 11511
1859 11517
1860 11523
1861 11529
1862 11535
1863 11541
1864 11547
1865 11553
1866 11559
1867 11565
1868 11571
1869 11577
1870 11583
1892 11589
1893 11595
1894 11601
1895 11607
1896 11613
1897 11619
1898 11625
1899 11631
1900 11637
1901 11643
1902 11649
1903 11655
1904 11661
1905 11667
1906 11673
1907 11679
1908 11685
1909 11691
1910 11697
1911 11703
1912 11709
1913 11715
1914 11721
1915 11727
1916 11733
1917 11739
1918 11745
1919 11751
1920 11757
1921 11763
1922 11769
1923 11775
1924 11781
1925 11787
1926 11793
1927 11799
1928 11805
1929 11811
1930 11817
1931 11823
1932 11829
1933 11835
1934 11841
1935 11847
1936 11853
1937 11859
1938 11865
1939 11871
1940 11877
1941 11883
1942 11889
1943 11895
1944 11901
1945 11907
1946 11913
1947 11919
1948 11925
1949 11931
1950 11937
1951 11943
1952 11949
1953 11955
1954 11961
1955 11967
1956 11973
1957 11979
1958 11985
1959 11991
1960 11997
1961 12003
1962 12009
1963 12015
1964 12021
1965 12027
1966 12033
1967 12039
1968 12045
1969 12051
1970 12057
1971 12063
1972 12069
1973 12075
1974 12081
1975 12087
1976 12093
1977 12099
1978 12105
1979 12111
1980 12117
1981 12123
1982 12129
1983 12135
1984 12141
1985 12147
1986 12153
1987 12159
1988 12165
1989 12171
1990 12177
1991 12183
1992 12189
1993 12195
1994 12201
1995 12207
1996 12213
1997 12219
1998 12225
1999 12231
2000 12237
2001 12243
2002 12249
2003 12255
2004 12261
2005 12267
2006 12273
2007 12279
2008 12285
2009 12291
2010 12297
2011 12303
2012 12309
2013 12315
2014 12321
2015 12327
2016 12333
2017 12339
2018 12345
2019 12351
2020 12357
2021 12363
2022 12369
2023 12375
2024 12381
2025 12387
2026 12393
2027 12399
2028 12405
2029 12411
2030 12417
2031 12423
2032 12429
2033 12435
2034 12441
2035 12447
2036 12453
2037 12459
2038 12465
2039 12471
2040 12477
2041 12483
2042 12489
2043 12495
2044 12501
2045 12507
2046 12513
2047 12519
2048 12525
2049 12531
2050 12537
2051 12543
2052 12549
2053 12555
2054 12561
2055 12567
2056 12573
2057 12579
2058 12585
2059 12591
2060 12597
2061 12603
2062 12609
2063 12615
2064 12621
2065 12627
2066 12633
2067 12639
2068 12645
2069 12651
2070 12657
2071 12663
2072 12669
2073 12675
2074 12681
2075 12687
2076 12693
2077 12699
2078 12705
2079 12711
2080 12717
2081 12723
2082 12729
2083 12735
2084 12741
2085 12747
2086 12753
2087 12759
2088 12765
2089 12771
2090 12777
2091 12783
2092 12789
2093 12795
2094 12801
2095 12807
2096 12810
2097 12815
2098 12821
2099 12827
2100 12833
2101 12839
2102 12845
2103 12851
2104 12857
2105 12863
2106 12869
2107 12875
2108 12881
2109 12887
2110 12893
2111 12899
2112 12905
2113 12908
2114 12914
2115 12920
2116 12926
2117 12932
2118 12938
2119 12944
2120 12950
2121 12956
2122 12962
2123 12968
2124 12974
2125 12980
2126 12986
2127 12992
2128 12998
2129 13004
2130 13010
2131 13016
2132 13022
2133 13028
2134 13034
2135 13040
2136 13046
2137 13052
2138 13058
2139 13064
2140 13070
2141 13076
2142 13082
2143 13088
2144 13094
2145 13100
2146 13106
2147 13112
2148 13118
2149 13124
2150 13130
2151 13136
2152 13142
2153 13148
2154 13154
2155 13160
2156 13166
2157 13172
2158 13178
2159 13184
2160 13190
2161 13196
2162 13202
2163 13208
2164 13214
2165 13220
2166 13226
2167 13232
2168 13238
2169 13244
2170 13250
2171 13256
2172 13262
2173 13268
2174 13274
2175 13280
2176 13286
2177 13292
2178 13298
2179 13304
2180 13310
2181 13316
2182 13322
2183 13328
2184 13334
2185 13340
2186 13346
2187 13352
2188 13358
2189 13364
2190 13370
2191 13376
2192 13382
2193 13388
2194 13394
2195 13400
2196 13406
2197 13412
2198 13418
2199 13424
2200 13430
2201 13436
2202 13442
2203 13448
2204 13454
2205 13460
2206 13466
2207 13472
2208 13478
2209 13484
2210 13490
2211 13496
2212 13502
2213 13508
2214 13514
2215 13520
2216 13526
2217 13532
2218 13538
2219 13544
2220 13550
2221 13556
2222 13562
2223 13568
2224 13574
2225 13580
2226 13586
2227 13592
2228 13598
2229 13604
2230 13610
2231 13616
2232 13622
2233 13628
2234 13634
2235 13640
2236 13646
2237 13652
2238 13658
2239 13664
2240 13670
2241 13676
2242 13682
2243 13688
2244 13694
2245 13700
2246 13706
2247 13712
2248 13718
2249 13724
2250 13730
2251 13736
2252 13742
2253 13748
2254 13754
2255 13760
2256 13766
2257 13772
2258 13778
2259 13784
2260 13790
2261 13796
2262 13802
2263 13808
2264 13814
2265 13820
2266 13826
2267 13832
2268 13838
2269 13844
2270 13850
2271 13856
2272 13862
2273 13868
2274 13874
2275 13880
2276 13886
2277 13892
2278 13898
2279 13904
2280 13910
2281 13916
2282 13922
2283 13928
2284 13934
2285 13940
2286 13946
2287 13952
2288 13958
2289 13964
2290 13967
2291 13973
2292 13979
2293 13985
2294 13988
2295 13994
2296 14000
2297 14006
2298 14012
2299 14018
2300 14024
2301 14027
2302 14033
2303 14039
2304 14045
2305 14051
2306 14057
2307 14063
2308 14069
2309 14075
2310 14081
2311 14087
2312 14093
2313 14099
2314 14105
2315 14111
2316 14117
2317 14122
2318 14123
2319 14124
2320 14125
2321 14126
2322 14130
2323 14136
2324 14139
2325 14145
2326 14151
2327 14157
2328 14163
2329 14169
2330 14175
2331 14181
2332 14187
2333 14193
2334 14199
2335 14205
2336 14211
2337 14217
2338 14223
2339 14229
2340 14235
2341 14241
2342 14247
2343 14253
2344 14259
2345 14265
2346 14271
2347 14277
2348 14283
2349 14289
2350 14295
2351 14301
2352 14307
2353 14313
2354 14319
2355 14325
2356 14331
2357 14337
2358 14343
2359 14349
2360 14355
2361 14361
2362 14367
2363 14373
2364 14379
2365 14385
2366 14391
2367 14397
2368 14403
2369 14409
2370 14415
2371 14421
2372 14427
2373 14433
2374 14439
2375 14445
2376 14451
2377 14457
2378 14463
2379 14469
2380 14475
2381 14481
2382 14487
2383 14493
2384 14499
2385 14505
2386 14511
2387 14517
2388 14523
2389 14529
2390 14535
2391 14541
2392 14547
2393 14553
2394 14559
2395 14565
2396 14571
2397 14577
2398 14583
2399 14589
2400 14595
2401 14601
2402 14607
2403 14613
2404 14619
2405 14625
2406 14631
2407 14637
2408 14643
2409 14649
2410 14655
2411 14661
2412 14667
2413 14673
2414 14679
2415 14685
2416 14691
2417 14697
2418 14703
2419 14709
2420 14715
2421 14721
2422 14727
2423 14733
2424 14739
2425 14745
2426 14751
2427 14757
2428 14763
2429 14769
2430 14775
2431 14781
2432 14787
2433 14793
2434 14799
2435 14805
2436 14811
2437 14817
2438 14823
2439 14829
2440 14835
2441 14841
2442 14847
2443 14853
2444 14859
2445 14865
2446 14871
2447 14877
2448 14883
2449 14889
2450 14895
2451 14901
2452 14907
2453 14913
2454 14919
2455 14925
2456 14931
2457 14937
2458 14943
2459 14949
2460 14955
2461 14961
2462 14967
2463 14973
2464 14979
2465 14985
2466 14991
2467 14997
2468 15003
2469 15009
2470 15015
2471 15021
2472 15027
2473 15033
2474 15039
2475 15045
2476 15051
2477 15057
2478 15063
2479 15069
2480 15075
2481 15081
2482 15087
2483 15093
2484 15099
2485 15105
2486 15111
2487 15117
2488 15123
2489 15129
2490 15135
2491 15141
2492 15147
2493 15153
2494 15159
2495 15165
2496 15171
2497 15177
2498 15183
2499 15189
2500 15195
2501 15201
2502 15207
2503 15213
2504 15219
2505 15225
2506 15231
2507 15237
2508 15243
2509 15249
2510 15255
2511 15261
2512 15267
2513 15273
2514 15279
2515 15285
2516 15291
2517 15297
2518 15303
2519 15309
2520 15315
2521 15321
2522 15327
2523 15333
2524 15339
2525 15345
2526 15351
2527 15357
2528 15363
2529 15369
2530 15375
2531 15381
2532 15387
2533 15393
2534 15399
2535 15405
2536 15411
2537 15417
2538 15423
2539 15429
2540 15435
2541 15441
2542 15447
2543 15453
2544 15459
2545 15465
2546 15471
2547 15477
2548 15483
2549 15489
2550 15495
2551 15501
2552 15507
2553 15513
2554 15519
2555 15525
2556 15531
2557 15537
2558 15543
2559 15549
2560 15555
2561 15561
2562 15567
2563 15573
2564 15579
2565 15585
2566 15591
2567 15597
2568 15603
2569 15609
2570 15615
2571 15621
2572 15627
2573 15633
2574 15639
2575 15645
2576 15651
2577 15657
2578 15663
2579 15669
2580 15675
2581 15681
2582 15687
2583 15693
2584 15699
2585 15705
2586 15711
2587 15717
2588 15723
2589 15729
2590 15735
2591 15741
2592 15747
2593 15753
2594 15759
2595 15765
2596 15771
2597 15777
2598 15783
2599 15789
2600 15795
2601 15801
2602 15807
2603 15813
2604 15819
2605 15825
2606 15831
2607 15837
2608 15843
2609 15849
2610 15855
2611 15861
2612 15867
2613 15873
2614 15879
2615 15885
2616 15891
2617 15897
2618 15903
2619 15909
2620 15915
2621 15921
2622 15927
2623 15933
2624 15939
2625 15945
2626 15951
2627 15957
2628 15963
2629 15969
2630 15975
2631 15981
2632 15987
2633 15993
2634 15999
2635 16005
2636 16011
2637 16017
2638 16023
2639 16029
2640 16035
2641 16041
2642 16047
2643 16053
2644 16059
2645 16065
2646 16071
2647 16077
2648 16083
2649 16089
2650 16095
2651 16101
2652 16107
2653 16113
2654 16119
2655 16125
2656 16131
2657 16137
2658 16143
2659 16149
2660 16155
2661 16161
2662 16167
2663 16173
2664 16179
2665 16185
2666 16191
2667 16197
2668 16203
2669 16209
2670 16215
2671 16221
2672 16227
2673 16233
2674 16239
2675 16245
2676 16251
2677 16257
2678 16263
2679 16269
2680 16275
2681 16281
2682 16287
2683 16293
2684 16299
2685 16305
2686 16311
2687 16317
2688 16323
2689 16329
2690 16335
2691 16341
2692 16347
2693 16353
2694 16359
2695 16365
2696 16371
2697 16377
2698 16383
2699 16389
2700 16395
2701 16401
2702 16407
2703 16413
2704 16419
2705 16425
2706 16431
2707 16437
2708 16443
2709 16449
2710 16455
2711 16461
2712 16467
2713 16473
2714 16479
2715 16485
2716 16491
2717 16497
2718 16503
2719 16509
2720 16515
2721 16521
2722 16527
2723 16533
2724 16539
