0 1105
1 1111
2 1117
3 1123
4 1129
5 1135
6 1141
7 1147
8 1153
9 1159
10 1165
11 1171
12 1177
13 1183
14 1189
15 1195
16 1201
17 1207
18 1213
19 1219
20 1225
21 1231
22 1237
23 1243
24 1249
25 1255
26 1261
27 1267
28 1273
29 1279
30 1285
31 1291
32 1297
33 1303
34 1309
35 1315
36 1321
37 1327
38 1333
39 1339
40 1345
41 1351
42 1357
43 1363
44 1369
45 1375
46 1381
47 1387
48 1393
49 1399
50 1405
51 1411
52 1417
53 1423
54 1429
55 1435
56 1441
57 1447
58 1453
59 1459
60 1465
61 1471
62 1477
63 1483
64 1489
65 1495
66 1501
67 1507
68 1513
69 1519
70 1525
71 1531
72 1537
73 1543
74 1549
75 1555
76 1561
77 1567
78 1573
79 1579
80 1585
81 1591
82 1597
83 1603
84 1609
85 1615
86 1621
87 1627
88 1633
89 1639
90 1645
91 1651
92 1657
93 1663
94 1669
95 1675
96 1681
97 1687
98 1693
99 1699
100 1705
101 1711
102 1717
103 1723
104 1729
105 1735
106 1741
107 1747
108 1753
109 1759
110 1765
111 1771
112 1777
113 1783
114 1789
115 1795
116 1801
117 1807
118 1813
119 1819
120 1825
121 1831
122 1837
123 1843
124 1849
125 1855
126 1861
127 1867
128 1873
129 1879
130 1885
131 1891
132 1897
133 1903
134 1909
135 1915
136 1921
137 1927
138 1933
139 1939
140 1945
141 1951
142 1957
143 1963
144 1969
145 1975
146 1981
147 1987
148 1993
149 1999
150 2005
151 2011
152 2017
153 2023
154 2029
155 2035
156 2041
157 2047
158 2053
159 2059
160 2065
161 2071
162 2077
163 2083
164 2089
165 2095
166 2101
167 2107
168 2113
169 2119
170 2125
171 2131
172 2137
173 2143
174 2149
175 2155
176 2161
177 2167
178 2173
179 2179
180 2185
181 2191
182 2197
183 2203
184 2209
185 2215
186 2221
187 2227
188 2233
189 2239
190 2245
191 2251
192 2257
193 2263
194 2269
195 2275
196 2281
197 2287
198 2293
199 2299
200 2305
201 2311
202 2317
203 2323
204 2329
205 2335
206 2341
207 2347
208 2353
209 2359
210 2365
211 2371
212 2377
213 2383
214 2389
215 2395
216 2401
217 2407
218 2413
219 2419
220 2425
221 2431
222 2437
223 2443
224 2449
225 2455
226 2461
227 2467
228 2473
229 2479
230 2485
231 2491
232 2497
233 2503
234 2509
235 2515
236 2521
237 2527
238 2533
239 2539
240 2545
241 2551
242 2557
243 2563
244 2569
245 2575
246 2581
247 2587
248 2593
249 2599
250 2605
251 2611
252 2617
253 2623
254 2629
255 2635
256 2641
257 2647
258 2653
259 2659
260 2665
261 2671
262 2677
263 2683
264 2689
265 2695
266 2701
267 2707
268 2713
269 2719
270 2725
271 2731
272 2737
273 2743
274 2749
275 2755
276 2761
277 2767
278 2773
279 2779
280 2785
281 2791
282 2797
283 2803
284 2809
285 2815
286 2821
287 2827
288 2833
289 2839
290 2845
291 2851
292 2857
293 2863
294 2869
295 2875
296 2881
297 2887
298 2893
299 2899
300 2905
301 2911
302 2917
303 2923
304 2929
305 2935
306 2941
307 2947
308 2953
309 2959
310 2965
311 2971
312 2977
313 2983
314 2989
315 2995
316 3001
317 3007
318 3013
319 3019
320 3025
321 3031
322 3037
323 3043
324 3049
325 3055
326 3061
327 3067
328 3073
329 3079
330 3085
331 3091
332 3097
333 3103
334 3109
335 3115
336 3121
337 3127
338 3133
339 3139
340 3145
341 3151
342 3157
343 3163
344 3169
345 3175
346 3181
347 3187
348 3193
349 3199
350 3205
351 3211
352 3217
353 3223
354 3229
355 3235
356 3241
357 3247
358 3253
359 3259
360 3265
361 3271
362 3277
363 3283
364 3289
365 3295
366 3301
367 3307
368 3313
369 3319
370 3325
371 3331
372 3337
373 3343
374 3349
375 3355
376 3361
377 3367
378 3373
379 3379
380 3385
381 3391
382 3397
383 3403
384 3409
385 3415
386 3421
387 3427
388 3433
389 3439
390 3445
391 3451
392 3457
393 3463
394 3469
395 3475
396 3481
397 3487
398 3493
399 3499
400 3505
401 3511
402 3517
403 3523
404 3529
405 3535
406 3541
407 3547
408 3553
409 3559
410 3565
411 3571
412 3577
413 3583
414 3589
415 3595
416 3601
417 3607
418 3613
419 3619
420 3625
421 3631
422 3637
423 3643
424 3649
425 3655
426 3661
427 3667
428 3673
429 3679
430 3685
431 3691
432 3697
433 3703
434 3709
435 3715
436 3721
437 3727
438 3733
439 3739
440 3745
441 3751
442 3757
443 3763
444 3769
445 3775
446 3781
447 3787
448 3793
449 3799
450 3805
451 3811
452 3817
453 3823
454 3829
455 3835
456 3841
457 3847
458 3853
459 3859
460 3865
461 3871
462 3877
463 3883
464 3889
465 3895
466 3901
467 3907
468 3913
469 3919
470 3925
471 3931
472 3937
473 3943
474 3949
475 3955
476 3961
477 3967
478 3973
479 3979
480 3985
481 3991
482 3997
483 4003
484 4009
485 4015
486 4021
487 4027
488 4033
489 4039
490 4045
491 4051
492 4057
493 4063
494 4069
495 4075
496 4081
497 4087
498 4093
499 4099
500 4105
501 4111
502 4117
503 4123
504 4129
505 4135
506 4141
507 4147
508 4153
509 4159
510 4165
511 4171
512 4177
513 4183
514 4189
515 4195
516 4201
517 4207
518 4213
519 4219
520 4225
521 4231
522 4237
523 4243
524 4249
525 4255
526 4261
527 4267
528 4273
529 4279
530 4285
531 4291
532 4297
533 4303
534 4309
535 4315
536 4321
537 4327
538 4333
539 4339
540 4345
541 4351
542 4357
543 4363
544 4369
545 4375
546 4381
547 4387
548 4393
549 4399
550 4405
551 4411
552 4417
553 4423
554 4429
555 4435
556 4441
557 4447
558 4453
559 4459
560 4465
561 4471
562 4477
563 4483
564 4489
565 4495
566 4501
567 4507
568 4513
569 4519
570 4525
571 4531
572 4537
573 4543
574 4549
575 4555
576 4561
577 4567
578 4573
579 4579
580 4585
581 4591
582 4597
583 4603
584 4609
585 4615
586 4621
587 4627
588 4633
589 4639
590 4645
591 4651
592 4657
593 4663
594 4669
595 4675
596 4681
597 4687
598 4693
599 4699
600 4705
601 4711
602 4717
603 4723
604 4729
605 4735
606 4741
607 4747
608 4753
609 4759
610 4765
611 4771
612 4777
613 4783
614 4789
615 4795
616 4801
617 4807
618 4813
619 4819
620 4825
621 4831
622 4837
623 4843
624 4849
625 4855
626 4856
627 4862
628 4868
629 4874
635 4877
636 4881
637 4884
638 4890
639 4895
640 4901
641 4904
642 4907
643 4913
644 4919
645 4925
646 4931
647 4937
648 4943
649 4949
650 4955
651 4961
652 4967
653 4973
654 4979
655 4985
656 4991
657 4997
658 5003
659 5009
660 5015
661 5021
662 5027
663 5033
664 5039
665 5045
666 5051
667 5057
668 5063
669 5069
670 5075
671 5081
672 5087
673 5093
674 5099
675 5105
676 5111
677 5117
678 5123
679 5129
680 5135
681 5141
682 5147
683 5153
684 5159
685 5165
686 5171
687 5177
688 5183
689 5189
690 5195
691 5201
692 5207
693 5213
694 5219
695 5225
696 5231
697 5237
698 5243
699 5249
700 5255
701 5261
702 5267
703 5273
704 5279
705 5285
706 5291
707 5297
708 5303
709 5309
710 5315
711 5321
712 5327
713 5333
714 5339
715 5345
716 5351
717 5357
718 5363
719 5369
720 5375
721 5381
722 5387
723 5393
724 5399
725 5405
726 5411
727 5417
728 5423
729 5429
730 5435
731 5441
732 5447
733 5453
734 5459
735 5465
736 5471
737 5477
738 5483
739 5489
740 5495
741 5501
742 5507
743 5513
744 5519
745 5525
746 5531
747 5537
748 5543
749 5549
750 5555
751 5561
752 5567
753 5573
754 5579
755 5585
756 5591
757 5597
758 5603
759 5609
760 5615
761 5621
762 5627
763 5633
764 5639
765 5645
766 5651
767 5657
768 5663
769 5669
770 5675
771 5681
772 5687
773 5693
774 5699
777 5704
780 5705
781 5710
783 5714
784 5719
785 5725
786 5731
787 5737
788 5743
789 5749
790 5755
791 5761
792 5767
793 5773
794 5779
795 5785
796 5791
797 5797
798 5803
799 5809
800 5815
801 5821
802 5827
803 5833
804 5839
805 5842
806 5848
807 5854
808 5860
809 5866
810 5872
811 5878
812 5884
813 5890
814 5896
815 5902
816 5908
817 5914
818 5920
819 5926
820 5932
821 5938
822 5944
823 5950
824 5956
825 5962
826 5968
827 5974
828 5980
829 5986
830 5992
831 5998
832 6004
833 6010
834 6016
835 6022
836 6028
837 6034
838 6040
839 6046
840 6052
841 6058
842 6064
843 6070
844 6076
845 6082
846 6088
847 6094
848 6100
849 6106
850 6112
851 6118
852 6124
853 6130
854 6136
855 6142
856 6148
857 6154
858 6160
859 6166
860 6172
861 6178
862 6184
863 6190
864 6196
865 6202
866 6208
867 6214
868 6220
869 6226
870 6232
871 6238
872 6244
873 6250
874 6256
875 6262
876 6268
877 6274
878 6280
879 6286
880 6292
881 6298
882 6304
883 6310
884 6316
885 6322
886 6328
887 6334
888 6340
889 6346
890 6352
891 6358
892 6364
893 6370
894 6376
895 6382
896 6388
897 6394
898 6400
899 6406
900 6412
901 6418
902 6424
903 6430
904 6436
905 6442
906 6448
907 6454
908 6460
909 6466
910 6472
911 6478
912 6484
913 6490
914 6496
915 6502
916 6508
917 6514
918 6520
919 6526
920 6532
921 6538
922 6544
923 6550
924 6556
925 6562
926 6567
927 6569
928 6575
929 6581
930 6587
931 6593
933 6600
934 6606
935 6612
936 6618
937 6624
938 6630
939 6636
940 6642
941 6648
942 6654
943 6660
944 6666
945 6672
946 6678
947 6684
948 6691
949 6697
950 6703
951 6709
952 6715
953 6721
954 6727
955 6733
956 6738
957 6744
958 6750
959 6756
960 6762
961 6768
962 6774
963 6780
964 6786
965 6792
966 6798
967 6804
968 6810
969 6816
970 6822
971 6828
972 6834
973 6840
974 6846
975 6852
976 6858
977 6864
978 6870
979 6876
980 6882
981 6888
982 6894
983 6900
984 6906
985 6912
986 6918
987 6924
988 6930
989 6936
990 6942
991 6948
992 6954
993 6960
994 6966
995 6972
996 6978
997 6985
998 6991
999 6997
1000 7003
1001 7009
1002 7015
1003 7021
1004 7027
1005 7033
1006 7039
1007 7045
1008 7051
1009 7057
1010 7063
1011 7069
1012 7075
1013 7080
1014 7086
1015 7092
1016 7098
1017 7104
1018 7110
1019 7116
1020 7122
1021 7128
1022 7134
1023 7140
1024 7146
1025 7152
1026 7158
1027 7164
1028 7170
1029 7176
1030 7182
1031 7188
1032 7194
1033 7200
1034 7206
1035 7212
1036 7218
1037 7224
1038 7230
1039 7236
1040 7242
1041 7248
1042 7254
1043 7260
1044 7266
1045 7272
1046 7278
1047 7284
1048 7290
1049 7296
1050 7302
1051 7308
1052 7314
1053 7320
1054 7326
1055 7332
1056 7338
1057 7344
1058 7350
1059 7356
1060 7362
1061 7368
1062 7374
1063 7380
1064 7386
1065 7392
1066 7398
1067 7404
1068 7410
1069 7416
1070 7422
1071 7428
1072 7434
1073 7440
1074 7446
1075 7452
1076 7458
1077 7464
1078 7470
1079 7476
1080 7482
1081 7488
1082 7494
1083 7500
1084 7506
1085 7512
1086 7518
1087 7524
1088 7530
1089 7536
1090 7542
1091 7548
1092 7554
1093 7560
1094 7566
1095 7572
1096 7578
1097 7584
1098 7590
1099 7596
1100 7602
1101 7608
1102 7614
1103 7620
1104 7626
1105 7632
1106 7638
1107 7644
1124 7645
1125 7649
1126 7655
1127 7661
1128 7667
1129 7673
1130 7679
1131 7685
1132 7691
1133 7697
1134 7703
1135 7706
1136 7712
1137 7718
1138 7724
1139 7730
1140 7736
1141 7742
1142 7748
1143 7754
1144 7761
1145 7767
1146 7773
1147 7779
1148 7785
1149 7791
1150 7797
1151 7803
1152 7809
1153 7815
1154 7821
1155 7827
1156 7833
1157 7839
1158 7845
1159 7851
1160 7857
1161 7863
1162 7869
1163 7875
1164 7881
1165 7887
1166 7893
1167 7899
1168 7905
1169 7911
1170 7917
1171 7923
1172 7929
1173 7935
1174 7941
1175 7947
1176 7953
1177 7958
1178 7964
1179 7970
1180 7976
1181 7982
1182 7988
1183 7994
1184 8000
1185 8007
1186 8013
1187 8019
1188 8025
1189 8031
1190 8037
1191 8043
1192 8049
1193 8055
1194 8061
1195 8067
1196 8073
1197 8079
1198 8085
1199 8091
1200 8097
1201 8102
1202 8108
1203 8114
1204 8120
1205 8126
1206 8132
1207 8138
1208 8144
1209 8150
1210 8156
1211 8162
1212 8168
1213 8174
1214 8180
1215 8186
1216 8192
1217 8198
1218 8204
1219 8210
1220 8216
1221 8222
1222 8228
1223 8234
1224 8240
1225 8246
1226 8253
1227 8259
1228 8265
1229 8271
1230 8277
1231 8283
1232 8289
1233 8295
1234 8300
1235 8306
1236 8312
1237 8318
1238 8324
1239 8330
1240 8336
1241 8342
1242 8348
1243 8354
1244 8360
1245 8366
1246 8372
1247 8378
1248 8384
1249 8390
1250 8396
1251 8402
1252 8408
1253 8414
1254 8420
1255 8426
1256 8432
1257 8438
1258 8444
1259 8450
1260 8455
1261 8459
1262 8465
1263 8471
1264 8477
1265 8483
1266 8489
1267 8495
1268 8501
1269 8507
1270 8513
1271 8519
1272 8525
1273 8531
1274 8537
1275 8543
1276 8549
1277 8555
1278 8561
1279 8567
1280 8573
1281 8579
1282 8585
1283 8592
1284 8598
1285 8604
1286 8610
1287 8616
1288 8622
1289 8628
1290 8634
1291 8640
1292 8646
1293 8652
1294 8658
1295 8664
1296 8670
1297 8676
1298 8682
1299 8687
1300 8693
1301 8699
1302 8705
1303 8711
1304 8717
1305 8723
1306 8729
1307 8735
1308 8742
1309 8748
1310 8754
1311 8760
1312 8766
1313 8772
1314 8778
1315 8784
1316 8790
1317 8796
1318 8802
1319 8808
1320 8814
1321 8820
1322 8826
1323 8832
1324 8838
1325 8844
1326 8850
1327 8856
1328 8862
1329 8868
1330 8874
1331 8880
1332 8886
1333 8892
1334 8898
1335 8904
1336 8910
1337 8916
1338 8922
1339 8928
1340 8934
1341 8940
1342 8946
1343 8952
1344 8958
1345 8964
1346 8970
1347 8976
1348 8982
1349 8988
1350 8994
1351 9000
1352 9006
1353 9012
1354 9018
1355 9024
1356 9030
1357 9036
1358 9042
1359 9048
1360 9054
1361 9060
1362 9066
1363 9072
1364 9078
1365 9084
1366 9090
1367 9096
1368 9102
1369 9108
1370 9114
1371 9120
1372 9126
1373 9132
1374 9138
1375 9144
1376 9150
1377 9156
1378 9162
1379 9168
1380 9174
1381 9180
1382 9186
1383 9192
1384 9198
1385 9204
1386 9210
1387 9216
1388 9222
1389 9228
1390 9234
1391 9240
1392 9246
1393 9252
1394 9258
1395 9264
1396 9270
1397 9276
1398 9282
1399 9288
1400 9294
1401 9300
1402 9306
1403 9312
1404 9318
1405 9324
1406 9330
1407 9336
1408 9342
1409 9348
1410 9354
1411 9360
1412 9366
1413 9372
1414 9378
1415 9384
1416 9390
1417 9396
1418 9402
1419 9408
1420 9414
1421 9420
1422 9426
1423 9432
1424 9438
1425 9444
1426 9450
1427 9456
1428 9462
1429 9468
1430 9474
1431 9480
1432 9486
1433 9492
1434 9498
1435 9504
1436 9510
1437 9516
1438 9522
1439 9527
1440 9531
1441 9537
1442 9543
1443 9549
1444 9555
1445 9561
1446 9567
1447 9573
1448 9579
1449 9585
1450 9591
1451 9597
1452 9603
1453 9609
1454 9615
1455 9621
1456 9627
1457 9633
1458 9639
1459 9645
1460 9651
1461 9657
1462 9663
1463 9669
1464 9675
1465 9681
1466 9687
1467 9693
1468 9699
1469 9705
1470 9711
1471 9717
1472 9723
1473 9729
1474 9735
1475 9741
1476 9747
1477 9753
1478 9759
1479 9765
1480 9771
1481 9777
1482 9783
1483 9789
1484 9795
1485 9801
1486 9807
1487 9813
1488 9819
1489 9825
1490 9831
1491 9837
1492 9843
1493 9849
1494 9855
1495 9861
1496 9867
1497 9873
1498 9879
1499 9885
1500 9891
1501 9897
1502 9903
1503 9909
1504 9915
1505 9921
1506 9927
1507 9933
1508 9939
1509 9945
1510 9951
1511 9957
1512 9962
1513 9968
1514 9974
1515 9980
1516 9986
1517 9992
1518 9998
1519 10004
1520 10011
1521 10017
1522 10023
1523 10029
1524 10035
1525 10041
1526 10047
1527 10053
1528 10059
1529 10065
1530 10071
1531 10077
1532 10083
1533 10089
1534 10095
1535 10101
1536 10106
1537 10112
1538 10118
1539 10124
1540 10130
1541 10136
1542 10142
1543 10148
1544 10155
1545 10161
1546 10167
1547 10173
1548 10179
1549 10185
1550 10191
1551 10197
1552 10203
1553 10209
1554 10215
1555 10221
1556 10227
1557 10233
1558 10239
1559 10245
1560 10251
1561 10257
1562 10263
1563 10269
1564 10275
1565 10281
1566 10287
1567 10293
1568 10299
1569 10305
1570 10311
1571 10317
1572 10323
1573 10329
1574 10335
1575 10341
1576 10347
1577 10353
1578 10359
1579 10365
1580 10371
1581 10377
1582 10383
1583 10389
1584 10395
1585 10401
1586 10407
1587 10413
1588 10419
1589 10425
1590 10431
1591 10437
1592 10443
1593 10449
1594 10455
1595 10461
1596 10467
1597 10473
1598 10479
1599 10485
1600 10491
1601 10497
1602 10503
1603 10509
1604 10515
1605 10521
1606 10527
1607 10533
1608 10539
1609 10545
1610 10551
1611 10557
1612 10563
1613 10569
1614 10575
1615 10581
1616 10587
1617 10593
1618 10599
1619 10605
1620 10611
1621 10617
1622 10623
1623 10629
1624 10635
1625 10641
1626 10647
1627 10653
1628 10659
1629 10665
1630 10671
1631 10677
1632 10683
1633 10689
1634 10695
1635 10701
1636 10707
1637 10713
1638 10719
1639 10725
1640 10731
1641 10737
1642 10743
1643 10749
1644 10755
1645 10761
1646 10767
1647 10773
1648 10779
1649 10785
1650 10791
1651 10797
1652 10803
1653 10809
1654 10815
1655 10821
1656 10827
1657 10833
1658 10839
1659 10845
1660 10851
1661 10857
1662 10863
1663 10869
1664 10875
1665 10881
1666 10887
1667 10893
1668 10899
1669 10905
1670 10911
1671 10917
1672 10923
1673 10929
1674 10935
1675 10941
1676 10947
1677 10953
1678 10959
1679 10965
1680 10971
1681 10977
1682 10983
1683 10989
1684 10995
1685 11001
1686 11007
1687 11013
1688 11019
1689 11025
1690 11031
1691 11037
1692 11043
1693 11049
1694 11055
1695 11061
1696 11067
1697 11073
1698 11079
1699 11085
1700 11091
1701 11097
1702 11103
1703 11109
1704 11115
1705 11121
1706 11127
1707 11133
1708 11139
1709 11145
1710 11151
1711 11157
1712 11163
1713 11169
1714 11175
1715 11181
1716 11187
1717 11193
1718 11199
1719 11205
1720 11211
1721 11217
1722 11223
1723 11229
1724 11235
1725 11241
1726 11247
1727 11253
1728 11259
1729 11265
1730 11271
1731 11277
1732 11283
1733 11289
1734 11295
1735 11301
1736 11307
1737 11313
1738 11319
1739 11325
1740 11331
1741 11337
1742 11343
1743 11349
1744 11355
1745 11361
1746 11367
1747 11373
1748 11379
1749 11385
1750 11391
1751 11397
1752 11403
1753 11409
1754 11415
1755 11421
1756 11427
1757 11433
1758 11439
1759 11445
1760 11451
1761 11457
1762 11463
1763 11469
1764 11475
1765 11481
1766 11487
1767 11493
1768 11499
1769 11505
1770 11511
1771 11517
1772 11523
1773 11529
1774 11535
1775 11541
1776 11547
1777 11553
1778 11559
1779 11565
1780 11571
1781 11577
1782 11583
1804 11589
1805 11595
1806 11601
1807 11607
1808 11613
1809 11619
1810 11625
1811 11631
1812 11637
1813 11643
1814 11649
1815 11655
1816 11661
1817 11667
1818 11673
1819 11679
1820 11685
1821 11691
1822 11697
1823 11703
1824 11709
1825 11715
1826 11721
1827 11727
1828 11733
1829 11739
1830 11745
1831 11751
1832 11757
1833 11763
1834 11769
1835 11775
1836 11781
1837 11787
1838 11793
1839 11799
1840 11805
1841 11811
1842 11817
1843 11823
1844 11829
1845 11835
1846 11841
1847 11847
1848 11853
1849 11859
1850 11865
1851 11871
1852 11877
1853 11883
1854 11889
1855 11895
1856 11901
1857 11907
1858 11913
1859 11919
1860 11925
1861 11931
1862 11937
1863 11943
1864 11949
1865 11955
1866 11961
1867 11967
1868 11973
1869 11979
1870 11985
1871 11991
1872 11997
1873 12003
1874 12009
1875 12015
1876 12021
1877 12027
1878 12033
1879 12039
1880 12045
1881 12051
1882 12057
1883 12063
1884 12069
1885 12075
1886 12081
1887 12087
1888 12093
1889 12099
1890 12105
1891 12111
1892 12117
1893 12123
1894 12129
1895 12135
1896 12141
1897 12147
1898 12153
1899 12159
1900 12165
1901 12171
1902 12177
1903 12183
1904 12189
1905 12195
1906 12201
1907 12207
1908 12213
1909 12219
1910 12225
1911 12231
1912 12237
1913 12243
1914 12249
1915 12255
1916 12261
1917 12267
1918 12273
1919 12279
1920 12285
1921 12291
1922 12297
1923 12303
1924 12309
1925 12315
1926 12321
1927 12327
1928 12333
1929 12339
1930 12345
1931 12351
1932 12357
1933 12363
1934 12369
1935 12375
1936 12381
1937 12387
1938 12393
1939 12399
1940 12405
1941 12411
1942 12417
1943 12423
1944 12429
1945 12435
1946 12441
1947 12447
1948 12453
1949 12459
1950 12465
1951 12471
1952 12477
1953 12483
1954 12489
1955 12495
1956 12501
1957 12507
1958 12513
1959 12519
1960 12525
1961 12531
1962 12537
1963 12543
1964 12549
1965 12555
1966 12561
1967 12567
1968 12573
1969 12579
1970 12585
1971 12591
1972 12597
1973 12603
1974 12609
1975 12615
1976 12621
1977 12627
1978 12633
1979 12639
1980 12645
1981 12651
1982 12657
1983 12663
1984 12669
1985 12675
1986 12681
1987 12687
1988 12693
1989 12699
1990 12705
1991 12711
1992 12717
1993 12723
1994 12729
1995 12735
1996 12741
1997 12747
1998 12753
1999 12759
2000 12765
2001 12771
2002 12777
2003 12783
2004 12789
2005 12795
2006 12801
2007 12807
2008 12810
2009 12815
2010 12821
2011 12827
2012 12833
2013 12839
2014 12845
2015 12851
2016 12857
2017 12863
2018 12869
2019 12875
2020 12881
2021 12887
2022 12893
2023 12899
2024 12905
2025 12908
2026 12914
2027 12920
2028 12926
2029 12932
2030 12938
2031 12944
2032 12950
2033 12956
2034 12962
2035 12968
2036 12974
2037 12980
2038 12986
2039 12992
2040 12998
2041 13004
2042 13010
2043 13016
2044 13022
2045 13028
2046 13034
2047 13040
2048 13046
2049 13052
2050 13058
2051 13064
2052 13070
2053 13076
2054 13082
2055 13088
2056 13094
2057 13100
2058 13106
2059 13112
2060 13118
2061 13124
2062 13130
2063 13136
2064 13142
2065 13148
2066 13154
2067 13160
2068 13166
2069 13172
2070 13178
2071 13184
2072 13190
2073 13196
2074 13202
2075 13208
2076 13214
2077 13220
2078 13226
2079 13232
2080 13238
2081 13244
2082 13250
2083 13256
2084 13262
2085 13268
2086 13274
2087 13280
2088 13286
2089 13292
2090 13298
2091 13304
2092 13310
2093 13316
2094 13322
2095 13328
2096 13334
2097 13340
2098 13346
2099 13352
2100 13358
2101 13364
2102 13370
2103 13376
2104 13382
2105 13388
2106 13394
2107 13400
2108 13406
2109 13412
2110 13418
2111 13424
2112 13430
2113 13436
2114 13442
2115 13448
2116 13454
2117 13460
2118 13466
2119 13472
2120 13478
2121 13484
2122 13490
2123 13496
2124 13502
2125 13508
2126 13514
2127 13520
2128 13526
2129 13532
2130 13538
2131 13544
2132 13550
2133 13556
2134 13562
2135 13568
2136 13574
2137 13580
2138 13586
2139 13592
2140 13598
2141 13604
2142 13610
2143 13616
2144 13622
2145 13628
2146 13634
2147 13640
2148 13646
2149 13652
2150 13658
2151 13664
2152 13670
2153 13676
2154 13682
2155 13688
2156 13694
2157 13700
2158 13706
2159 13712
2160 13718
2161 13724
2162 13730
2163 13736
2164 13742
2165 13748
2166 13754
2167 13760
2168 13766
2169 13772
2170 13778
2171 13784
2172 13790
2173 13796
2174 13802
2175 13808
2176 13814
2177 13820
2178 13826
2179 13832
2180 13838
2181 13844
2182 13850
2183 13856
2184 13862
2185 13868
2186 13874
2187 13880
2188 13886
2189 13892
2190 13898
2191 13904
2192 13910
2193 13916
2194 13922
2195 13928
2196 13934
2197 13940
2198 13946
2199 13952
2200 13958
2201 13964
2202 13967
2203 13973
2204 13979
2205 13985
2206 13988
2207 13994
2208 14000
2209 14006
2210 14012
2211 14018
2212 14024
2213 14027
2214 14033
2215 14039
2216 14045
2217 14051
2218 14057
2219 14063
2220 14069
2221 14075
2222 14081
2223 14087
2224 14093
2225 14099
2226 14105
2227 14111
2228 14117
2229 14122
2230 14123
2231 14124
2232 14125
2233 14126
2234 14130
2235 14136
2236 14139
2237 14145
2238 14151
2239 14157
2240 14163
2241 14169
2242 14175
2243 14181
2244 14187
2245 14193
2246 14199
2247 14205
2248 14211
2249 14217
2250 14223
2251 14229
2252 14235
2253 14241
2254 14247
2255 14253
2256 14259
2257 14265
2258 14271
2259 14277
2260 14283
2261 14289
2262 14295
2263 14301
2264 14307
2265 14313
2266 14319
2267 14325
2268 14331
2269 14337
2270 14343
2271 14349
2272 14355
2273 14361
2274 14367
2275 14373
2276 14379
2277 14385
2278 14391
2279 14397
2280 14403
2281 14409
2282 14415
2283 14421
2284 14427
2285 14433
2286 14439
2287 14445
2288 14451
2289 14457
2290 14463
2291 14469
2292 14475
2293 14481
2294 14487
2295 14493
2296 14499
2297 14505
2298 14511
2299 14517
2300 14523
2301 14529
2302 14535
2303 14541
2304 14547
2305 14553
2306 14559
2307 14565
2308 14571
2309 14577
2310 14583
2311 14589
2312 14595
2313 14601
2314 14607
2315 14613
2316 14619
2317 14625
2318 14631
2319 14637
2320 14643
2321 14649
2322 14655
2323 14661
2324 14667
2325 14673
2326 14679
2327 14685
2328 14691
2329 14697
2330 14703
2331 14709
2332 14715
2333 14721
2334 14727
2335 14733
2336 14739
2337 14745
2338 14751
2339 14757
2340 14763
2341 14769
2342 14775
2343 14781
2344 14787
2345 14793
2346 14799
2347 14805
2348 14811
2349 14817
2350 14823
2351 14829
2352 14835
2353 14841
2354 14847
2355 14853
2356 14859
2357 14865
2358 14871
2359 14877
2360 14883
2361 14889
2362 14895
2363 14901
2364 14907
2365 14913
2366 14919
2367 14925
2368 14931
2369 14937
2370 14943
2371 14949
2372 14955
2373 14961
2374 14967
2375 14973
2376 14979
2377 14985
2378 14991
2379 14997
2380 15003
2381 15009
2382 15015
2383 15021
2384 15027
2385 15033
2386 15039
2387 15045
2388 15051
2389 15057
2390 15063
2391 15069
2392 15075
2393 15081
2394 15087
2395 15093
2396 15099
2397 15105
2398 15111
2399 15117
2400 15123
2401 15129
2402 15135
2403 15141
2404 15147
2405 15153
2406 15159
2407 15165
2408 15171
2409 15177
2410 15183
2411 15189
2412 15195
2413 15201
2414 15207
2415 15213
2416 15219
2417 15225
2418 15231
2419 15237
2420 15243
2421 15249
2422 15255
2423 15261
2424 15267
2425 15273
2426 15279
2427 15285
2428 15291
2429 15297
2430 15303
2431 15309
2432 15315
2433 15321
2434 15327
2435 15333
2436 15339
2437 15345
2438 15351
2439 15357
2440 15363
2441 15369
2442 15375
2443 15381
2444 15387
2445 15393
2446 15399
2447 15405
2448 15411
2449 15417
2450 15423
2451 15429
2452 15435
2453 15441
2454 15447
2455 15453
2456 15459
2457 15465
2458 15471
2459 15477
2460 15483
2461 15489
2462 15495
2463 15501
2464 15507
2465 15513
2466 15519
2467 15525
2468 15531
2469 15537
2470 15543
2471 15549
2472 15555
2473 15561
2474 15567
2475 15573
2476 15579
2477 15585
2478 15591
2479 15597
2480 15603
2481 15609
2482 15615
2483 15621
2484 15627
2485 15633
2486 15639
2487 15645
2488 15651
2489 15657
2490 15663
2491 15669
2492 15675
2493 15681
2494 15687
2495 15693
2496 15699
2497 15705
2498 15711
2499 15717
2500 15723
2501 15729
2502 15735
2503 15741
2504 15747
2505 15753
2506 15759
2507 15765
2508 15771
2509 15777
2510 15783
2511 15789
2512 15795
2513 15801
2514 15807
2515 15813
2516 15819
2517 15825
2518 15831
2519 15837
2520 15843
2521 15849
2522 15855
2523 15861
2524 15867
2525 15873
2526 15879
2527 15885
2528 15891
2529 15897
2530 15903
2531 15909
2532 15915
2533 15921
2534 15927
2535 15933
2536 15939
2537 15945
2538 15951
2539 15957
2540 15963
2541 15969
2542 15975
2543 15981
2544 15987
2545 15993
2546 15999
2547 16005
2548 16011
2549 16017
2550 16023
2551 16029
2552 16035
2553 16041
2554 16047
2555 16053
2556 16059
2557 16065
2558 16071
2559 16077
2560 16083
2561 16089
2562 16095
2563 16101
2564 16107
2565 16113
2566 16119
2567 16125
2568 16131
2569 16137
2570 16143
2571 16149
2572 16155
2573 16161
2574 16167
2575 16173
2576 16179
2577 16185
2578 16191
2579 16197
2580 16203
2581 16209
2582 16215
2583 16221
2584 16227
2585 16233
2586 16239
2587 16245
2588 16251
2589 16257
2590 16263
2591 16269
2592 16275
2593 16281
2594 16287
2595 16293
2596 16299
2597 16305
2598 16311
2599 16317
2600 16323
2601 16329
2602 16335
2603 16341
2604 16347
2605 16353
2606 16359
2607 16365
2608 16371
2609 16377
2610 16383
2611 16389
2612 16395
2613 16401
2614 16407
2615 16413
2616 16419
2617 16425
2618 16431
2619 16437
2620 16443
2621 16449
2622 16455
2623 16461
2624 16467
2625 16473
2626 16479
2627 16485
2628 16491
2629 16497
2630 16503
2631 16509
2632 16515
2633 16521
2634 16527
2635 16533
2636 16539
