56 17 11 11 9 12 4 7 
96 31 21 7 11 13 3 8 
98 28 15 10 9 15 4 6 
66 24 15 8 10 13 4 7 
65 26 14 9 7 12 5 6 
79 26 20 17 18 12 7 5 
62 24 18 14 17 15 5 5 
53 16 12 15 15 12 6 5 
51 20 11 14 9 10 3 8 
32 19 9 15 8 9 4 5 
32 21 20 26 9 17 5 3 
32 21 20 26 9 17 5 3 
28 21 10 16 12 15 3 8 
18 12 17 14 11 9 6 3 
30 9 13 15 11 10 3 4 
31 14 10 13 8 12 3 3 
30 31 22 28 21 14 5 7 
20 30 29 23 20 13 4 7 
17 23 29 21 21 12 6 9 
26 21 30 21 14 13 6 5 
23 28 24 20 13 10 5 8 
24 27 27 29 21 13 12 8 
24 27 27 29 21 13 12 8 
33 38 37 27 22 11 9 9 
29 42 31 26 25 13 6 9 
24 35 34 24 19 16 7 7 
38 28 33 25 21 18 8 6 
27 41 27 19 20 16 9 6 
42 36 26 21 23 14 7 7 
37 32 22 21 21 18 7 8 
30 37 29 19 20 13 7 8 
34 37 31 22 20 17 7 5 
41 28 34 21 22 19 7 8 
25 20 24 27 16 15 6 7 
26 28 28 38 25 19 11 11 
26 28 28 38 25 19 11 11 
42 36 26 37 17 18 11 12 
42 32 25 25 16 16 8 12 
32 24 25 35 16 15 10 9 
43 25 23 22 15 19 13 7 
64 45 33 35 47 26 19 17 
72 54 53 46 49 31 19 14 
39 52 48 47 43 28 21 18 
30 35 53 44 46 23 23 15 
42 56 42 53 43 33 23 18 
63 80 82 73 63 50 33 29 
71 75 67 54 57 44 36 32 
7 9 14 34 51 32 30 23 
54 64 61 55 54 35 38 22 
61 83 64 61 64 51 43 33 
82 85 69 65 71 53 36 36 
72 85 73 79 67 55 43 36 
76 93 74 69 75 44 43 29 
71 89 65 70 51 41 40 38 
84 93 75 78 59 48 44 33 
76 104 68 87 64 50 46 33 
76 104 68 87 64 50 46 33 
60 96 71 81 51 51 44 23 
46 72 49 55 45 35 31 18 
46 72 49 55 45 35 31 18 
52 78 62 54 45 35 32 22 
56 65 62 64 37 33 32 16 
72 70 58 71 49 34 31 17 
68 69 68 66 44 30 28 17 
79 74 69 65 39 33 29 15 
75 63 51 52 45 32 26 15 
80 72 57 54 44 32 20 11 
56 63 38 56 39 32 23 11 
73 58 43 54 45 28 21 10 
58 54 67 49 41 25 16 12 
82 45 46 49 31 29 16 9 
69 50 70 50 36 32 17 8 
71 47 54 45 39 36 10 12 
66 48 34 27 34 19 11 8 
56 45 27 31 29 26 10 15 
55 45 50 41 31 29 10 11 
59 39 44 39 31 27 15 12 
45 46 48 38 38 23 9 13 
46 39 45 44 36 17 16 11 
40 45 44 33 29 22 15 9 
63 47 33 39 33 22 15 15 
56 42 33 33 31 17 20 12 
38 29 24 30 25 15 20 9 
24 32 37 29 37 28 27 15 
27 26 21 31 31 23 20 16 
27 26 21 31 31 23 20 16 
34 34 38 33 32 25 19 17 
38 48 40 37 47 26 29 19 
40 46 39 34 42 30 28 22 
33 43 37 37 50 31 27 14 
40 53 50 43 44 33 26 19 
41 53 47 48 33 40 21 21 
45 50 54 40 39 31 27 14 
30 38 46 35 41 32 24 17 
48 53 44 44 43 33 23 18 
45 53 49 42 46 29 27 16 
45 52 47 38 41 30 20 18 
57 64 60 44 54 32 22 17 
42 57 53 48 48 34 22 14 
55 69 56 58 50 35 27 20 
46 64 57 54 49 38 35 24 
57 79 54 35 34 27 16 17 
63 57 61 44 30 28 23 13 
55 57 47 42 38 24 15 11 
55 63 50 42 30 21 16 14 
69 67 56 36 36 24 17 10 
59 70 49 51 29 33 12 8 
73 80 62 49 39 32 21 7 
73 80 62 49 39 32 21 7 
101 77 58 54 41 33 27 12 
93 65 64 59 48 26 28 7 
98 75 60 69 50 33 25 9 
85 59 62 62 37 36 29 7 
85 61 42 50 50 29 21 11 
89 68 41 43 46 31 32 6 
77 78 40 33 38 27 25 11 
65 42 31 40 31 25 28 10 
54 44 31 42 39 29 28 9 
62 64 47 66 48 32 31 14 
64 50 55 53 51 31 44 9 
63 61 67 70 54 36 35 23 
63 66 65 56 45 27 46 18 
49 50 60 57 58 34 40 26 
54 60 53 69 61 37 36 24 
78 54 54 66 68 37 34 25 
66 69 72 62 66 40 39 29 
61 71 59 72 61 45 36 22 
60 69 64 70 48 59 34 20 
85 92 85 70 63 72 45 25 
79 77 68 75 52 66 38 25 
74 80 62 67 63 56 39 27 
51 84 69 67 62 54 38 38 
61 67 66 64 59 52 39 28 
91 114 97 82 71 62 44 38 
54 61 52 51 40 47 26 30 
51 64 41 49 47 53 33 27 
49 58 50 52 43 56 34 23 
55 76 60 50 56 43 25 27 
50 60 58 54 51 53 27 33 
59 74 53 54 52 48 34 26 
67 76 48 51 57 58 25 31 
63 58 47 51 57 52 36 33 
64 67 45 50 59 54 33 34 
81 77 44 50 55 47 45 29 
80 66 49 55 62 46 34 28 
74 66 45 70 45 57 32 30 
75 54 51 39 50 39 32 26 
74 63 45 33 44 41 26 24 
92 47 29 43 52 43 25 20 
86 43 39 46 41 40 29 22 
87 53 49 50 46 31 23 13 
104 48 62 45 41 48 31 17 
107 53 50 50 46 37 26 20 
80 56 52 40 50 34 23 16 
73 52 47 45 37 19 24 11 
48 54 50 39 45 20 29 13 
63 42 57 32 39 28 18 10 
62 45 53 40 39 27 24 6 
75 52 59 44 39 28 28 5 
85 67 61 50 45 36 27 6 
56 47 50 48 43 36 18 9 
45 40 31 54 52 31 25 20 
55 54 42 55 45 30 33 14 
78 50 48 56 53 36 30 17 
71 65 58 64 59 35 34 22 
75 67 66 59 48 40 28 22 
88 64 71 66 51 42 29 22 
74 76 83 61 51 36 37 19 
52 49 69 56 53 47 30 18 
119 100 95 71 70 49 44 32 
86 84 84 61 63 44 37 18 
92 76 81 62 64 43 33 26 
93 75 84 63 51 46 29 20 
102 92 77 60 45 51 33 18 
82 78 71 63 50 44 39 17 
63 48 69 65 57 34 31 16 
88 90 80 82 58 44 35 19 
73 66 81 68 56 31 31 13 
80 69 70 67 47 42 34 15 
71 59 85 74 40 22 34 10 
75 68 87 75 51 29 37 20 
80 52 66 76 52 28 28 26 
56 55 69 52 53 27 29 24 
58 54 86 59 38 31 29 26 
74 43 52 47 45 40 26 23 
62 52 69 49 47 33 27 23 
63 64 70 57 41 37 33 17 
71 48 64 58 47 41 28 20 
73 44 62 50 52 37 31 19 
58 55 66 55 45 42 33 18 
58 39 64 56 44 35 28 21 
58 39 64 56 44 35 28 21 
45 49 64 52 44 40 37 21 
63 47 64 68 41 37 36 23 
72 57 68 70 38 28 36 29 
72 63 68 74 44 30 41 28 
69 74 78 79 58 40 37 29 
69 65 79 77 59 40 39 26 
86 72 81 86 65 39 40 25 
83 59 88 81 55 39 44 28 
81 70 83 80 60 46 43 32 
73 59 63 74 54 35 36 26 
97 100 91 97 72 57 44 33 
82 80 74 84 59 33 38 23 
78 76 65 72 49 38 28 23 
77 87 74 72 64 37 32 25 
65 75 69 66 57 38 27 30 
55 64 72 67 41 38 33 20 
81 111 94 74 70 44 38 25 
59 71 63 39 50 25 22 18 
60 68 55 49 49 33 13 13 
40 60 47 42 43 25 12 12 
55 59 61 47 34 18 18 14 
71 67 57 38 42 20 11 13 
48 70 57 44 40 23 12 10 
50 66 53 45 39 18 11 11 
56 48 52 35 35 28 10 10 
41 68 63 34 37 34 7 14 
35 54 56 28 33 22 7 11 
37 50 51 29 29 29 8 12 
42 52 44 28 31 28 10 12 
45 42 41 36 22 23 13 9 
64 51 49 39 24 24 18 10 
68 61 39 45 26 21 10 14 
54 58 44 33 27 20 12 10 
71 61 57 47 35 34 20 19 
72 73 47 43 33 37 22 21 
72 73 47 43 33 37 22 21 
60 75 47 43 23 36 17 19 
59 80 53 58 34 38 18 30 
62 62 59 49 38 40 18 33 
81 70 67 61 42 40 21 24 
89 86 62 66 46 33 17 26 
87 80 57 53 48 42 20 26 
90 78 53 63 39 45 19 29 
89 77 71 60 40 43 22 26 
85 76 73 63 54 45 16 29 
79 81 73 58 43 49 19 25 
82 78 66 65 40 45 23 21 
99 89 92 91 78 59 41 29 
109 99 78 73 61 49 36 21 
89 72 80 66 61 44 31 20 
89 75 77 67 51 53 27 18 
103 72 82 66 49 39 24 20 
111 75 71 58 54 40 29 10 
95 69 73 60 54 28 26 9 
84 87 73 56 48 33 30 10 
87 70 68 52 55 31 24 16 
87 70 68 52 55 31 24 16 
77 73 76 60 45 31 23 12 
100 96 97 81 62 37 33 20 
102 82 64 66 60 34 28 9 
96 77 61 58 37 23 19 9 
88 59 53 54 28 25 16 6 
86 62 65 47 33 21 11 7 
94 75 62 71 26 26 22 10 
104 74 61 77 40 19 23 7 
73 76 62 56 27 16 15 9 
76 66 46 43 27 22 13 8 
96 60 60 54 30 18 19 4 
103 77 67 68 35 26 17 9 
91 63 77 58 36 27 20 11 
74 77 61 59 28 26 22 10 
29 55 46 40 22 22 16 9 
47 50 40 51 34 26 22 15 
40 43 51 36 38 24 17 16 
39 48 51 47 38 26 20 16 
53 60 56 47 41 28 23 12 
70 78 60 69 38 35 31 16 
80 87 80 69 44 31 35 16 
75 83 83 70 47 40 29 17 
57 64 60 56 48 29 23 16 
58 58 68 58 52 29 36 17 
58 58 68 58 52 29 36 17 
52 70 75 58 53 36 29 18 
77 59 83 62 40 39 33 21 
70 71 81 68 46 41 31 23 
56 54 42 50 35 36 17 9 
57 54 61 42 39 37 27 12 
61 46 41 43 37 39 26 12 
40 38 37 39 32 30 18 11 
46 27 42 42 31 39 18 12 
39 23 45 43 27 36 19 5 
27 33 45 42 25 33 28 11 
17 13 28 32 29 25 21 9 
1 6 20 18 20 20 16 9 
10 11 15 12 22 21 17 8 
11 5 16 14 16 13 21 11 
11 15 15 25 28 17 27 9 
42 46 36 47 28 21 25 9 
54 52 45 52 45 28 30 16 
32 48 46 49 43 22 26 17 
16 26 27 34 34 21 28 20 
11 14 12 19 23 20 26 21 
13 17 16 24 20 26 26 19 
12 9 19 25 25 19 27 21 
12 9 19 25 25 19 27 21 
16 22 29 46 37 37 33 22 
18 23 21 40 37 28 22 25 
15 19 21 28 37 22 24 23 
13 17 13 31 21 24 20 19 
10 27 18 23 28 16 23 24 
21 39 31 33 35 27 17 21 
19 36 28 31 30 27 21 14 
41 53 56 38 44 30 22 15 
29 54 42 51 46 37 25 19 
23 40 42 32 45 31 27 25 
14 26 32 25 34 27 28 22 
17 39 39 30 46 44 21 28 
20 45 58 37 50 49 26 29 
14 52 38 40 56 40 29 26 
5 9 7 11 14 27 23 23 
7 30 32 34 30 36 37 25 
13 18 26 29 27 41 25 22 
11 24 23 25 26 33 29 20 
14 31 19 29 35 40 26 26 
14 31 19 29 35 40 26 26 
23 55 38 30 49 48 23 25 
28 60 61 37 48 43 28 28 
16 38 38 30 42 42 26 25 
25 43 36 18 52 43 30 34 
33 44 52 14 46 44 30 27 
32 55 28 43 58 48 23 29 
26 40 45 54 76 53 30 32 
22 58 50 47 56 50 24 25 
23 29 47 53 58 66 20 28 
21 29 33 40 42 51 22 25 
16 34 27 45 46 55 20 20 
18 27 51 40 49 34 23 11 
8 21 23 26 38 31 14 14 
12 14 14 13 26 18 13 11 
11 14 11 13 19 4 6 10 
8 7 10 15 19 7 5 10 
8 8 13 12 18 16 13 9 
6 6 6 6 12 15 9 11 
8 9 7 5 15 9 10 12 
4 4 3 4 14 10 15 9 
4 4 3 4 14 10 15 9 
9 12 12 11 18 17 11 16 
14 15 28 18 23 15 10 11 
18 27 38 15 35 19 18 17 
25 22 20 19 21 19 18 17 
14 35 22 25 35 30 24 19 
8 29 25 22 28 25 27 20 
28 39 23 35 50 37 29 28 
29 23 29 43 56 34 35 27 
31 44 38 33 37 27 16 14 
33 32 36 28 36 19 21 9 
33 32 36 28 36 19 21 9 
24 35 31 31 21 17 18 17 
44 46 47 44 37 22 21 12 
44 49 40 52 34 32 22 18 
45 58 28 39 33 22 20 4 
40 55 48 33 21 18 19 14 
27 31 44 34 14 14 18 12 
41 42 27 29 31 21 23 19 
19 50 42 19 26 22 20 18 
22 40 38 18 25 19 25 17 
26 38 32 25 30 22 23 21 
24 34 18 27 35 17 15 19 
23 32 33 38 45 36 29 21 
19 36 42 52 54 35 27 28 
19 36 42 52 54 35 27 28 
1 15 12 18 30 31 25 21 
1 15 12 18 30 31 25 21 
19 20 24 20 25 20 24 33 
6 17 12 16 19 16 17 22 
10 20 14 30 17 21 14 23 
15 13 10 23 16 13 10 13 
11 7 18 18 17 22 10 10 
9 13 18 15 20 20 13 13 
18 21 25 16 19 17 12 11 
13 20 16 28 15 16 7 8 
9 17 18 27 12 17 5 8 
10 23 11 24 17 14 4 8 
10 23 11 24 17 14 4 8 
9 16 20 23 19 11 17 12 
7 17 7 25 19 19 7 12 
7 11 18 23 23 21 6 11 
19 26 26 24 34 22 15 9 
18 29 22 24 30 27 17 7 
18 25 33 20 36 28 18 8 
33 41 29 29 40 24 12 19 
20 33 31 31 38 23 17 18 
18 38 38 27 37 22 23 23 
18 38 38 27 37 22 23 23 
26 41 37 34 28 27 20 18 
30 37 44 35 24 26 21 22 
49 56 40 36 45 29 27 24 
30 53 23 36 39 32 23 17 
40 55 48 37 40 35 28 29 
23 42 46 47 45 21 13 14 
26 41 58 45 38 17 14 7 
24 31 39 45 31 13 12 6 
29 50 36 34 29 10 16 7 
27 66 36 37 29 34 19 8 
51 61 39 24 38 18 23 16 
39 29 29 27 38 20 24 18 
24 37 36 27 31 20 21 15 
24 37 36 27 31 20 21 15 
25 40 37 44 37 25 17 18 
40 32 33 42 41 29 18 17 
23 47 33 38 41 27 20 17 
34 46 43 45 51 31 25 20 
50 57 54 56 55 30 21 25 
45 61 58 54 48 24 29 24 
13 24 29 42 50 22 26 24 
12 18 13 27 30 23 30 21 
12 24 26 27 32 30 34 28 
40 43 49 59 51 39 35 28 
29 41 32 53 59 32 35 29 
21 28 27 41 46 29 33 22 
13 16 22 27 20 19 23 21 
5 8 10 13 13 12 8 12 
9 11 12 24 11 7 9 15 
18 31 29 27 34 16 20 20 
18 31 29 27 34 16 20 20 
39 65 58 63 51 30 22 22 
45 53 58 36 31 33 19 19 
39 35 38 30 34 35 19 18 
44 63 64 51 29 28 22 19 
8 8 14 11 18 15 15 7 
7 10 8 14 15 18 6 18 
11 22 17 13 31 17 13 13 
15 11 18 12 27 17 18 13 
13 27 31 31 31 33 18 13 
16 22 25 37 41 12 19 12 
12 22 36 40 34 20 16 14 
12 22 33 31 45 12 21 9 
6 27 25 30 33 23 19 8 
11 24 27 44 36 15 15 6 
16 12 27 44 32 14 21 9 
6 15 21 32 26 11 3 10 
15 23 42 35 39 14 13 6 
15 23 42 35 39 14 13 6 
31 60 57 51 47 19 22 6 
55 79 60 54 42 26 21 6 
5 2 5 6 1 5 12 12 
13 13 5 6 5 5 4 9 
8 8 3 4 4 5 6 8 
8 13 14 10 9 8 19 18 
21 26 21 15 12 10 20 23 
15 14 28 21 7 11 24 21 
19 37 20 40 32 25 36 38 
21 45 32 52 37 31 41 30 
50 65 59 69 59 40 44 26 
47 60 75 80 56 46 36 32 
63 76 74 73 73 50 34 30 
31 68 67 67 68 43 35 37 
81 109 89 70 74 55 42 24 
89 120 83 80 62 38 33 21 
69 74 39 62 46 33 22 17 
8 13 14 12 28 20 17 18 
59 102 76 64 32 34 20 26 
52 79 72 64 30 24 25 29 
28 59 42 57 30 19 30 18 
13 24 33 39 51 21 30 13 
10 23 18 18 37 21 23 16 
26 32 33 40 23 25 13 13 
54 64 77 50 26 19 17 14 
37 54 32 39 40 20 23 18 
37 54 32 39 40 20 23 18 
34 39 45 48 49 32 31 24 
13 21 22 18 22 21 20 18 
5 6 12 11 7 11 11 15 
5 6 12 11 7 11 11 15 
1 3 8 10 17 7 9 11 
1 3 8 10 17 7 9 11 
8 20 17 17 24 23 20 28 
44 42 45 40 45 30 31 31 
44 60 71 72 56 30 34 30 
59 64 67 73 52 44 24 35 
42 64 71 56 54 48 37 29 
50 62 64 57 54 34 40 31 
99 81 85 87 63 45 31 33 
80 78 73 75 68 38 30 38 
66 85 83 72 68 38 40 37 
38 34 43 49 48 37 23 31 
30 40 40 49 38 27 27 24 
26 39 52 27 27 27 37 23 
31 46 66 50 26 30 30 30 
25 53 43 39 35 32 24 23 
44 52 37 22 32 35 25 26 
27 39 25 36 39 27 21 12 
37 40 41 43 46 28 18 14 
37 40 41 43 46 28 18 14 
30 39 32 38 26 24 16 9 
47 43 40 42 22 19 16 11 
53 31 31 35 17 20 16 5 
34 33 30 21 21 14 22 7 
29 34 27 25 27 11 16 11 
22 37 35 27 23 19 21 13 
14 22 22 25 19 9 10 11 
21 27 30 23 32 19 12 11 
57 44 39 29 32 29 24 23 
60 49 38 37 27 24 26 16 
53 41 43 33 27 26 23 19 
67 54 41 34 36 23 26 17 
48 41 43 28 31 22 23 18 
58 33 41 35 29 22 20 20 
37 44 38 38 31 25 30 17 
45 60 47 51 36 26 28 18 
38 40 34 36 26 22 17 13 
30 53 31 27 22 18 16 10 
30 53 31 27 22 18 16 10 
44 67 45 32 31 22 18 14 
51 55 40 31 39 18 28 12 
44 74 56 40 34 21 23 12 
44 59 37 58 22 22 20 14 
26 62 49 45 36 30 21 17 
34 59 58 45 33 33 15 15 
23 28 41 43 43 25 22 14 
26 44 47 50 38 19 26 20 
41 62 50 46 33 28 25 16 
43 54 53 37 39 33 24 23 
74 65 41 39 38 22 26 21 
47 73 51 39 46 21 21 9 
45 65 52 40 46 23 18 14 
26 49 56 37 22 22 12 9 
29 46 49 38 36 15 10 7 
44 54 56 56 49 29 25 15 
52 56 59 57 39 26 17 11 
32 50 49 55 40 26 24 13 
37 46 61 47 38 30 19 14 
25 48 40 44 40 27 17 16 
13 33 33 39 33 23 19 17 
39 42 55 50 38 32 20 16 
39 42 55 50 38 32 20 16 
22 56 39 41 31 23 16 18 
22 36 44 45 33 19 26 16 
36 38 50 54 50 30 23 24 
27 36 39 47 43 30 24 26 
44 61 70 70 47 38 29 29 
44 79 73 68 49 33 24 24 
41 80 81 67 43 41 25 30 
51 76 82 79 48 46 29 26 
49 87 77 72 56 43 23 30 
51 72 62 87 59 52 21 31 
41 72 69 83 54 46 23 31 
37 55 73 81 61 34 27 25 
43 70 78 74 52 44 30 29 
50 90 87 85 65 48 30 32 
56 86 77 93 73 42 34 29 
41 75 78 87 65 48 36 26 
34 62 60 81 66 59 36 31 
14 47 45 54 47 50 24 21 
16 33 46 31 45 56 24 25 
24 42 77 37 41 44 29 28 
36 54 50 39 41 54 24 29 
38 58 49 50 52 53 25 27 
37 48 59 58 29 50 29 32 
47 54 40 52 39 58 30 35 
45 63 48 45 42 52 25 25 
37 46 54 39 42 52 23 23 
54 67 39 39 53 38 22 18 
33 52 48 55 51 32 21 16 
57 66 67 50 46 27 28 19 
74 74 60 42 55 34 33 18 
81 53 71 54 44 31 22 19 
89 81 39 43 56 28 26 16 
80 79 61 30 50 22 24 9 
87 98 91 64 53 35 35 15 
87 98 91 64 53 35 35 15 
97 76 88 79 53 39 33 21 
97 76 88 79 53 39 33 21 
97 99 87 68 69 43 36 18 
76 85 69 62 57 43 32 20 
120 96 87 79 60 43 34 25 
89 79 67 62 58 37 46 25 
104 81 78 82 71 40 44 23 
99 96 96 78 67 48 43 25 
96 83 84 68 72 43 43 26 
89 100 78 79 68 45 43 28 
103 93 94 75 64 42 35 29 
103 100 81 68 61 41 37 29 
103 92 86 68 70 39 41 23 
104 94 79 71 76 42 32 33 
107 112 74 71 65 43 38 35 
125 114 90 99 96 45 43 33 
116 72 70 68 69 37 37 31 
82 74 70 74 55 30 30 25 
103 94 66 75 62 38 31 29 
90 90 70 65 75 41 29 29 
82 71 63 59 66 40 32 32 
87 67 70 75 72 46 34 33 
72 79 59 79 66 43 34 32 
61 66 54 66 74 45 29 34 
50 92 46 78 67 54 39 36 
70 82 70 80 78 49 38 30 
66 73 68 73 66 44 37 31 
60 84 70 73 60 46 33 16 
37 89 66 64 58 45 28 19 
37 89 66 64 58 45 28 19 
66 87 72 71 67 37 27 23 
53 94 69 71 58 40 29 24 
54 83 65 62 49 32 24 16 
29 87 56 53 38 29 17 19 
40 78 50 44 47 21 20 18 
42 63 46 50 38 25 16 13 
33 58 50 49 35 23 20 9 
27 48 56 32 26 26 15 14 
39 56 56 38 33 18 18 16 
33 49 43 32 34 19 19 13 
22 36 48 36 29 23 14 15 
31 45 62 53 36 31 25 19 
19 48 49 37 31 27 23 17 
19 48 49 37 31 27 23 17 
29 41 49 38 29 36 23 19 
24 42 43 38 36 27 28 19 
25 39 50 41 30 23 34 16 
17 32 41 36 31 25 25 19 
16 26 38 40 32 23 25 19 
27 45 42 53 31 33 27 21 
20 39 33 46 38 35 22 21 
24 34 41 48 41 32 21 23 
28 39 38 53 40 24 30 24 
29 42 39 45 40 30 37 21 
25 32 48 34 40 27 31 11 
18 27 41 41 40 29 27 14 
15 24 38 36 46 25 26 16 
15 24 38 36 46 25 26 16 
27 39 49 53 39 34 26 24 
25 31 35 41 39 33 26 18 
23 41 36 33 38 32 27 21 
17 32 38 30 36 31 20 20 
32 48 52 40 51 44 38 26 
30 41 50 34 37 39 31 22 
24 26 48 37 38 41 27 28 
20 32 43 25 35 42 27 22 
41 58 60 42 52 57 41 42 
39 52 59 32 57 48 49 43 
19 32 37 29 35 48 44 34 
17 33 42 33 39 42 41 33 
29 46 48 42 43 47 52 45 
18 45 51 39 44 43 46 41 
8 46 53 51 39 40 45 44 
14 35 49 43 46 42 49 39 
27 54 57 44 51 48 51 40 
20 44 49 50 52 50 53 32 
16 36 46 40 41 47 42 44 
13 42 50 41 47 43 54 40 
19 40 51 47 53 46 57 45 
14 28 41 34 50 37 46 42 
11 31 40 40 39 39 48 37 
10 30 39 41 42 43 40 46 
27 48 40 47 40 37 43 41 
20 34 38 40 32 47 34 30 
12 33 42 46 35 38 35 34 
12 33 42 46 35 38 35 34 
15 30 37 40 42 35 30 34 
31 50 52 65 53 51 33 40 
28 43 43 50 40 45 34 32 
21 38 49 45 42 39 34 32 
19 37 52 48 44 38 39 26 
36 56 46 57 60 38 41 39 
31 44 48 38 35 34 36 32 
17 30 37 31 34 24 21 19 
20 45 42 31 28 25 22 20 
30 39 40 32 39 24 20 19 
21 31 29 27 39 19 15 15 
11 28 34 23 26 22 18 15 
17 33 36 37 33 17 14 9 
10 17 22 19 33 11 16 9 
9 19 24 18 20 19 18 6 
3 9 20 18 16 18 14 9 
12 19 18 18 18 18 13 8 
9 9 20 19 12 18 16 8 
6 13 16 24 17 15 16 9 
17 21 19 23 23 21 17 7 
9 17 21 21 20 14 17 7 
6 14 20 23 21 16 12 10 
24 31 29 21 24 22 20 14 
18 29 22 18 20 18 18 11 
18 26 23 30 20 19 18 17 
18 26 26 25 18 17 17 14 
18 26 26 25 18 17 17 14 
25 38 29 25 19 15 21 19 
20 31 28 24 24 14 16 17 
19 27 27 27 18 23 16 24 
20 35 33 30 27 19 17 14 
15 29 36 30 27 21 19 16 
14 34 30 30 25 20 23 17 
15 35 25 30 26 23 26 22 
11 36 24 23 20 17 18 19 
13 31 23 24 26 16 23 21 
12 23 23 18 24 19 23 21 
15 37 22 30 30 20 27 19 
10 26 31 16 28 21 24 20 
5 33 29 23 27 26 20 17 
26 58 43 31 31 27 16 13 
38 38 48 30 23 19 13 14 
31 36 39 32 24 24 14 13 
29 38 34 31 19 24 14 13 
29 38 34 31 19 24 14 13 
47 44 51 34 27 27 17 14 
39 35 56 31 30 29 14 15 
45 54 40 35 23 28 13 16 
49 46 61 20 23 29 17 16 
39 40 45 28 25 33 15 14 
48 65 55 37 27 30 17 12 
49 64 42 37 26 26 18 10 
51 59 49 37 35 25 13 12 
44 56 48 39 27 30 12 14 
37 42 48 40 23 24 21 7 
41 51 57 48 32 25 23 13 
34 52 50 42 38 26 20 11 
30 31 40 38 30 21 24 9 
27 31 39 45 25 31 24 9 
29 36 41 38 39 26 29 8 
37 51 56 54 22 32 21 15 
40 44 43 54 31 30 25 19 
55 59 53 47 25 33 26 13 
43 61 51 58 27 31 25 12 
53 61 58 49 39 24 25 12 
44 58 61 55 39 26 21 11 
34 29 39 35 31 23 24 14 
57 74 63 60 44 33 29 25 
50 66 65 54 36 26 26 23 
45 50 60 48 35 26 25 25 
49 50 60 52 45 23 24 20 
64 71 76 62 56 22 31 25 
62 65 62 51 63 29 27 26 
44 68 64 62 58 28 22 19 
35 59 71 64 49 29 31 21 
19 49 53 54 44 32 23 32 
23 45 69 55 50 34 27 30 
19 48 64 60 45 35 19 30 
19 48 64 60 45 35 19 30 
23 50 68 64 57 41 25 30 
23 50 68 64 57 41 25 30 
29 52 70 65 56 57 30 32 
29 52 70 65 56 57 30 32 
33 47 70 74 61 51 44 26 
35 51 75 80 62 54 45 21 
38 40 64 85 57 50 50 35 
21 40 58 64 53 53 44 28 
45 75 81 84 70 56 49 30 
29 58 72 84 70 62 38 28 
36 44 72 84 66 60 42 33 
30 43 76 75 76 59 51 36 
19 33 53 64 75 56 41 37 
27 34 55 59 63 63 45 30 
19 35 52 52 51 54 43 29 
27 40 56 67 63 61 52 36 
31 48 50 70 49 56 34 37 
22 41 34 39 41 45 37 22 
14 39 34 46 38 30 30 16 
17 29 27 39 29 29 26 13 
31 34 47 36 35 25 28 17 
22 32 43 41 28 28 23 13 
43 37 27 40 37 25 25 12 
46 32 35 37 31 27 23 9 
46 43 40 37 37 33 35 12 
54 58 54 38 45 39 37 10 
46 51 53 43 42 36 38 14 
57 55 68 55 50 37 40 15 
50 59 63 51 49 31 42 14 
50 59 63 51 49 31 42 14 
51 59 67 49 55 40 40 13 
75 68 76 57 57 53 35 16 
91 81 74 67 56 51 39 16 
61 75 68 65 53 44 39 22 
75 78 64 63 60 48 50 22 
75 78 64 63 60 48 50 22 
63 62 76 48 58 46 44 24 
65 86 65 56 57 54 48 19 
88 76 73 72 62 61 53 21 
62 66 57 53 54 49 43 26 
62 70 62 64 65 51 44 25 
52 56 48 50 65 43 43 31 
57 76 72 67 63 60 63 42 
55 56 63 54 54 50 44 32 
44 54 58 48 53 45 49 26 
66 60 60 59 61 54 42 30 
48 53 57 54 59 57 48 30 
80 65 67 60 69 49 46 32 
65 57 51 53 62 48 48 28 
79 78 65 66 57 57 45 36 
79 64 71 50 60 60 43 38 
77 65 64 51 58 55 52 32 
118 96 99 85 88 81 70 53 
75 64 54 53 57 62 44 45 
84 75 82 61 59 56 53 42 
79 94 86 66 66 55 54 42 
61 81 67 61 54 62 55 41 
61 88 54 60 56 58 52 42 
44 77 49 48 52 48 53 40 
62 52 68 53 49 49 49 46 
57 51 64 43 41 54 53 39 
55 70 70 56 53 50 48 41 
62 57 72 47 49 44 49 37 
69 60 67 55 40 50 46 38 
41 52 61 52 42 43 43 40 
40 50 51 49 39 39 36 34 
45 46 49 50 33 38 43 31 
45 42 50 44 33 38 32 33 
50 56 61 44 46 46 28 29 
43 62 65 40 40 33 28 25 
52 49 61 43 36 38 26 23 
48 60 53 54 38 31 23 23 
28 47 49 41 35 30 29 20 
56 57 48 40 40 28 22 20 
56 57 48 40 40 28 22 20 
40 51 38 44 31 26 23 11 
40 51 38 44 31 26 23 11 
30 48 47 44 32 26 26 8 
23 39 37 37 22 18 15 13 
18 33 36 41 22 15 18 9 
18 33 36 41 22 15 18 9 
24 32 33 31 20 19 21 8 
15 29 24 28 17 18 11 11 
21 24 24 29 20 20 14 11 
16 19 23 23 22 14 13 7 
11 17 21 15 26 13 9 6 
7 9 13 14 24 15 11 9 
12 18 18 13 20 20 10 5 
15 14 16 18 15 17 15 7 
21 19 16 18 17 12 19 8 
21 19 16 18 17 12 19 8 
17 23 15 19 20 14 14 8 
41 26 24 20 17 18 15 12 
37 30 23 20 18 19 14 14 
36 45 24 23 19 20 19 12 
33 29 25 28 16 19 20 10 
41 56 34 29 26 23 22 12 
39 47 33 26 24 21 22 10 
39 36 33 26 20 26 22 13 
33 43 26 29 25 17 26 14 
24 41 32 31 22 23 20 18 
26 38 34 33 24 16 32 16 
28 31 32 34 26 21 23 21 
24 31 35 27 34 19 27 17 
33 32 42 19 29 22 25 21 
49 41 36 28 30 21 23 21 
39 42 39 35 29 15 24 17 
31 40 34 23 28 24 16 20 
34 44 42 37 33 22 20 13 
37 54 43 36 41 32 25 16 
39 49 49 36 38 36 23 13 
112 109 95 65 61 47 41 30 
91 98 77 51 43 40 22 23 
88 100 79 43 37 41 21 18 
83 89 86 44 39 41 21 22 
82 85 77 55 43 41 21 22 
81 79 80 52 38 39 17 22 
53 75 65 53 37 42 28 19 
67 83 85 39 41 32 25 20 
59 67 74 56 39 40 23 20 
57 70 82 55 39 31 18 17 
69 67 80 66 30 28 20 14 
87 96 118 77 46 37 26 17 
73 89 86 69 33 33 24 16 
46 73 83 64 37 30 24 16 
49 60 59 44 30 33 28 17 
32 60 55 51 33 38 35 18 
34 50 52 56 35 39 37 15 
34 32 39 45 36 36 30 18 
26 28 43 41 35 34 28 13 
35 45 38 51 36 31 31 18 
53 67 69 54 37 31 30 18 
77 73 74 73 42 30 35 20 
84 65 71 71 38 27 32 24 
74 79 69 68 38 27 29 23 
82 78 78 73 42 31 35 27 
84 83 79 67 41 29 30 26 
96 83 83 71 57 31 36 25 
96 83 83 71 57 31 36 25 
95 97 91 86 69 28 37 20 
75 80 66 75 62 33 32 26 
63 89 65 73 58 30 35 18 
62 89 85 64 62 29 33 24 
66 79 79 82 63 42 30 24 
56 72 93 70 68 39 26 28 
75 84 87 75 75 48 21 34 
49 68 56 76 61 46 31 27 
47 69 70 60 70 45 33 27 
52 65 78 75 67 51 34 31 
49 54 96 68 55 65 36 29 
56 76 85 77 76 64 42 30 
49 60 98 80 66 66 43 22 
36 59 89 76 63 67 45 35 
58 75 75 83 64 64 52 28 
55 69 80 88 69 67 50 30 
46 63 78 89 63 65 56 30 
63 108 97 100 71 59 51 33 
59 73 82 87 62 63 49 35 
57 60 64 77 81 60 46 34 
55 72 75 85 68 63 49 35 
53 66 75 78 64 49 54 37 
50 51 79 80 76 49 48 40 
44 51 65 55 80 56 45 35 
63 56 65 69 67 56 49 39 
39 58 52 69 58 54 43 42 
45 50 56 49 42 55 38 34 
43 40 33 51 32 48 27 35 
35 35 47 30 37 34 33 15 
29 41 42 43 43 31 31 18 
41 44 46 56 36 27 25 22 
25 54 47 51 36 28 27 15 
30 42 43 47 46 37 27 16 
47 53 56 52 47 37 36 15 
41 44 55 41 41 41 37 11 
64 58 49 53 47 38 47 22 
64 64 58 56 45 41 51 15 
63 50 55 61 51 34 41 24 
70 69 57 71 49 38 43 19 
61 64 65 64 44 36 47 22 
63 56 53 57 41 49 41 23 
67 66 60 63 54 41 38 23 
67 60 59 56 48 46 44 26 
68 75 53 63 52 48 46 17 
63 80 59 52 58 47 49 20 
59 72 57 55 56 31 40 24 
49 57 52 46 41 42 41 28 
59 57 73 63 64 46 40 30 
79 67 64 64 53 41 44 28 
59 73 61 58 60 36 46 30 
59 73 61 58 60 36 46 30 
52 56 54 63 58 40 42 27 
51 64 66 54 67 42 41 26 
54 68 78 53 56 39 39 32 
51 67 72 49 64 45 41 31 
60 67 69 57 58 49 40 24 
59 53 78 62 60 47 44 29 
85 69 67 67 55 53 50 36 
59 61 70 53 53 52 51 25 
59 61 70 53 53 52 51 25 
65 61 68 53 53 51 45 30 
59 72 63 55 60 42 48 28 
98 93 97 74 80 69 60 47 
65 54 65 60 49 50 49 37 
90 67 78 67 58 44 52 38 
79 65 75 56 60 50 44 39 
58 55 55 45 48 44 56 35 
57 52 44 39 44 41 56 32 
48 59 57 38 36 49 47 40 
55 52 53 44 51 43 47 36 
58 49 61 51 46 45 39 40 
46 53 54 55 50 45 50 39 
47 47 72 52 51 44 56 34 
52 51 51 46 38 44 45 42 
39 50 47 32 49 40 39 45 
45 67 48 44 36 45 47 41 
48 57 51 44 45 34 51 32 
41 53 46 42 38 35 36 33 
47 52 44 45 35 30 40 31 
47 58 50 40 33 35 38 29 
56 59 58 50 37 35 33 33 
52 58 56 50 35 26 30 36 
53 50 44 43 38 27 36 30 
42 59 43 38 36 27 28 26 
22 50 39 42 33 21 20 19 
27 43 35 41 37 23 22 20 
12 32 20 30 29 20 23 17 
15 23 27 17 19 19 17 12 
10 26 13 13 25 13 11 13 
6 20 21 15 20 19 7 8 
8 24 15 11 21 12 9 7 
6 18 18 8 14 13 9 10 
9 16 15 9 10 14 10 7 
13 16 16 11 15 13 11 9 
10 8 14 14 14 8 11 8 
18 13 16 13 13 13 9 8 
14 5 13 15 13 6 11 7 
17 13 17 14 22 9 13 10 
19 18 18 18 8 14 13 8 
22 15 24 14 13 15 6 9 
20 15 20 17 14 14 8 5 
18 9 13 16 19 16 11 8 
16 15 18 12 12 13 12 6 
18 16 15 12 11 16 8 10 
18 16 15 12 11 16 8 10 
18 16 16 11 14 15 15 8 
17 19 21 11 12 17 14 9 
22 19 18 13 23 15 10 10 
18 14 25 14 14 13 13 8 
17 9 22 15 13 16 9 6 
23 13 14 14 13 7 11 6 
32 31 16 12 15 7 13 8 
30 25 27 20 16 15 12 11 
35 47 31 28 19 21 11 9 
20 40 37 25 15 14 19 11 
21 41 25 25 25 23 12 10 
20 25 27 20 19 26 11 8 
27 13 20 28 22 22 15 10 
40 29 23 34 35 21 17 10 
27 32 39 35 35 29 17 10 
60 61 44 41 43 38 19 9 
70 65 56 43 38 32 23 12 
85 83 59 48 37 34 21 10 
90 82 74 56 38 40 28 8 
96 90 75 45 35 34 21 18 
98 99 69 54 33 33 22 12 
97 79 78 59 39 39 24 19 
116 97 81 56 40 44 31 14 
102 87 83 55 32 40 25 17 
92 74 74 54 41 39 24 13 
87 83 90 45 38 40 22 15 
79 78 78 47 33 35 32 15 
82 54 86 51 39 32 37 14 
61 63 81 46 35 28 25 18 
87 82 113 66 45 46 36 34 
68 73 81 57 37 33 26 25 
75 71 72 53 30 36 30 18 
53 60 56 41 30 36 28 19 
59 43 60 43 32 30 25 16 
23 38 52 37 36 31 19 13 
36 43 58 43 38 32 24 10 
68 66 67 44 32 31 29 14 
67 64 72 52 39 29 24 12 
54 51 61 48 29 23 16 12 
47 63 60 46 23 24 20 9 
47 55 56 44 24 25 23 13 
49 62 62 44 28 17 26 17 
61 62 60 48 30 17 26 14 
61 63 63 47 24 16 24 12 
50 68 71 49 34 16 19 14 
50 72 58 49 26 19 24 9 
39 54 52 52 32 27 19 13 
31 53 62 55 37 25 18 11 
36 46 52 52 37 20 22 14 
32 51 59 62 39 30 30 18 
34 46 44 47 39 32 27 22 
33 43 61 67 41 39 28 29 
26 43 45 55 44 31 32 25 
23 33 45 52 38 28 23 27 
42 19 39 39 48 22 27 23 
20 34 41 34 40 22 23 22 
26 33 31 35 36 26 27 20 
32 37 39 50 35 35 24 24 
33 39 38 48 51 38 26 20 
33 39 38 48 51 38 26 20 
32 44 61 53 48 38 24 22 
43 60 60 59 53 45 20 19 
58 54 66 69 53 47 29 21 
58 54 66 69 53 47 29 21 
62 68 59 74 50 45 30 18 
53 65 67 63 54 46 25 23 
27 41 62 68 48 40 22 20 
73 47 65 61 48 41 30 23 
68 57 61 55 49 35 34 15 
60 43 66 53 40 41 27 16 
45 34 52 52 41 24 24 13 
16 25 23 30 25 18 30 10 
26 24 21 34 20 22 17 10 
26 24 21 34 20 22 17 10 
27 34 25 35 32 20 24 13 
24 22 27 36 26 20 20 12 
29 21 18 27 29 24 22 14 
27 23 22 30 38 33 31 18 
20 31 20 40 39 33 34 16 
54 53 49 41 45 42 28 19 
81 74 60 52 55 39 31 22 
85 75 60 55 53 37 35 22 
77 70 63 54 45 37 30 23 
79 65 64 52 46 35 33 25 
49 45 44 42 42 36 39 25 
56 57 45 47 45 42 43 22 
68 56 67 58 41 51 38 31 
78 72 69 59 52 40 46 27 
71 70 61 55 38 43 42 32 
23 30 28 35 32 30 28 16 
21 38 42 41 27 29 24 14 
21 38 42 41 27 29 24 14 
32 35 54 37 30 25 24 19 
23 52 48 35 38 28 21 15 
41 54 48 49 32 26 26 20 
41 36 52 53 24 27 28 16 
60 71 50 46 34 25 33 21 
39 41 54 39 18 15 25 22 
47 44 55 51 39 39 35 26 
41 36 56 55 42 38 36 28 
33 32 50 56 41 33 40 25 
40 54 58 46 46 36 34 30 
39 55 57 44 45 37 41 27 
39 40 51 45 42 40 33 25 
39 44 53 57 49 29 44 26 
35 46 58 46 61 34 45 29 
39 46 48 57 53 43 45 30 
44 66 56 56 52 44 49 37 
44 52 52 45 49 46 51 31 
38 49 54 44 50 38 42 30 
43 53 60 41 43 41 42 35 
41 35 64 42 40 35 37 38 
50 53 56 40 42 42 35 32 
50 41 44 37 44 31 42 33 
45 45 31 43 43 43 35 23 
42 29 34 35 45 40 38 27 
39 31 39 37 45 43 38 25 
45 32 53 37 53 46 30 28 
38 45 37 38 40 39 32 29 
38 45 37 38 40 39 32 29 
45 51 41 48 42 36 34 29 
38 36 40 44 40 37 42 27 
43 37 47 30 42 39 31 34 
46 51 41 48 46 42 30 41 
62 51 42 46 47 40 36 32 
47 43 39 35 48 38 32 30 
38 48 46 33 40 37 33 32 
45 51 34 31 44 41 28 31 
59 58 50 39 47 44 36 29 
58 57 44 36 42 39 36 25 
69 59 46 43 36 37 38 33 
60 58 41 45 42 34 40 22 
66 52 50 54 34 34 36 33 
48 50 37 47 41 31 33 29 
78 57 76 60 41 39 46 29 
40 52 40 54 45 37 39 34 
50 43 45 51 37 37 35 30 
37 51 43 44 40 36 41 34 
45 60 43 48 47 32 37 40 
49 51 47 41 44 34 40 36 
52 54 45 42 38 35 38 27 
57 65 55 52 44 40 39 42 
64 61 65 59 46 39 36 34 
38 66 53 60 27 36 28 34 
42 46 41 47 27 31 28 26 
16 40 39 29 22 21 30 16 
7 29 28 26 21 20 26 15 
9 24 20 33 24 20 21 19 
5 17 19 21 22 22 18 19 
10 11 20 20 17 17 18 17 
7 15 11 16 18 9 21 14 
4 20 18 14 16 15 22 15 
16 17 21 29 23 17 15 10 
16 17 21 29 23 17 15 10 
8 21 20 15 21 19 13 7 
11 18 15 20 16 10 14 10 
8 8 12 11 17 13 17 6 
3 3 5 7 17 5 6 8 
14 12 9 9 15 8 7 9 
10 15 13 10 13 8 11 7 
13 15 10 16 7 8 14 5 
20 14 14 14 11 10 15 4 
16 11 12 8 19 5 8 3 
15 12 8 12 17 6 7 4 
12 11 12 7 20 4 7 5 
12 11 12 7 20 4 7 5 
23 12 13 14 22 11 9 8 
19 12 25 27 18 19 11 9 
20 29 27 16 24 13 10 10 
30 15 30 20 30 18 15 8 
23 32 31 31 26 18 15 9 
17 13 24 24 22 22 13 9 
27 29 26 19 26 25 13 6 
20 24 32 27 28 18 18 1 
59 45 46 39 33 22 19 5 
56 48 39 36 38 33 20 7 
57 61 41 33 37 24 20 8 
49 61 50 36 48 35 25 12 
69 61 40 42 41 35 24 12 
83 65 67 44 49 32 29 12 
63 68 58 52 39 30 26 9 
54 47 37 47 40 33 26 13 
57 61 42 46 38 34 27 14 
57 61 42 46 38 34 27 14 
41 61 62 43 46 44 29 17 
52 54 63 31 43 47 32 14 
52 54 63 31 43 47 32 14 
74 69 64 47 53 42 31 12 
84 68 75 50 55 36 31 15 
84 79 81 55 53 36 33 14 
87 82 76 52 47 38 35 15 
61 58 63 45 39 41 34 13 
55 71 68 40 39 32 33 14 
67 86 79 49 35 39 29 15 
107 86 72 45 38 35 33 12 
127 108 77 63 48 45 43 23 
124 109 89 46 43 38 34 19 
89 91 74 54 32 36 31 21 
90 100 78 54 29 35 29 17 
80 78 63 55 31 37 25 22 
48 39 42 38 30 29 37 14 
47 32 43 34 32 43 27 11 
42 49 36 30 24 22 20 16 
29 32 35 27 17 21 20 18 
69 42 52 29 26 35 24 25 
80 82 68 45 34 41 33 22 
63 80 60 49 37 43 30 26 
75 75 79 60 39 35 32 27 
89 87 82 76 41 39 37 28 
64 86 89 54 44 32 38 23 
86 77 85 59 44 32 41 23 
94 86 79 59 47 38 36 25 
94 95 82 59 48 41 37 20 
65 94 80 72 44 38 44 26 
82 113 86 70 45 29 43 26 
86 109 90 72 50 45 43 17 
52 86 64 69 42 34 35 21 
61 60 57 65 39 35 36 33 
49 53 57 52 43 31 29 21 
39 42 40 25 36 25 21 19 
17 29 33 18 20 25 17 11 
14 21 32 18 22 21 12 11 
22 21 27 24 24 17 20 11 
33 22 30 30 25 17 17 9 
47 43 35 29 25 24 20 12 
40 45 44 30 39 24 23 12 
47 40 40 34 29 29 25 8 
43 49 29 32 29 27 19 14 
53 52 46 33 31 29 28 13 
28 41 40 32 28 24 24 15 
43 46 55 44 38 39 34 27 
52 44 49 42 36 31 27 22 
82 50 71 56 31 35 21 17 
79 50 68 40 48 30 24 23 
31 36 52 39 42 34 19 17 
83 80 87 65 52 38 31 14 
77 81 79 61 56 40 30 16 
128 102 94 84 69 58 33 23 
119 103 91 70 65 51 39 21 
127 98 91 83 61 51 38 30 
103 84 82 67 67 50 39 16 
100 104 83 70 60 52 41 14 
89 82 72 70 59 48 40 24 
76 104 69 75 68 48 42 21 
67 94 75 70 57 52 34 23 
73 91 79 69 63 44 47 26 
74 85 70 79 72 46 43 30 
86 98 82 79 71 48 35 28 
71 77 62 58 67 40 40 21 
91 90 81 68 64 49 45 22 
73 73 72 52 54 45 33 22 
66 70 71 53 48 28 31 19 
73 64 63 51 38 27 21 20 
74 57 56 60 32 26 19 12 
28 31 44 40 20 14 10 6 
26 32 29 44 17 16 10 8 
26 30 33 37 25 15 9 5 
26 27 34 24 22 9 20 5 
30 32 23 37 24 11 15 10 
26 28 22 28 29 14 15 13 
37 39 33 40 28 16 18 6 
28 34 30 34 28 21 22 3 
27 36 31 25 27 17 15 7 
32 38 31 24 21 7 11 8 
20 25 28 34 28 15 13 8 
45 45 33 24 22 25 22 12 
29 34 38 33 24 22 20 21 
37 36 36 32 28 15 25 19 
34 47 26 31 31 19 26 12 
34 47 26 31 31 19 26 12 
32 34 30 26 27 24 19 16 
18 35 29 19 27 17 22 17 
26 41 32 26 29 18 22 13 
32 47 33 28 30 25 24 18 
39 44 40 42 30 34 27 17 
46 44 40 38 35 35 31 18 
55 51 37 42 33 37 32 15 
39 48 47 40 40 27 38 20 
19 35 33 35 41 28 29 19 
51 43 61 47 49 34 41 20 
47 50 46 46 41 35 39 24 
27 38 45 45 42 35 35 24 
27 33 35 43 42 34 39 25 
23 37 33 40 40 38 36 26 
16 18 24 32 36 27 32 24 
21 31 33 29 40 43 29 18 
32 26 39 41 46 37 38 28 
34 42 37 49 41 37 41 27 
33 41 40 50 51 38 35 37 
38 33 43 44 43 45 42 30 
41 31 37 49 33 44 41 26 
48 59 76 57 61 47 44 34 
31 43 49 48 39 45 30 33 
24 28 34 46 40 40 35 28 
29 28 32 33 36 35 29 26 
32 30 45 34 42 39 34 19 
32 28 30 32 37 30 37 26 
12 17 21 19 26 29 25 24 
10 25 24 25 23 18 16 27 
12 23 21 28 23 12 22 24 
15 37 19 27 29 22 26 27 
25 29 34 22 31 30 28 22 
25 29 34 22 31 30 28 22 
37 43 27 27 32 36 34 23 
36 32 38 23 34 33 35 27 
24 29 23 20 32 32 34 27 
47 53 42 35 35 36 34 22 
52 53 50 32 36 37 39 23 
28 30 29 24 24 16 22 15 
35 32 28 34 22 12 15 20 
18 40 28 20 16 21 14 15 
23 30 28 27 22 12 14 19 
29 47 28 34 17 15 15 17 
17 26 22 26 26 13 8 18 
12 17 15 18 25 21 12 17 
9 12 12 10 23 14 10 11 
10 15 19 15 24 13 7 12 
12 14 24 11 17 10 9 12 
17 20 14 7 11 11 13 11 
11 16 14 13 9 16 9 8 
18 25 8 14 8 16 7 7 
7 13 9 9 9 10 10 2 
13 14 12 9 9 10 9 5 
7 19 9 12 11 8 7 6 
8 15 16 10 10 16 13 5 
10 15 15 21 16 16 13 7 
16 18 28 17 15 11 20 7 
20 25 16 22 20 14 17 8 
20 25 16 22 20 14 17 8 
16 15 18 18 18 17 24 12 
3 9 8 10 16 21 25 13 
2 11 14 5 12 8 21 8 
3 7 6 7 6 11 13 7 
0 2 3 2 9 6 12 4 
4 4 7 6 12 10 15 7 
2 9 6 11 9 10 15 11 
3 5 7 13 13 10 14 9 
5 8 10 13 10 9 8 6 
4 7 5 8 7 10 8 5 
8 8 10 9 10 8 11 5 
8 8 6 7 12 16 11 12 
3 8 8 11 13 13 12 9 
5 3 8 7 10 13 12 10 
7 10 6 5 13 9 14 10 
6 13 9 6 14 18 13 12 
6 13 9 6 14 18 13 12 
5 6 5 11 14 13 13 4 
9 9 4 9 8 6 6 6 
3 9 7 5 12 10 7 9 
5 5 5 8 6 10 10 10 
4 11 7 8 7 9 11 9 
6 11 12 11 9 17 10 10 
8 15 12 7 19 15 10 11 
15 22 18 12 12 21 13 17 
17 23 21 22 11 9 11 12 
21 26 29 9 13 10 8 14 
31 45 44 21 11 9 16 12 
31 45 44 21 11 9 16 12 
47 33 36 18 17 14 7 10 
16 37 24 24 20 13 14 10 
56 70 60 36 30 28 24 14 
68 67 69 43 23 37 26 15 
52 55 59 37 23 42 25 15 
64 66 72 51 50 43 32 24 
62 67 74 68 44 48 30 20 
67 78 75 50 40 44 32 21 
61 75 65 53 37 48 30 20 
38 40 52 51 37 34 32 25 
27 31 37 37 30 33 22 20 
32 47 58 49 35 37 29 22 
21 28 36 44 29 34 23 22 
37 23 35 42 31 35 24 22 
46 25 37 42 33 31 31 22 
34 45 49 41 35 34 24 20 
37 55 65 38 38 23 33 20 
55 73 82 45 36 26 35 23 
25 54 59 29 36 20 26 15 
27 44 56 35 27 21 21 12 
32 42 53 38 25 21 20 11 
32 40 49 32 20 19 16 10 
32 40 49 32 20 19 16 10 
29 29 42 34 18 15 11 8 
41 32 38 28 16 7 9 8 
26 22 28 27 12 9 12 4 
5 5 16 5 14 11 5 11 
5 10 17 9 10 12 11 11 
15 11 30 14 7 13 11 11 
3 12 13 9 13 17 9 12 
2 8 9 8 13 13 9 9 
5 8 14 9 9 12 10 9 
6 3 12 14 10 13 14 8 
4 9 11 10 12 15 11 9 
27 39 26 21 18 9 9 9 
8 5 15 9 11 13 9 9 
42 37 20 35 41 18 20 11 
27 31 43 48 28 21 19 17 
38 40 46 63 36 26 25 22 
48 44 65 62 37 33 20 19 
44 52 58 68 42 29 20 16 
21 37 45 58 35 26 26 18 
29 52 55 60 28 39 30 17 
28 41 45 66 33 27 29 26 
28 41 45 66 33 27 29 26 
24 31 42 64 52 28 25 24 
24 31 42 64 52 28 25 24 
17 17 23 27 42 25 23 21 
17 17 23 27 42 25 23 21 
19 25 21 27 30 22 25 22 
23 21 22 28 21 25 21 17 
39 31 22 28 25 31 17 20 
27 20 21 30 35 23 20 15 
29 26 22 29 20 23 17 7 
17 28 20 21 14 17 16 10 
21 34 20 33 24 23 16 12 
36 23 32 31 27 18 19 10 
41 38 31 41 22 25 14 15 
28 18 29 35 25 18 13 18 
30 33 36 23 26 19 15 23 
36 24 41 33 31 31 21 23 
35 27 33 31 31 29 25 25 
27 35 26 34 30 26 28 25 
40 41 37 34 26 28 23 25 
35 37 27 29 30 22 19 27 
30 35 32 36 23 23 21 34 
14 33 31 26 27 28 21 21 
29 44 32 31 44 33 20 30 
36 39 38 36 43 33 28 21 
42 36 38 35 31 30 28 21 
54 42 46 46 36 42 40 32 
45 43 33 36 36 33 36 37 
32 35 46 30 24 31 21 23 
35 41 46 42 40 33 24 31 
38 27 31 31 31 36 21 22 
20 21 23 17 19 27 23 20 
31 39 30 44 35 23 16 28 
32 27 25 42 40 26 16 20 
27 34 38 31 33 21 15 22 
27 34 38 31 33 21 15 22 
20 26 33 44 42 28 11 16 
17 29 28 27 29 33 11 18 
24 36 33 39 36 13 11 15 
25 21 30 33 30 15 13 13 
22 24 30 33 30 20 14 16 
31 35 40 25 36 28 11 16 
38 42 35 39 34 27 13 22 
37 47 36 35 33 34 21 25 
42 36 41 33 37 29 23 28 
40 47 41 44 44 33 26 20 
57 54 36 50 34 33 21 21 
52 50 48 43 45 31 20 21 
27 43 46 51 43 29 21 22 
36 38 39 32 39 26 23 24 
56 60 42 39 39 24 28 18 
38 32 36 27 41 30 22 19 
24 22 21 18 38 17 17 23 
32 31 30 24 41 25 24 16 
27 27 32 26 30 21 18 20 
45 47 29 30 25 15 20 18 
40 34 40 30 29 19 22 21 
47 30 36 27 31 22 23 18 
49 40 43 37 39 25 26 20 
50 45 36 34 38 22 20 22 
46 48 58 39 41 32 29 25 
42 59 57 38 42 31 31 17 
43 44 35 35 36 34 19 20 
26 46 29 31 32 30 20 17 
17 28 25 25 23 22 16 16 
26 30 31 27 26 24 17 14 
16 29 22 24 28 28 17 16 
20 27 23 21 27 21 16 10 
14 37 26 21 28 23 18 12 
15 23 26 26 27 19 19 10 
22 29 26 25 21 16 11 13 
11 16 19 17 17 18 19 11 
6 12 12 6 9 13 14 8 
6 8 5 15 9 12 16 9 
4 9 9 8 10 14 10 7 
10 10 11 8 13 10 19 7 
3 11 17 13 16 14 11 9 
18 33 37 30 21 21 17 10 
21 35 37 37 17 23 20 14 
32 31 40 41 30 24 17 9 
24 28 36 40 36 20 19 9 
35 31 38 40 33 20 18 10 
13 14 21 28 24 19 25 12 
9 11 18 18 19 19 21 16 
4 16 11 16 21 17 12 11 
9 15 13 21 17 15 14 14 
15 11 19 18 17 19 14 11 
12 17 17 14 17 28 21 15 
13 28 28 25 13 24 18 19 
32 32 50 29 30 27 31 18 
27 35 36 35 27 22 30 19 
17 33 34 38 29 23 27 21 
17 33 34 38 29 23 27 21 
14 21 31 35 32 24 22 18 
16 21 22 30 29 23 22 21 
18 31 36 36 39 41 25 23 
18 26 36 34 33 35 23 28 
12 21 20 16 25 33 25 21 
21 38 29 34 26 28 26 16 
20 36 32 33 31 26 25 15 
40 31 35 40 36 37 35 22 
17 31 35 42 33 27 32 20 
13 27 24 31 32 25 18 15 
23 22 43 32 31 24 21 14 
36 40 41 28 33 18 26 13 
44 50 58 35 34 25 27 25 
43 58 53 38 30 22 33 16 
37 53 53 36 31 28 26 16 
32 48 56 37 32 27 25 13 
23 36 53 35 26 25 26 13 
29 32 45 25 24 20 17 13 
34 41 49 30 26 23 25 9 
28 34 41 33 27 18 17 12 
24 34 32 27 25 16 18 14 
29 38 39 27 23 21 22 17 
21 31 33 30 21 22 17 14 
32 38 31 35 28 21 19 19 
26 40 40 27 34 29 17 16 
16 42 30 33 28 19 17 16 
27 30 28 35 29 24 17 16 
24 33 34 32 25 27 20 12 
25 44 46 38 25 27 19 18 
17 37 39 40 28 31 19 16 
18 28 41 44 25 28 22 16 
27 42 43 41 40 32 17 18 
28 51 34 47 48 32 25 15 
23 28 41 41 35 31 29 14 
43 48 52 42 51 40 36 17 
36 35 27 32 40 31 36 17 
21 33 29 36 23 38 30 25 
16 28 32 28 33 39 30 18 
26 26 36 36 31 44 31 17 
22 24 28 41 24 40 27 19 
30 40 44 37 31 38 34 19 
32 21 23 29 25 24 27 13 
20 25 24 31 20 22 20 11 
17 17 19 15 21 17 16 11 
13 16 12 17 14 15 15 12 
10 28 19 14 19 11 13 9 
11 22 9 12 18 6 14 13 
1 7 7 11 9 6 9 10 
3 18 11 12 9 7 10 13 
6 12 12 10 15 11 7 10 
3 12 14 10 14 7 10 10 
4 8 10 9 8 11 10 12 
4 7 11 12 5 8 9 12 
11 15 10 10 16 10 13 10 
3 8 6 7 7 4 8 8 
3 8 6 7 7 4 8 8 
10 8 12 15 14 13 13 9 
7 10 14 8 17 13 9 5 
13 24 10 12 21 11 12 8 
10 18 17 16 10 12 14 8 
10 19 24 18 15 11 13 10 
7 18 22 15 15 17 10 4 
16 24 15 14 21 16 13 7 
12 32 16 19 19 20 16 11 
18 15 21 14 18 21 25 8 
15 21 18 24 32 27 17 12 
20 16 23 20 28 21 26 8 
19 27 23 13 30 21 15 9 
21 42 32 35 32 37 33 24 
17 25 26 29 24 29 18 12 
17 26 14 37 24 18 19 9 
12 27 24 22 16 12 13 12 
13 16 28 23 33 17 18 9 
7 17 14 19 17 13 10 11 
27 27 17 19 15 15 10 7 
16 24 35 11 16 14 9 9 
5 12 11 6 7 8 9 4 
18 30 28 22 18 16 11 9 
24 24 27 24 21 14 14 7 
24 24 27 24 21 14 14 7 
20 37 35 25 17 15 16 7 
15 33 33 21 26 8 17 7 
16 29 30 30 25 13 16 10 
6 14 15 10 11 17 9 8 
18 30 45 46 37 26 29 7 
11 19 41 32 28 28 23 8 
11 31 27 37 30 27 17 9 
9 20 25 31 25 20 17 14 
25 19 22 25 20 27 21 18 
18 14 14 19 20 19 18 12 
19 16 14 19 17 17 19 11 
5 17 9 19 19 17 11 15 
13 17 11 14 28 14 14 15 
18 25 24 24 25 20 23 14 
18 20 21 25 22 24 14 21 
15 18 21 13 21 23 16 16 
15 18 19 22 20 25 14 19 
11 13 15 22 16 25 17 23 
12 13 17 17 18 23 26 24 
4 7 14 18 19 19 12 11 
3 7 13 11 17 9 8 10 
8 11 19 13 24 12 10 14 
7 13 19 20 13 15 12 16 
16 20 22 21 17 16 20 14 
12 21 21 18 22 16 17 10 
19 14 16 15 22 11 18 7 
17 10 20 19 15 10 9 6 
21 20 19 22 24 21 23 7 
17 24 17 22 21 20 15 14 
17 13 22 24 21 20 22 12 
15 19 25 31 20 28 27 17 
20 30 31 16 33 20 29 21 
26 29 21 29 29 26 38 23 
18 31 24 35 31 29 35 20 
25 30 30 32 29 26 35 20 
19 24 30 27 40 28 30 20 
23 33 27 31 27 32 22 27 
24 34 31 43 38 36 38 28 
21 31 35 31 39 33 29 20 
24 21 30 31 28 29 23 21 
23 27 33 29 34 28 26 27 
15 19 20 21 23 26 26 22 
31 47 57 43 56 38 34 30 
16 11 19 8 18 9 10 14 
6 7 13 10 16 14 8 13 
4 7 7 6 15 7 7 8 
4 9 13 10 8 6 8 9 
6 18 15 11 18 9 12 14 
13 11 12 11 11 10 15 12 
14 29 22 24 25 16 15 19 
18 42 34 29 33 29 15 13 
30 37 34 39 26 19 17 17 
30 37 34 39 26 19 17 17 
31 48 44 28 31 34 21 22 
37 39 44 26 30 30 26 24 
37 46 38 39 30 27 26 24 
18 33 26 26 28 22 19 20 
12 21 20 21 19 15 14 15 
10 19 16 25 19 13 12 14 
5 11 13 18 19 12 17 15 
9 20 16 24 20 22 14 15 
10 17 18 18 19 21 19 22 
5 12 17 19 20 13 14 22 
5 17 20 25 18 18 13 19 
15 26 18 29 19 20 19 22 
14 17 19 21 26 21 16 17 
12 18 13 17 19 20 15 18 
10 16 16 23 13 21 18 14 
17 33 27 30 23 15 16 17 
13 21 24 17 16 16 16 7 
8 13 27 18 15 17 17 7 
4 16 8 11 17 12 15 11 
2 4 8 7 10 9 12 10 
7 15 7 10 9 8 10 7 
5 12 12 9 10 9 8 6 
3 6 13 10 8 12 11 5 
5 11 19 11 13 20 11 11 
8 14 14 12 17 10 16 12 
10 18 19 17 16 19 12 10 
12 13 21 22 18 18 16 12 
19 24 21 30 24 27 14 10 
19 24 21 30 24 27 14 10 
11 24 26 25 22 16 15 7 
11 24 26 25 22 16 15 7 
13 18 28 32 27 13 14 5 
22 31 40 37 26 16 19 8 
18 26 40 56 36 41 27 20 
8 21 24 29 25 28 22 24 
8 19 13 12 10 19 15 17 
10 13 16 24 11 9 7 13 
4 7 14 15 2 5 10 6 
15 12 10 13 7 11 13 9 
6 12 15 9 15 16 10 14 
12 19 18 18 19 24 21 16 
19 22 20 35 21 24 21 15 
32 36 30 34 22 23 21 15 
31 39 37 48 20 17 24 23 
68 66 52 68 52 41 30 25 
45 48 46 45 28 22 21 20 
36 38 28 32 29 26 24 19 
20 17 19 17 21 19 23 16 
8 16 22 15 16 10 18 14 
13 10 11 11 14 15 15 6 
8 10 8 15 18 8 11 18 
17 18 5 18 20 11 10 11 
17 18 5 18 20 11 10 11 
10 11 15 12 21 11 20 17 
11 13 11 13 21 14 17 22 
6 10 12 12 21 22 21 11 
9 10 10 18 18 17 27 17 
10 16 12 22 26 18 21 18 
8 15 13 17 27 24 23 11 
21 27 15 30 23 22 27 19 
20 23 29 22 34 26 31 15 
11 10 13 16 24 19 29 19 
8 13 19 32 17 10 17 23 
11 15 18 17 23 14 23 15 
20 26 34 28 18 14 26 25 
19 30 27 30 30 22 24 16 
24 31 37 27 25 23 20 24 
36 45 41 32 43 32 31 27 
37 41 40 43 42 43 31 28 
24 18 36 29 38 35 29 31 
49 55 52 45 56 45 34 33 
51 56 55 58 52 42 27 32 
55 57 51 54 46 40 34 25 
22 31 30 36 36 34 35 27 
41 31 48 42 48 32 36 31 
40 43 54 50 43 24 14 19 
31 48 46 33 34 30 20 16 
42 44 43 32 30 19 22 16 
51 41 40 32 30 21 28 15 
54 43 56 31 27 28 26 11 
67 37 50 47 38 28 27 18 
50 54 60 49 34 25 29 12 
47 52 67 44 33 25 30 18 
60 65 61 40 39 32 30 13 
22 26 33 30 30 30 29 16 
30 27 41 30 28 31 23 14 
41 54 45 52 42 36 28 16 
49 40 47 36 34 32 30 7 
42 56 38 33 33 32 31 12 
57 47 37 35 34 35 33 9 
50 45 32 35 42 30 25 17 
47 47 43 38 34 37 36 22 
44 34 33 39 41 30 26 15 
52 26 42 38 41 34 27 18 
51 34 38 42 37 34 29 17 
34 34 39 32 24 27 24 18 
44 44 44 31 39 46 27 30 
36 32 37 32 40 21 34 16 
36 32 38 28 27 33 31 16 
42 36 46 43 29 35 22 16 
41 38 32 40 36 30 27 17 
41 58 38 36 39 30 41 20 
31 35 23 32 29 26 37 23 
31 23 32 29 27 22 35 21 
39 26 39 25 40 29 42 18 
31 26 26 24 31 37 44 14 
37 41 37 30 41 33 35 19 
27 36 38 28 40 30 36 19 
29 31 31 22 32 24 28 16 
33 31 38 30 39 25 33 25 
27 22 26 21 34 21 30 18 
31 26 26 26 39 23 31 19 
30 31 34 32 27 21 27 14 
30 38 28 20 25 22 30 25 
23 29 22 29 21 24 25 25 
23 23 32 35 21 20 32 20 
14 16 18 15 25 21 18 11 
9 9 14 15 18 20 21 13 
11 4 8 12 6 16 13 12 
10 7 12 15 15 17 12 10 
10 7 12 15 14 10 13 10 
14 11 12 15 18 10 12 12 
14 11 12 15 18 10 12 12 
6 5 14 12 32 21 23 7 
6 5 14 12 32 21 23 7 
22 19 15 21 26 16 13 10 
22 25 23 34 21 22 13 7 
24 28 35 29 18 19 15 9 
40 36 34 28 24 16 16 8 
20 25 44 20 25 15 13 8 
31 25 23 26 22 15 13 8 
15 29 17 35 19 12 14 8 
11 15 22 26 24 32 14 9 
15 18 28 24 21 24 23 17 
10 16 22 8 12 21 27 14 
34 26 30 32 38 40 32 22 
29 69 31 55 48 43 50 31 
37 45 37 38 52 33 40 29 
20 40 34 29 45 34 35 24 
19 28 41 25 40 36 29 23 
6 16 28 34 32 24 32 16 
5 16 17 24 30 33 26 18 
12 26 28 25 32 30 32 19 
16 39 29 40 29 28 27 23 
15 31 31 26 34 25 33 23 
22 24 24 29 30 25 33 18 
15 35 37 31 33 32 25 23 
22 31 33 29 40 22 25 17 
25 36 33 27 26 25 23 22 
29 30 33 31 15 28 37 23 
21 19 19 28 18 20 6 9 
12 18 15 19 12 10 19 9 
16 13 18 25 24 9 7 11 
11 11 15 23 19 25 11 13 
15 11 18 21 13 16 17 10 
12 14 15 18 13 16 16 10 
14 17 13 20 15 22 16 7 
20 12 19 18 8 16 13 8 
19 24 23 31 23 26 23 19 
21 20 18 23 25 23 29 11 
10 10 29 24 22 23 23 9 
24 18 30 20 19 20 22 8 
18 23 22 27 23 18 28 11 
23 18 19 26 17 14 27 12 
11 11 19 19 13 13 23 13 
11 11 19 19 13 13 23 13 
8 9 19 15 15 15 21 12 
17 21 22 25 18 13 17 13 
4 17 22 20 12 10 20 10 
4 17 22 20 12 10 20 10 
16 21 22 19 12 11 21 15 
13 9 13 22 21 12 13 20 
15 15 13 21 16 9 13 19 
10 10 13 14 15 12 14 19 
11 13 15 18 14 11 17 17 
6 18 20 25 14 9 11 15 
8 11 16 11 11 9 9 13 
10 11 17 18 17 12 13 8 
5 6 14 11 13 11 13 8 
8 9 9 12 7 13 9 11 
7 12 18 15 10 9 11 17 
13 11 16 19 20 15 15 11 
13 11 16 19 20 15 15 11 
13 12 13 16 12 16 9 12 
10 9 10 8 12 14 10 17 
5 4 7 8 10 9 14 12 
11 14 13 10 14 14 14 4 
12 10 14 11 17 16 13 8 
15 6 16 9 11 14 9 10 
11 11 18 11 12 12 15 17 
9 8 7 8 12 11 14 16 
7 2 5 8 6 8 11 10 
10 1 11 8 14 17 15 12 
13 12 16 20 19 14 14 8 
26 13 17 11 16 16 13 10 
22 11 15 19 13 18 14 11 
18 15 24 18 17 9 16 13 
26 21 19 14 18 17 21 10 
31 19 27 13 20 16 20 12 
31 26 23 17 23 18 18 12 
32 27 27 18 11 14 15 5 
26 29 26 24 17 17 19 11 
49 34 45 30 26 27 21 8 
49 34 45 30 26 27 21 8 
34 38 49 22 19 27 17 12 
30 40 26 29 27 27 17 12 
30 40 26 29 27 27 17 12 
36 31 42 22 20 22 18 14 
25 31 44 27 30 24 24 15 
63 59 50 25 33 40 24 19 
27 41 31 34 27 25 19 6 
33 23 27 24 24 15 13 4 
37 36 33 17 24 19 17 3 
30 31 20 9 20 15 8 9 
26 25 32 19 15 16 6 9 
29 29 16 12 15 12 11 8 
18 18 19 22 22 6 11 8 
5 9 9 13 11 15 7 9 
10 9 17 10 24 13 12 9 
5 9 9 14 19 10 9 6 
10 15 12 18 17 12 9 6 
28 23 12 10 14 9 8 7 
19 17 18 15 13 10 8 5 
12 16 14 9 15 7 9 9 
10 7 12 8 12 10 7 6 
4 8 7 10 11 11 7 6 
7 8 11 12 14 12 11 13 
6 13 16 13 12 14 15 13 
6 10 10 8 13 9 18 7 
6 13 16 14 10 10 19 15 
8 9 16 9 10 14 16 16 
4 13 11 6 9 12 17 15 
11 19 14 17 12 18 21 13 
12 11 24 13 19 14 26 16 
19 21 18 18 18 15 16 14 
17 25 19 20 20 13 15 16 
12 21 11 19 10 14 17 11 
10 17 7 11 14 12 20 15 
11 8 9 13 15 9 14 13 
9 16 9 11 11 14 15 10 
8 8 10 13 13 14 11 12 
7 14 11 13 15 13 18 9 
9 9 13 13 17 16 18 12 
7 12 10 7 14 6 14 14 
7 12 10 7 14 6 14 14 
6 3 9 12 13 17 18 15 
6 3 9 12 13 17 18 15 
8 6 10 15 11 18 15 16 
6 1 3 10 8 13 11 15 
6 4 14 7 9 20 10 4 
11 11 16 16 22 12 10 8 
19 33 37 21 13 10 13 10 
21 40 50 43 28 26 27 6 
73 64 50 54 31 29 26 8 
76 43 62 55 29 22 26 10 
68 61 64 54 31 29 27 17 
66 67 50 52 27 22 33 8 
65 58 51 62 33 27 35 14 
40 42 43 54 27 25 27 24 
29 37 38 56 38 33 35 28 
61 66 60 60 41 35 39 32 
83 105 100 80 68 49 59 36 
67 80 86 61 57 46 41 37 
88 78 86 68 66 51 41 35 
69 80 88 64 63 49 39 31 
69 59 70 60 70 39 32 35 
28 59 73 60 57 32 35 29 
48 69 65 71 65 42 31 34 
22 33 32 53 47 46 38 33 
27 30 37 57 66 44 34 29 
19 27 35 51 53 53 33 22 
13 18 34 46 45 36 34 20 
27 23 34 38 62 46 27 30 
26 33 26 54 59 48 26 28 
33 34 40 35 48 53 21 28 
23 27 38 46 45 48 32 28 
26 32 27 23 34 19 29 15 
12 19 18 19 35 16 22 15 
13 14 15 26 20 12 17 18 
15 16 32 26 33 22 6 13 
1 2 5 17 19 8 11 4 
1 0 5 5 8 6 6 4 
2 1 5 5 6 6 9 3 
5 11 9 9 6 6 7 4 
3 4 8 8 7 8 6 7 
4 4 10 1 9 6 3 4 
5 8 3 8 5 6 4 1 
6 10 7 5 9 7 6 3 
3 5 4 6 4 10 2 4 
3 4 9 9 7 6 3 5 
1 3 7 6 7 7 3 2 
3 6 9 16 5 8 9 5 
7 12 8 9 11 12 7 8 
7 12 8 9 11 12 7 8 
5 11 9 8 11 9 8 2 
9 18 19 14 8 14 14 6 
8 18 16 10 8 13 14 8 
5 10 15 17 10 11 9 12 
2 6 13 2 6 6 5 8 
5 27 31 22 20 11 14 5 
24 35 33 27 21 14 13 9 
15 33 33 25 21 11 12 6 
4 11 16 14 15 10 14 7 
4 10 12 16 10 8 8 6 
1 2 10 14 8 10 12 4 
3 9 11 7 10 6 14 4 
7 8 9 10 8 5 14 6 
4 5 8 15 10 5 10 7 
7 9 13 16 4 7 10 6 
5 9 9 7 7 6 5 5 
3 1 3 7 5 2 9 4 
3 1 3 7 5 2 9 4 
4 5 6 6 7 4 6 4 
4 5 7 6 5 3 6 3 
7 7 5 8 3 2 3 5 
6 7 9 3 4 4 5 1 
1 7 11 11 5 3 4 2 
6 11 20 18 12 5 4 2 
17 11 29 30 36 29 14 12 
17 11 29 30 36 29 14 12 
13 16 26 33 44 27 18 20 
28 25 43 40 37 26 22 14 
35 32 60 47 40 22 26 14 
42 44 63 63 62 26 25 13 
46 59 57 67 48 29 26 14 
53 35 66 59 55 26 25 14 
18 22 51 59 35 42 19 19 
29 29 40 43 33 27 22 15 
37 29 33 34 35 31 29 20 
35 34 27 43 26 23 24 19 
28 21 25 29 30 22 18 13 
31 21 20 26 28 22 14 16 
23 24 15 24 28 23 14 17 
23 25 25 24 26 22 22 22 
37 43 43 37 46 33 31 31 
27 24 33 34 27 29 27 26 
23 33 27 38 25 25 24 32 
26 19 25 35 22 18 27 23 
44 34 38 36 32 24 32 27 
31 42 32 37 28 28 23 27 
48 60 46 45 54 31 32 44 
36 34 34 39 40 28 30 31 
28 31 34 44 42 29 30 37 
34 25 36 44 44 22 32 34 
24 39 40 30 33 27 28 29 
23 39 35 29 36 29 30 28 
37 40 44 43 41 35 36 34 
44 50 42 52 31 35 30 30 
35 52 40 47 34 31 32 30 
31 38 41 38 32 35 33 23 
43 46 38 46 29 29 36 23 
35 38 33 36 26 25 30 28 
47 37 45 37 35 28 23 16 
37 31 31 20 32 19 19 17 
38 31 27 22 28 15 21 13 
28 21 22 10 25 16 19 9 
15 24 20 17 17 18 25 16 
14 18 13 18 13 17 13 16 
14 11 13 18 18 19 17 15 
18 11 13 17 12 11 15 14 
12 9 11 15 11 13 11 13 
13 13 16 22 20 8 15 11 
12 14 23 20 17 14 15 11 
13 21 20 17 17 8 13 10 
12 20 22 17 21 19 20 12 
13 16 19 19 17 19 14 12 
19 20 21 22 23 25 11 12 
19 29 23 18 26 22 12 13 
17 23 25 28 29 9 13 13 
12 28 32 30 24 20 8 12 
23 42 38 18 25 9 17 17 
21 35 42 23 21 12 20 7 
10 29 36 40 24 12 13 2 
39 46 41 33 19 17 9 9 
46 43 35 32 17 11 8 5 
34 42 38 28 14 20 5 6 
55 43 43 37 23 22 20 10 
67 61 38 45 30 23 16 12 
69 62 49 51 38 26 17 10 
48 54 51 67 36 39 23 12 
58 56 69 55 31 24 19 5 
70 58 71 65 33 20 23 7 
68 46 68 63 29 22 23 14 
13 21 34 43 18 27 13 14 
59 62 63 57 35 26 26 15 
63 50 79 59 41 31 26 13 
58 81 69 71 38 34 28 15 
73 66 88 70 35 30 24 16 
72 81 80 68 38 35 23 9 
65 83 82 65 44 34 23 14 
61 77 64 72 45 32 27 16 
67 93 71 75 42 35 24 13 
66 68 76 67 50 30 29 17 
51 54 70 74 45 27 27 18 
73 79 83 83 48 42 40 26 
100 89 78 87 49 31 30 32 
89 73 87 78 52 34 31 33 
86 84 79 83 40 38 28 29 
85 75 77 82 57 37 36 28 
17 17 43 39 31 39 30 30 
88 83 79 74 46 38 35 31 
76 76 69 73 37 27 32 33 
97 66 75 69 39 39 29 30 
89 73 80 69 44 41 34 32 
80 71 72 74 37 35 35 32 
80 71 72 74 37 35 35 32 
49 62 85 71 48 38 32 22 
48 58 78 78 44 28 35 24 
48 73 59 63 46 32 27 17 
51 60 52 56 40 25 20 10 
41 44 36 55 26 26 15 10 
24 22 35 20 24 15 10 13 
17 18 18 16 16 9 12 3 
19 16 21 13 13 9 10 6 
8 19 20 18 14 15 16 3 
20 17 19 19 17 6 9 4 
20 17 19 19 17 6 9 4 
21 11 21 20 17 12 22 6 
26 24 23 24 23 19 20 18 
24 21 22 24 20 14 22 14 
20 14 29 25 14 26 15 21 
15 27 22 22 15 19 21 18 
5 13 21 24 11 16 23 15 
15 15 23 13 20 12 20 22 
13 15 17 15 16 11 20 19 
5 13 11 13 12 13 17 24 
22 15 19 13 18 16 22 18 
19 22 22 21 19 21 21 28 
27 33 41 32 21 29 31 29 
38 39 40 31 24 36 30 21 
26 24 21 36 21 33 23 29 
31 26 26 27 25 27 23 21 
24 12 20 22 21 15 28 21 
22 16 17 18 18 14 18 21 
15 18 28 24 13 18 20 22 
11 8 8 13 15 7 15 17 
8 4 11 10 12 9 19 11 
2 7 7 18 11 10 14 16 
6 8 12 13 17 13 18 13 
12 11 21 15 18 17 21 20 
15 17 16 18 16 16 20 14 
15 17 16 18 16 16 20 14 
16 16 18 16 21 17 17 14 
21 23 15 20 26 35 20 14 
33 32 31 27 20 28 16 10 
32 32 30 30 23 21 16 13 
28 37 25 36 30 16 19 11 
19 12 20 25 27 19 20 13 
17 7 20 25 23 8 18 17 
46 47 32 22 23 16 23 10 
35 28 36 28 32 12 17 16 
22 20 28 19 24 20 20 14 
27 27 38 22 33 16 22 9 
24 34 42 35 29 20 23 13 
23 36 31 34 33 26 21 12 
19 30 39 26 36 17 18 18 
38 53 40 26 33 28 21 15 
56 51 39 38 25 36 17 17 
57 49 40 33 25 20 18 20 
50 53 36 30 34 27 17 19 
54 37 37 27 29 17 24 16 
25 38 23 29 30 24 15 19 
33 31 31 23 35 19 19 15 
46 45 34 29 29 17 15 16 
44 47 36 25 29 21 18 19 
58 39 37 30 31 24 19 10 
33 40 28 21 36 19 15 9 
28 27 23 33 25 23 28 13 
8 19 16 15 19 20 14 15 
10 15 14 22 22 24 21 15 
9 16 13 17 21 21 19 11 
12 20 11 19 20 15 11 12 
15 21 11 27 20 23 14 14 
20 20 17 22 19 21 15 11 
15 23 31 28 30 25 18 13 
24 23 22 28 24 20 17 8 
21 21 26 21 24 21 23 11 
41 39 29 27 15 24 25 20 
34 31 28 31 28 16 29 20 
48 35 32 40 27 24 30 22 
63 49 47 33 31 27 36 25 
46 41 45 27 33 29 33 20 
53 35 45 25 34 23 32 20 
32 30 40 27 34 33 27 22 
47 24 37 28 29 26 34 18 
34 37 30 26 28 25 26 11 
39 47 36 28 22 26 31 16 
20 20 28 19 21 17 20 16 
24 17 26 22 24 19 17 20 
48 45 26 31 32 24 29 16 
38 37 37 25 31 21 25 11 
42 35 33 19 29 24 23 13 
42 35 33 19 29 24 23 13 
35 35 39 21 27 22 35 11 
35 35 39 21 27 22 35 11 
22 31 22 25 23 22 35 11 
42 32 28 31 29 21 34 14 
42 32 28 31 29 21 34 14 
59 36 39 39 32 27 32 14 
48 50 37 39 32 31 34 13 
50 55 39 30 34 34 33 12 
69 67 47 35 38 33 30 10 
61 52 49 40 37 27 36 15 
54 54 48 32 36 29 31 17 
73 66 54 44 37 36 38 17 
73 53 45 46 42 41 40 14 
43 34 29 39 33 39 33 15 
59 40 38 32 46 34 35 12 
51 36 38 35 35 33 37 10 
36 30 33 36 39 33 28 12 
38 33 32 32 31 38 23 15 
41 26 40 34 31 35 22 16 
48 45 40 27 30 27 27 18 
42 43 26 32 28 26 26 9 
32 26 24 18 17 21 21 10 
27 29 32 23 23 28 20 9 
35 42 37 35 18 27 29 14 
9 24 16 13 24 17 17 12 
27 38 23 31 24 25 33 11 
23 37 31 28 28 32 25 14 
31 52 34 36 28 35 28 16 
43 45 31 38 27 34 26 18 
42 43 33 30 30 35 27 15 
75 74 61 55 42 47 47 28 
70 64 52 56 44 40 38 22 
63 67 64 52 42 44 34 22 
74 56 67 59 44 40 37 24 
56 65 45 53 47 33 33 21 
63 60 47 54 45 46 39 19 
43 55 45 36 48 34 42 23 
91 97 74 55 68 62 55 36 
68 72 53 55 41 44 44 30 
53 56 53 40 44 34 43 28 
48 56 42 54 42 40 42 32 
46 47 34 42 36 35 43 31 
51 42 30 44 35 34 33 33 
66 40 31 35 29 31 39 33 
60 50 40 34 35 35 46 29 
45 49 40 31 29 28 32 32 
32 38 47 32 35 33 29 30 
35 34 35 28 33 26 32 29 
40 29 38 31 25 32 35 32 
50 54 42 31 29 38 33 27 
61 49 45 45 34 29 41 30 
59 45 51 35 26 35 35 31 
54 52 48 35 44 28 34 30 
52 51 40 36 35 30 35 28 
53 36 46 43 33 37 40 28 
44 45 46 37 34 34 38 27 
58 63 47 46 48 41 40 36 
63 70 42 55 43 46 33 34 
58 51 48 46 38 40 38 33 
60 55 53 48 28 38 42 34 
55 45 53 40 38 36 43 28 
42 38 38 46 34 36 35 31 
41 54 41 39 29 39 27 32 
18 26 23 29 22 23 24 23 
24 24 27 16 23 19 22 26 
29 33 44 25 26 30 23 32 
19 39 37 30 31 31 34 31 
40 37 43 37 31 32 36 27 
60 51 59 44 43 41 28 36 
49 55 51 35 43 32 32 28 
42 50 51 54 37 40 32 31 
36 28 51 45 37 38 33 30 
45 48 45 37 36 40 38 28 
46 52 51 48 38 40 38 32 
46 52 51 48 38 40 38 32 
86 84 69 59 41 52 49 32 
107 84 63 58 45 48 47 34 
98 79 79 71 46 42 50 33 
87 78 70 69 48 53 40 39 
39 45 63 50 44 48 46 33 
58 67 60 54 44 50 47 35 
64 68 58 53 39 48 47 30 
75 55 63 51 42 45 45 31 
59 47 60 44 41 39 38 31 
44 48 45 41 32 30 36 34 
49 42 42 44 43 53 41 37 
22 36 37 39 31 25 33 32 
29 25 28 34 21 26 33 24 
19 22 35 28 23 17 29 23 
19 28 31 38 20 17 19 28 
20 23 23 22 23 22 26 20 
21 26 31 26 23 20 22 30 
30 30 41 28 21 22 33 27 
27 33 31 20 24 30 27 27 
36 36 47 27 28 28 34 26 
25 36 33 33 26 26 24 26 
30 34 38 38 25 31 31 33 
30 39 34 30 26 35 28 25 
52 62 63 59 41 46 42 35 
48 50 45 41 29 34 27 32 
37 41 39 38 31 25 29 24 
34 38 41 29 35 21 29 25 
30 33 25 24 27 19 30 21 
31 36 22 22 26 27 26 25 
35 34 31 34 28 19 26 22 
33 30 29 30 23 18 33 25 
25 23 25 33 24 13 29 28 
28 27 17 31 25 18 30 29 
23 22 19 18 27 16 24 25 
12 21 20 33 15 16 18 23 
26 23 32 31 26 16 28 16 
23 26 27 26 24 8 25 15 
18 22 32 28 32 12 20 16 
24 31 40 25 33 23 25 21 
24 35 37 38 29 21 26 23 
16 42 30 40 27 18 19 24 
34 46 44 45 48 29 27 30 
34 38 45 47 48 31 27 24 
40 38 43 47 46 35 28 25 
48 47 56 45 50 33 25 29 
37 40 55 49 43 42 30 23 
70 93 86 52 54 55 36 30 
76 85 75 60 47 49 28 27 
63 74 68 48 52 43 39 25 
66 90 77 59 47 40 40 24 
49 64 49 48 40 37 22 30 
33 49 47 33 48 31 34 25 
81 61 55 50 41 31 31 31 
53 54 46 47 42 28 21 30 
25 52 49 28 42 30 33 22 
31 46 41 39 35 25 21 27 
33 40 32 29 26 16 21 21 
22 23 30 22 19 20 23 14 
23 31 33 26 34 19 12 18 
20 26 30 15 29 16 18 14 
16 21 28 19 21 17 16 18 
15 24 30 31 23 18 8 21 
15 13 35 18 21 16 13 23 
22 19 21 26 20 13 16 25 
21 24 27 27 27 16 17 21 
25 37 35 28 26 20 21 21 
26 30 31 31 32 28 21 21 
21 34 31 29 30 19 27 25 
20 27 38 36 27 32 26 21 
39 46 45 43 27 27 20 28 
29 34 31 28 23 31 20 21 
23 32 32 21 30 25 11 21 
18 29 27 24 22 24 20 14 
23 27 20 26 24 26 16 13 
32 27 32 24 21 20 14 15 
32 27 32 24 21 20 14 15 
29 27 36 19 16 22 11 15 
31 36 25 24 19 28 10 11 
29 30 27 19 30 17 15 15 
17 30 35 25 20 22 13 13 
29 35 38 20 25 19 11 14 
8 19 22 15 25 13 14 10 
2 5 14 10 16 16 13 11 
4 6 5 7 4 15 7 10 
5 3 7 4 4 10 10 10 
6 7 11 13 11 8 6 12 
7 8 12 8 11 9 9 11 
12 9 19 9 11 11 15 10 
13 7 5 11 11 8 14 17 
8 11 10 8 19 9 15 8 
10 9 8 4 9 12 12 7 
9 12 11 9 12 7 15 11 
17 13 23 14 14 8 11 13 
19 12 21 17 17 10 12 9 
19 12 21 17 17 10 12 9 
18 25 21 22 19 12 10 9 
38 33 36 26 13 15 13 15 
11 16 14 13 17 10 9 10 
0 3 6 4 6 5 5 5 
6 4 3 6 9 6 9 5 
6 4 3 6 9 6 9 5 
6 3 2 12 7 6 12 12 
10 18 13 17 14 16 16 17 
8 13 17 15 15 17 25 16 
28 26 25 31 34 19 31 23 
64 56 61 50 44 29 30 24 
78 60 57 53 36 30 26 17 
67 56 75 56 39 31 33 19 
28 26 26 25 31 21 34 28 
15 16 22 22 20 21 14 14 
14 10 16 21 17 8 5 9 
7 12 16 11 13 9 9 10 
5 14 15 20 15 18 16 17 
23 31 36 32 29 15 23 11 
18 22 27 26 22 23 23 20 
10 12 26 18 23 12 16 16 
6 4 8 9 12 13 21 13 
6 5 13 14 16 11 21 18 
18 24 19 24 30 19 29 17 
30 23 27 22 26 30 30 21 
42 24 38 32 39 26 33 28 
53 32 30 36 34 36 31 28 
32 27 25 31 26 31 32 28 
32 27 25 31 26 31 32 28 
13 28 21 14 18 18 24 25 
8 11 14 15 12 15 18 10 
19 27 18 30 17 19 16 15 
17 18 23 23 27 16 16 16 
13 18 19 20 22 14 13 14 
20 22 27 16 20 17 17 17 
26 28 28 33 25 19 16 18 
47 40 50 39 26 36 26 21 
92 71 54 54 43 41 36 20 
48 47 49 31 36 32 28 23 
30 26 22 22 24 20 36 12 
23 12 26 21 15 12 21 13 
28 26 25 21 20 10 13 16 
27 24 22 14 19 16 12 15 
21 21 19 21 18 17 12 9 
13 12 8 19 9 15 10 11 
10 12 14 15 15 18 14 12 
22 23 13 17 20 11 10 11 
22 20 19 17 25 16 28 16 
22 20 19 17 25 16 28 16 
36 38 28 35 22 23 23 14 
36 37 27 32 19 33 22 14 
25 20 24 23 19 19 27 13 
20 17 23 23 19 15 20 15 
12 9 20 11 15 15 15 9 
10 13 12 19 19 16 16 8 
23 23 23 35 13 19 27 9 
27 19 17 33 25 14 20 5 
35 29 35 42 24 22 18 17 
34 29 37 34 20 17 19 16 
29 31 22 34 17 17 14 9 
28 35 38 44 20 24 11 15 
31 26 36 30 28 31 18 11 
47 46 57 76 56 38 41 20 
50 57 67 63 60 48 47 22 
51 58 68 70 59 47 50 31 
54 59 59 65 64 52 59 30 
72 71 64 73 62 60 53 33 
69 76 81 77 57 51 53 37 
76 87 82 70 52 55 48 39 
100 90 73 71 63 61 52 37 
88 94 86 61 68 53 54 34 
66 82 78 72 59 47 51 29 
66 78 75 78 68 59 58 33 
111 114 111 108 81 71 53 39 
65 76 71 71 70 62 53 32 
56 56 67 60 60 52 54 29 
52 50 45 48 46 53 51 20 
26 31 36 30 28 28 30 20 
11 13 13 15 14 18 12 6 
13 11 15 7 18 16 10 11 
15 10 14 22 24 12 15 12 
12 11 12 16 12 13 15 9 
15 17 9 18 17 18 18 11 
8 17 12 19 15 14 18 11 
14 16 18 8 14 15 21 14 
12 22 19 19 24 17 21 20 
10 16 14 25 15 14 21 11 
8 15 17 17 20 9 8 12 
12 5 11 12 19 17 13 9 
7 10 13 8 19 18 15 11 
9 5 10 13 12 15 9 8 
10 11 17 14 12 12 8 11 
10 6 5 6 9 11 8 5 
8 21 16 11 13 11 14 11 
21 38 22 11 16 9 11 6 
15 19 13 7 9 6 12 7 
18 11 13 11 10 12 8 7 
18 11 13 11 10 12 8 7 
9 11 8 6 7 5 5 2 
10 16 15 11 8 11 11 5 
12 6 11 7 10 7 5 7 
4 2 5 4 1 7 6 6 
4 9 10 8 7 8 11 4 
6 6 5 5 5 7 8 5 
2 4 2 7 5 9 6 4 
2 4 2 7 5 9 6 4 
6 5 3 7 7 6 9 3 
7 5 6 7 8 9 9 5 
3 7 7 11 12 8 9 7 
7 18 21 22 8 10 8 17 
21 24 19 18 19 24 19 26 
31 24 24 26 41 33 38 33 
25 26 36 29 42 42 30 23 
25 26 31 32 35 26 22 27 
31 27 49 38 52 37 31 22 
23 38 44 62 57 36 34 30 
19 23 29 57 60 37 28 31 
27 44 46 64 65 31 29 31 
57 52 64 76 71 40 28 32 
43 36 62 60 61 37 28 29 
51 44 47 64 59 37 25 27 
36 41 37 55 46 29 34 30 
11 20 19 23 18 15 25 25 
11 21 17 16 17 13 15 12 
14 18 20 18 22 10 9 11 
11 12 15 20 24 8 10 14 
6 11 17 14 16 8 14 9 
10 13 14 12 16 17 10 15 
15 9 16 22 18 10 18 17 
10 25 15 17 26 10 20 18 
19 22 20 10 23 13 19 20 
19 22 20 10 23 13 19 20 
12 15 23 17 22 14 16 14 
22 13 24 21 25 11 22 19 
16 12 21 23 21 7 21 14 
20 14 24 19 28 14 13 19 
20 20 15 34 25 18 15 18 
15 16 15 33 20 20 12 15 
19 16 24 27 21 18 15 13 
18 14 25 26 22 17 8 21 
15 26 26 33 13 18 13 17 
13 16 33 26 10 19 13 17 
15 19 16 17 12 19 13 16 
8 16 28 25 15 21 9 15 
7 18 23 29 13 10 12 16 
7 18 23 29 13 10 12 16 
18 22 22 24 14 15 14 14 
15 16 19 21 14 15 15 9 
7 6 12 13 11 16 11 6 
4 6 8 9 8 16 14 6 
2 4 1 9 7 9 8 6 
4 4 2 7 7 6 6 8 
4 0 2 5 8 13 7 4 
3 6 9 8 8 11 11 7 
10 7 10 2 9 8 10 5 
7 4 9 8 7 10 9 6 
6 12 8 6 7 8 10 7 
8 12 9 7 4 9 6 7 
8 7 12 10 7 13 9 10 
5 6 10 8 11 18 8 4 
10 6 10 10 14 15 14 8 
10 6 10 10 14 15 14 8 
6 14 13 13 11 19 16 18 
11 5 20 10 15 11 12 12 
6 13 11 18 11 18 9 7 
16 12 18 17 12 20 14 8 
18 14 19 14 16 28 15 10 
10 12 32 25 17 25 17 11 
25 20 36 28 21 23 21 12 
16 21 30 20 15 23 15 11 
32 29 31 28 19 14 19 21 
22 15 29 25 21 19 15 15 
20 24 25 24 16 24 15 11 
17 21 12 15 16 18 21 12 
18 11 18 14 15 15 10 12 
29 21 17 19 15 11 17 11 
16 15 17 11 12 12 11 11 
20 27 24 17 12 11 11 9 
12 16 11 9 11 13 11 8 
9 8 11 15 9 6 11 7 
3 15 10 8 9 8 6 12 
3 15 10 8 9 8 6 12 
3 10 12 9 12 11 3 8 
7 12 11 9 6 15 4 11 
8 9 12 7 8 11 7 10 
8 11 16 13 13 15 8 7 
9 15 18 12 20 23 11 10 
10 22 19 18 17 15 12 13 
12 20 19 16 17 19 17 9 
11 24 17 19 22 18 13 10 
8 13 21 29 31 18 13 8 
19 29 27 35 34 21 11 11 
19 26 32 33 25 16 12 15 
22 23 21 38 23 19 21 14 
25 24 41 34 34 12 21 17 
25 24 41 34 34 12 21 17 
28 24 36 35 35 13 24 22 
30 41 38 35 31 22 17 18 
44 24 37 29 28 21 15 14 
23 21 32 26 27 18 20 11 
18 20 21 32 27 15 20 15 
18 14 26 31 19 14 17 14 
9 10 11 16 22 13 9 10 
6 9 13 14 17 12 11 6 
10 8 17 16 16 13 14 9 
10 8 17 16 16 13 14 9 
6 10 11 15 14 14 11 10 
16 13 13 15 19 8 15 9 
9 4 10 14 14 11 14 6 
7 5 5 9 12 11 15 6 
13 6 9 9 16 14 12 7 
8 8 7 8 9 9 11 10 
9 5 9 14 9 9 8 10 
10 10 16 11 9 12 9 10 
8 10 8 9 13 11 8 7 
8 14 7 8 11 7 10 11 
8 14 7 8 11 7 10 11 
12 11 9 9 10 7 9 14 
4 5 9 7 11 8 9 10 
6 4 15 10 8 10 9 8 
6 10 15 13 13 14 10 11 
5 11 5 23 12 9 17 17 
8 6 12 8 13 13 18 20 
0 9 5 12 13 21 9 21 
15 22 21 35 40 45 40 26 
15 22 21 35 40 45 40 26 
25 26 32 40 41 46 31 20 
19 19 25 49 52 54 34 26 
20 30 36 50 46 50 45 25 
11 24 33 44 41 47 47 28 
5 12 25 43 43 55 39 29 
33 36 50 62 55 58 51 32 
29 39 43 43 47 53 40 23 
22 41 41 46 52 47 31 19 
23 30 35 42 38 28 31 20 
20 26 34 21 34 31 24 16 
13 25 21 11 18 12 20 11 
23 17 24 27 22 11 20 14 
26 23 22 25 11 15 19 15 
17 22 25 17 21 17 20 17 
15 26 18 18 30 17 19 20 
24 29 21 34 33 19 22 17 
27 27 19 24 31 16 22 19 
29 30 33 31 31 24 26 21 
23 24 21 22 21 26 21 22 
24 29 18 18 30 18 19 21 
15 8 25 22 23 12 19 16 
15 25 18 21 19 19 21 14 
21 18 21 23 19 16 22 14 
19 19 22 14 22 19 20 19 
16 19 14 15 20 14 17 16 
14 19 15 22 13 13 11 11 
14 19 15 22 13 13 11 11 
20 14 17 20 16 11 14 10 
12 14 11 13 9 7 16 10 
10 18 11 10 11 14 10 10 
15 25 27 9 11 14 13 16 
23 25 17 7 9 13 15 16 
16 24 15 9 10 11 13 13 
17 24 23 24 19 23 16 13 
21 24 29 18 22 19 15 12 
28 29 31 24 19 18 16 13 
28 22 31 27 26 16 22 11 
17 23 21 18 22 16 18 18 
28 28 26 23 22 10 15 15 
17 19 25 16 16 11 11 14 
13 13 17 17 17 15 10 17 
4 10 9 11 10 16 10 15 
8 11 6 12 13 7 16 14 
3 10 11 8 13 13 10 17 
3 5 2 9 9 12 11 10 
8 12 6 8 7 12 16 12 
4 4 9 7 11 12 13 9 
4 4 9 7 11 12 13 9 
6 4 9 7 8 11 11 11 
5 3 7 7 6 10 15 5 
9 6 9 9 6 8 12 9 
2 7 5 9 9 6 14 13 
8 4 7 9 11 12 8 10 
7 11 7 5 9 14 13 6 
11 12 15 12 9 15 18 6 
11 12 15 12 9 15 18 6 
11 17 13 19 9 20 17 11 
10 25 18 19 13 18 13 13 
25 27 20 14 12 18 12 11 
23 25 29 17 14 11 13 7 
29 27 27 30 25 15 12 8 
17 15 26 32 26 28 13 15 
23 30 33 46 40 28 20 18 
59 69 67 53 50 36 37 23 
67 78 75 66 51 36 43 25 
60 67 76 50 56 49 44 23 
46 68 75 57 44 51 37 21 
49 61 87 67 64 63 42 27 
22 36 35 31 39 31 17 25 
25 29 23 22 24 29 18 17 
6 21 16 20 20 15 11 15 
11 16 27 18 22 21 15 15 
11 19 19 13 16 12 8 8 
10 20 11 7 17 11 14 13 
14 14 11 13 11 9 14 6 
12 14 12 5 11 7 5 12 
16 11 7 4 9 9 3 10 
15 9 8 8 15 6 11 13 
15 13 15 15 15 15 13 8 
16 18 14 17 15 15 11 8 
14 18 14 18 17 12 22 18 
10 10 13 10 24 12 25 18 
8 6 11 12 15 11 16 17 
8 6 11 12 15 11 16 17 
9 18 16 23 22 17 30 20 
12 22 16 28 25 20 27 23 
39 39 32 43 32 35 29 27 
37 40 47 50 42 26 41 26 
20 30 35 45 39 27 33 27 
48 60 70 62 57 48 45 35 
37 47 52 49 47 36 42 31 
54 51 71 55 51 45 43 32 
55 55 60 54 56 36 35 38 
70 62 62 65 50 47 45 33 
62 62 77 50 54 41 44 28 
69 63 63 62 57 37 37 36 
66 64 56 59 58 43 44 25 
55 54 56 50 45 42 34 22 
52 44 57 38 48 40 31 28 
66 73 67 48 61 52 46 36 
56 68 62 49 52 39 35 28 
39 56 50 37 38 34 35 25 
39 54 43 39 35 31 33 24 
28 49 45 29 35 34 30 23 
38 48 31 33 28 30 25 24 
37 53 33 31 34 24 20 20 
56 48 53 42 24 28 19 15 
46 39 51 38 26 24 27 21 
54 50 35 40 28 25 23 18 
41 36 56 40 27 28 13 15 
43 32 44 34 27 22 15 19 
46 38 43 37 22 20 17 16 
48 40 46 29 26 21 15 17 
58 47 55 28 19 22 18 13 
47 37 38 27 16 17 13 13 
45 41 39 27 18 18 21 10 
47 31 40 22 24 18 11 10 
35 37 43 30 27 15 16 7 
50 38 41 28 29 14 15 8 
57 36 43 24 22 12 10 10 
46 28 41 22 25 17 11 6 
47 33 43 26 22 17 14 9 
39 30 36 20 22 16 15 6 
41 30 24 24 22 15 13 5 
39 32 31 23 20 13 13 7 
33 35 17 21 15 11 13 7 
33 25 33 18 16 11 13 7 
33 25 33 18 16 11 13 7 
25 27 25 21 14 11 13 5 
22 16 25 18 15 6 12 10 
21 14 17 15 15 7 11 11 
18 15 18 12 12 7 16 8 
11 24 21 9 13 6 11 10 
14 18 15 11 10 8 8 11 
11 17 14 14 15 6 9 10 
12 19 14 20 11 9 10 7 
16 14 24 8 12 13 13 10 
16 18 22 14 12 7 13 11 
16 18 27 10 13 9 13 11 
25 21 30 15 19 15 10 10 
13 30 27 20 21 11 18 10 
38 51 46 33 19 18 18 11 
57 57 53 27 18 19 19 9 
57 57 53 27 18 19 19 9 
32 45 48 26 17 16 18 13 
25 30 26 25 30 22 18 13 
25 26 16 17 26 16 16 14 
25 26 16 17 26 16 16 14 
18 19 18 22 20 16 14 14 
23 24 12 17 12 12 11 15 
11 19 9 15 13 13 13 13 
18 17 18 19 16 17 16 8 
12 11 13 15 13 14 15 11 
8 10 13 6 13 11 15 10 
3 12 12 10 13 7 14 12 
6 7 12 7 16 11 10 11 
8 7 3 9 7 5 10 11 
4 4 3 4 4 5 8 8 
2 4 6 6 6 4 4 6 
5 5 6 6 4 7 7 5 
3 6 5 7 7 6 7 6 
3 6 5 7 7 6 7 6 
8 6 8 10 3 5 8 3 
10 7 11 8 6 6 6 3 
13 7 8 14 8 8 4 6 
16 11 13 14 6 7 5 4 
15 11 22 17 16 10 22 11 
22 19 27 16 16 9 15 15 
28 16 23 15 15 20 13 13 
21 11 22 19 16 22 16 14 
16 23 24 22 17 16 21 19 
26 35 27 19 22 24 23 21 
23 35 33 28 26 32 24 19 
38 39 32 28 28 28 18 25 
37 39 39 34 19 33 32 25 
40 29 35 28 25 27 28 21 
29 29 32 32 30 27 28 20 
39 24 37 32 23 26 24 16 
33 27 27 20 28 23 27 14 
33 35 25 22 29 24 21 17 
21 33 20 21 25 27 17 13 
21 33 20 21 25 27 17 13 
15 18 18 22 21 15 17 8 
13 28 17 17 24 15 16 8 
13 28 17 17 24 15 16 8 
25 22 30 27 16 17 15 8 
27 25 21 21 9 14 16 5 
24 19 16 13 13 11 12 6 
26 26 21 18 18 9 9 9 
21 19 17 13 7 11 9 8 
17 17 16 11 14 11 8 7 
18 17 21 9 11 10 9 4 
7 16 18 8 11 7 9 3 
13 17 13 9 11 8 8 6 
12 16 17 11 10 9 8 6 
20 19 11 8 12 3 9 5 
16 16 9 11 13 7 5 5 
18 15 9 13 10 7 7 5 
9 12 9 9 12 10 5 4 
20 15 15 17 10 8 9 3 
20 14 20 18 13 10 10 3 
19 16 18 13 14 9 8 3 
19 16 18 13 14 9 8 3 
20 14 16 15 10 6 6 6 
22 16 17 6 11 5 7 5 
17 23 19 12 11 7 7 9 
11 10 14 5 7 8 9 7 
9 11 10 3 8 7 12 7 
8 8 9 8 10 8 10 9 
11 11 13 8 14 8 14 8 
10 12 11 5 9 11 14 12 
13 5 20 11 11 11 9 16 
6 13 18 11 10 11 8 12 
11 15 12 7 10 12 8 10 
9 13 10 13 12 12 13 13 
15 23 15 11 18 17 8 16 
9 16 20 15 19 16 13 9 
9 7 15 13 12 14 9 13 
5 11 13 6 6 12 11 8 
10 10 13 17 11 9 13 12 
13 7 15 17 14 11 14 10 
13 13 14 7 10 11 14 8 
13 15 12 17 13 6 13 7 
9 10 7 10 10 14 3 5 
7 15 10 11 11 16 6 2 
8 7 9 7 13 15 12 5 
8 7 9 7 13 15 12 5 
12 11 8 17 15 19 8 6 
14 11 17 12 12 15 13 8 
9 19 14 20 13 11 9 5 
16 8 12 11 14 9 6 6 
10 9 21 12 17 9 6 6 
23 12 24 15 19 7 11 3 
11 11 16 14 11 18 8 7 
20 19 30 22 30 18 30 11 
42 36 33 47 28 35 37 32 
32 31 43 33 33 31 43 24 
38 38 39 30 33 35 38 28 
35 32 38 33 29 36 35 22 
35 28 32 34 33 30 43 26 
42 55 63 42 43 43 49 31 
40 44 41 35 42 40 42 30 
29 39 34 28 34 33 44 29 
38 39 42 36 37 35 37 32 
32 28 42 33 23 41 31 28 
32 44 41 41 34 50 46 36 
19 36 33 33 26 34 34 42 
21 32 33 40 32 36 37 40 
36 42 24 42 32 35 38 34 
28 34 28 38 39 37 30 41 
25 34 33 38 32 33 22 33 
16 32 25 24 30 28 22 25 
20 23 34 28 27 26 23 23 
23 23 38 20 22 31 26 27 
22 32 30 27 21 22 24 22 
23 37 35 28 21 16 19 16 
28 33 25 27 14 25 16 21 
38 19 30 23 17 23 16 18 
33 33 22 26 20 15 22 13 
28 30 32 16 18 15 23 9 
23 33 30 29 22 17 12 10 
29 30 27 27 19 14 14 6 
28 39 34 31 18 16 13 9 
28 39 34 31 18 16 13 9 
39 40 31 20 15 14 14 8 
36 29 26 19 15 12 15 11 
36 37 24 16 20 13 16 9 
30 24 30 14 25 11 19 7 
41 34 18 19 15 19 15 12 
35 30 36 14 23 7 17 12 
36 32 31 19 17 12 20 16 
31 27 25 20 27 14 15 16 
34 32 28 17 15 14 21 11 
44 38 23 27 18 15 18 14 
50 41 20 20 24 13 16 12 
36 30 17 20 18 11 17 14 
42 30 24 15 19 11 15 11 
47 34 31 21 21 10 16 13 
58 31 36 21 21 17 16 11 
58 31 36 21 21 17 16 11 
55 46 26 29 14 13 17 8 
58 39 26 23 20 11 16 10 
51 38 35 23 19 12 14 10 
55 33 37 18 18 12 14 12 
62 26 37 27 21 14 14 16 
55 35 37 21 24 15 14 14 
49 29 33 23 23 13 13 15 
52 42 41 23 23 15 16 16 
56 35 32 24 22 16 13 16 
64 39 28 21 22 18 13 11 
53 48 37 19 23 14 15 12 
59 40 33 22 21 20 14 13 
47 45 32 24 21 18 14 11 
56 60 26 27 23 13 16 15 
60 38 31 22 28 10 19 10 
48 50 23 23 24 13 14 12 
56 42 33 26 18 14 15 13 
54 47 31 28 20 12 15 9 
54 47 31 28 20 12 15 9 
