118 40 24 17 23 17 6 4 
118 40 24 17 23 17 6 4 
116 41 24 25 21 15 6 5 
95 41 25 20 23 11 8 4 
94 30 18 12 16 15 4 4 
108 37 39 28 20 19 9 7 
110 50 34 21 19 19 7 7 
96 37 35 21 15 19 7 7 
91 40 33 27 18 19 8 8 
79 57 29 18 17 15 12 5 
122 96 79 60 42 45 22 23 
132 95 80 61 41 43 29 26 
113 91 68 74 45 48 22 25 
109 83 81 55 46 40 26 21 
93 85 69 62 48 37 27 20 
105 87 80 76 56 46 32 25 
112 96 78 72 61 41 33 30 
105 98 77 67 53 50 27 31 
96 110 82 62 54 41 26 27 
92 94 63 83 51 43 26 32 
104 111 87 74 57 44 36 40 
99 84 66 69 59 45 33 29 
105 105 65 78 54 44 27 33 
96 101 70 65 55 45 32 34 
107 91 73 65 61 43 30 28 
93 97 64 70 57 50 29 29 
93 97 64 70 57 50 29 29 
111 91 77 77 50 51 32 34 
120 85 84 62 52 52 32 33 
113 82 79 67 56 47 39 30 
112 73 74 68 48 48 32 27 
110 73 68 63 50 40 26 25 
112 72 76 70 54 49 37 25 
105 68 83 53 65 50 35 25 
112 60 72 61 63 38 34 25 
96 75 61 57 55 34 30 22 
106 68 81 61 56 41 31 19 
106 68 81 61 56 41 31 19 
106 80 85 66 64 45 37 30 
104 93 79 64 70 45 34 29 
86 89 92 69 61 47 37 27 
91 88 88 68 55 50 36 25 
99 116 81 75 67 51 36 33 
89 100 90 74 69 53 43 29 
89 99 84 72 72 55 38 32 
79 75 69 66 53 47 44 23 
69 76 66 58 62 56 41 25 
69 83 69 58 55 49 41 28 
69 89 73 62 60 47 42 23 
54 86 58 68 63 46 35 26 
72 93 77 81 61 59 50 29 
69 95 85 82 53 43 43 32 
66 75 73 75 60 49 46 26 
55 76 75 73 69 52 38 25 
59 74 69 61 56 34 29 23 
78 111 102 83 66 39 25 26 
66 93 73 60 51 30 25 23 
59 96 76 64 59 32 27 24 
78 106 85 71 49 31 37 18 
73 109 75 68 52 29 37 16 
82 101 64 69 50 34 30 17 
67 100 73 66 52 28 26 17 
69 88 79 68 44 38 29 15 
75 93 68 62 44 28 22 17 
75 93 68 62 44 28 22 17 
78 81 62 56 34 29 17 12 
87 76 74 52 39 20 21 14 
87 98 71 50 44 30 20 8 
98 101 66 54 34 23 12 8 
91 80 63 45 28 27 21 4 
72 78 64 52 45 25 18 12 
64 76 62 67 31 25 13 9 
64 76 62 67 31 25 13 9 
71 70 65 60 47 27 23 9 
69 57 64 52 37 32 17 9 
69 57 64 52 37 32 17 9 
87 63 66 59 38 31 25 15 
70 55 72 38 37 33 29 14 
61 56 52 40 32 40 24 15 
61 56 52 40 32 40 24 15 
74 58 67 58 43 43 28 17 
79 57 60 53 54 45 24 19 
73 68 61 54 46 35 28 20 
68 67 57 48 46 44 23 20 
61 60 56 49 48 46 22 21 
74 56 46 50 47 46 25 21 
76 67 56 56 54 42 25 27 
76 74 55 63 44 42 33 22 
70 67 68 64 50 36 33 23 
77 69 59 61 41 44 35 20 
69 74 58 63 49 40 31 22 
66 77 65 49 53 43 21 23 
85 79 67 58 52 39 37 21 
79 76 62 56 53 40 30 27 
77 78 65 67 55 44 33 21 
76 74 75 59 48 41 32 27 
93 79 59 46 39 28 23 23 
138 108 90 69 56 41 23 23 
116 92 79 52 48 34 25 19 
110 90 72 67 52 34 26 20 
115 102 79 63 49 35 21 16 
125 105 95 69 55 34 21 16 
132 99 81 78 65 51 27 14 
117 104 81 67 53 30 33 13 
114 110 68 69 56 30 23 13 
131 109 78 64 44 34 33 12 
122 100 78 80 47 39 28 12 
121 92 67 74 46 37 29 13 
123 89 74 67 49 29 30 14 
112 93 67 75 45 37 31 14 
107 93 71 72 44 35 26 12 
98 95 67 94 51 46 42 13 
100 80 73 72 60 41 43 13 
102 83 75 85 49 39 44 21 
92 99 67 69 59 46 42 16 
93 90 78 65 64 45 44 20 
81 83 78 73 63 46 42 20 
93 91 74 73 59 46 45 20 
108 102 82 73 76 63 49 37 
93 96 71 69 61 60 44 36 
95 90 79 65 76 60 47 32 
101 91 80 69 65 52 43 32 
79 88 66 88 58 56 49 28 
94 88 65 83 57 51 38 31 
85 87 65 70 60 54 46 30 
86 85 76 68 62 51 39 26 
74 82 65 65 51 41 55 30 
73 70 50 57 48 42 31 30 
87 73 53 62 52 46 28 37 
81 72 55 64 50 48 33 33 
72 72 57 62 52 38 38 32 
66 82 57 69 40 45 35 40 
104 91 80 75 59 51 37 35 
92 87 70 74 59 54 34 36 
91 87 60 64 47 45 40 27 
90 90 67 65 48 44 41 35 
83 66 52 59 45 46 31 31 
91 74 65 69 57 51 40 33 
83 72 58 57 45 47 32 36 
87 69 55 58 48 53 34 34 
95 63 55 50 53 47 25 28 
84 57 67 52 42 52 32 25 
86 60 56 52 44 40 31 23 
114 46 65 61 42 52 26 24 
114 46 65 61 42 52 26 24 
101 72 64 59 48 41 26 14 
96 71 54 58 48 43 31 13 
105 73 62 55 41 39 32 15 
115 69 67 65 50 39 30 14 
115 69 67 65 50 39 30 14 
96 82 60 56 46 37 35 10 
92 66 61 57 51 36 29 13 
105 76 74 54 54 35 32 7 
103 84 80 64 54 48 31 15 
105 72 80 63 45 51 32 9 
111 78 78 61 48 53 28 9 
107 91 69 55 52 52 31 5 
104 83 73 50 46 43 30 11 
104 83 73 50 46 43 30 11 
104 92 69 56 59 51 36 16 
119 87 67 62 51 51 42 15 
120 81 82 54 57 50 39 17 
108 84 74 68 53 42 37 14 
104 92 77 65 61 39 30 14 
105 100 71 57 61 55 27 12 
105 100 71 57 61 55 27 12 
115 90 72 69 55 45 28 11 
116 87 81 54 55 39 32 9 
119 91 78 66 51 46 28 8 
119 91 78 66 51 46 28 8 
133 110 91 86 69 43 31 23 
112 94 80 67 63 44 29 17 
120 105 79 74 51 51 30 15 
123 100 82 66 61 41 29 14 
116 101 75 64 54 46 27 14 
110 94 79 80 47 38 25 15 
121 108 75 72 57 38 30 16 
111 94 82 68 47 51 30 11 
102 90 96 63 52 43 29 13 
107 93 88 79 46 35 27 23 
109 101 89 72 50 37 33 16 
112 90 79 69 56 38 25 18 
100 82 89 75 61 29 27 22 
125 102 84 79 65 36 31 17 
116 99 79 91 60 41 33 19 
121 84 90 80 54 46 35 18 
119 99 90 82 61 42 35 20 
120 87 79 83 58 49 38 20 
120 102 77 73 66 44 50 25 
110 104 77 77 60 37 52 22 
121 99 88 88 58 44 52 27 
103 106 78 93 63 50 47 25 
108 93 74 96 56 39 42 23 
116 88 75 80 69 39 49 29 
119 97 84 89 51 43 36 28 
129 97 84 101 50 36 39 27 
113 92 81 83 55 47 38 30 
109 89 87 82 52 47 39 31 
96 96 81 73 58 42 41 26 
112 97 75 77 52 45 37 21 
98 92 85 59 55 37 23 24 
99 88 70 53 47 33 25 18 
87 93 74 65 49 31 26 14 
100 81 77 58 48 29 21 14 
104 106 70 65 51 31 21 14 
89 97 75 56 53 27 18 15 
75 86 65 57 48 30 16 13 
92 87 66 45 39 35 12 12 
85 89 76 48 47 39 17 9 
79 92 75 57 56 33 10 15 
71 89 60 50 47 30 12 15 
68 86 71 46 41 25 21 10 
61 84 57 43 38 30 19 14 
68 87 64 45 41 30 20 20 
55 81 54 43 40 26 20 17 
51 73 50 43 41 25 18 13 
51 73 50 43 41 25 18 13 
40 77 65 58 45 39 18 22 
52 79 63 50 49 36 23 25 
48 76 67 53 40 44 25 24 
48 74 73 48 44 35 27 24 
58 76 62 57 48 36 26 18 
58 77 67 64 55 36 31 21 
69 90 74 69 50 50 27 25 
63 87 70 71 51 48 34 26 
71 75 83 72 51 52 28 30 
76 85 77 65 59 55 26 26 
66 78 72 67 54 56 27 27 
69 88 76 65 60 48 24 19 
81 79 83 79 52 50 26 19 
78 84 73 65 56 51 23 19 
99 74 73 66 60 43 31 21 
89 72 74 71 54 46 22 16 
119 98 82 86 64 53 32 21 
133 81 82 66 59 41 29 21 
121 93 78 72 62 44 24 17 
110 82 77 72 54 44 32 13 
103 89 81 79 62 42 22 14 
98 79 84 72 52 45 29 13 
111 89 74 76 56 43 24 15 
113 73 87 74 54 38 22 11 
113 81 85 64 49 28 22 11 
98 86 73 56 52 28 11 10 
110 101 84 83 57 32 19 10 
106 102 80 74 43 31 16 7 
99 87 75 76 41 37 14 7 
86 91 77 62 49 32 14 4 
95 82 73 61 33 27 14 9 
87 80 72 69 37 27 14 3 
115 104 100 83 48 31 20 11 
101 82 86 72 41 33 22 8 
85 88 83 72 41 31 17 10 
106 92 84 68 47 36 22 10 
101 92 86 69 49 34 21 11 
101 88 91 63 52 34 25 10 
99 96 77 71 40 30 29 10 
94 92 75 76 49 37 27 11 
105 88 80 74 47 29 32 11 
94 86 76 70 47 36 28 12 
120 104 79 72 55 48 40 18 
120 84 89 71 55 34 41 18 
123 95 76 82 55 46 32 15 
111 97 77 78 69 37 39 15 
113 86 86 84 51 50 43 14 
123 81 87 84 53 51 39 16 
124 92 81 81 27 47 26 12 
117 81 87 73 45 38 26 12 
116 79 87 78 38 43 26 11 
102 74 84 71 41 38 26 12 
134 101 86 77 50 46 31 20 
108 69 68 64 45 30 24 11 
105 64 72 59 45 27 23 10 
86 63 56 60 35 31 19 10 
78 63 56 62 39 42 20 9 
102 76 53 55 42 27 24 15 
85 69 61 59 39 36 24 16 
72 65 55 53 41 29 21 19 
69 64 63 49 50 18 35 10 
68 57 50 52 46 24 35 15 
68 62 56 53 53 16 27 14 
87 64 78 66 55 31 36 22 
100 83 76 66 48 32 34 23 
99 66 80 66 73 37 38 26 
97 87 67 74 70 37 41 32 
93 96 71 57 76 40 50 31 
100 99 80 71 73 41 57 28 
102 104 82 66 68 52 52 27 
105 86 81 65 64 49 50 25 
103 92 77 71 61 53 30 22 
91 73 67 55 49 37 19 11 
88 86 57 70 42 42 23 9 
81 80 70 63 46 40 26 10 
71 91 61 60 52 40 26 14 
80 85 70 67 59 51 28 18 
89 80 73 62 60 50 36 23 
73 88 70 63 50 52 32 29 
95 109 103 77 71 66 43 33 
85 71 70 68 55 41 34 37 
73 73 72 57 63 51 37 24 
68 69 64 40 56 52 40 28 
72 65 61 51 60 54 27 20 
84 62 58 54 54 45 29 21 
66 69 61 52 56 39 33 21 
71 71 64 60 59 48 29 23 
67 69 57 55 52 43 27 27 
105 97 91 72 71 54 34 33 
101 101 97 76 72 54 41 26 
96 109 94 86 65 65 40 31 
104 102 96 77 75 51 43 33 
90 112 102 72 77 52 39 33 
96 104 83 78 72 50 43 38 
124 128 111 106 78 63 38 32 
109 116 95 87 71 53 40 33 
104 101 88 74 67 46 35 26 
115 98 83 82 57 45 27 19 
108 95 87 67 54 27 21 11 
99 92 66 57 37 19 16 9 
125 87 77 54 42 24 21 11 
100 85 52 46 29 18 15 7 
91 72 51 40 35 18 14 9 
88 71 59 44 29 9 19 6 
84 77 49 37 32 11 18 12 
102 92 56 49 48 29 23 17 
109 89 64 53 46 31 27 19 
102 86 67 61 56 38 27 14 
107 95 65 71 57 32 40 17 
118 105 94 81 67 58 50 24 
104 116 84 81 72 66 46 25 
122 106 90 83 76 61 48 33 
119 96 93 82 59 55 45 33 
133 112 80 96 60 54 39 24 
125 111 89 91 70 42 41 28 
119 98 93 86 76 37 37 23 
112 103 90 80 56 35 32 24 
115 97 90 78 65 39 37 24 
123 91 88 72 60 41 32 20 
109 73 81 68 59 40 29 21 
137 151 120 103 78 47 35 25 
106 78 85 75 64 43 33 36 
105 88 67 80 59 51 45 30 
120 96 83 62 66 48 38 32 
111 96 75 75 58 58 41 33 
118 90 72 83 69 47 43 39 
108 109 76 83 66 55 49 39 
100 92 103 79 62 61 47 40 
97 108 96 81 63 59 49 43 
125 103 99 87 86 59 46 32 
160 126 122 92 81 64 50 39 
150 121 102 87 69 73 51 37 
142 115 102 83 68 68 51 34 
125 110 99 77 57 53 34 19 
111 107 85 75 53 50 29 17 
109 94 76 63 47 39 33 12 
119 125 97 83 57 41 28 20 
116 95 64 58 38 29 24 13 
108 81 58 48 42 29 22 13 
103 96 50 49 34 27 20 9 
105 89 58 49 38 28 20 13 
107 89 46 52 30 31 21 12 
120 107 67 63 47 25 22 16 
131 102 64 65 43 36 16 15 
111 110 83 66 46 30 21 17 
146 121 89 69 57 38 29 17 
135 121 92 75 68 48 29 16 
140 112 105 69 76 55 36 25 
146 109 96 91 66 60 43 34 
133 129 93 87 63 62 42 33 
145 115 103 93 58 62 48 31 
133 125 93 99 73 49 49 35 
151 136 118 109 94 62 51 43 
136 103 84 76 75 44 43 28 
123 95 91 79 61 48 33 27 
125 83 78 85 67 45 33 25 
118 88 80 69 66 49 33 13 
115 83 74 70 68 32 29 18 
110 78 88 74 69 40 27 25 
110 71 74 57 61 43 27 18 
96 88 63 60 58 41 24 19 
109 82 74 71 54 46 35 22 
95 78 75 68 66 45 35 21 
83 79 65 74 49 37 31 25 
125 106 81 89 52 44 24 22 
113 98 70 79 63 44 18 19 
108 89 79 82 49 39 25 16 
116 98 83 88 61 45 25 22 
114 90 78 74 68 40 28 27 
139 92 81 87 67 53 28 26 
138 90 85 73 65 46 29 33 
125 104 82 83 65 55 37 32 
138 128 98 92 73 54 43 36 
126 131 104 102 71 63 51 31 
137 122 100 89 75 65 39 37 
120 121 119 97 86 57 45 29 
129 140 112 92 65 53 44 35 
117 99 98 73 42 53 28 25 
102 107 88 68 52 39 28 15 
108 87 86 59 45 37 29 23 
109 109 87 65 48 39 25 21 
113 104 96 75 56 50 27 28 
142 119 99 70 68 64 35 32 
151 108 94 80 63 57 36 28 
135 109 88 72 65 59 34 28 
141 123 99 70 66 50 38 26 
114 90 58 59 56 35 23 18 
95 90 74 45 47 39 24 15 
97 85 72 53 59 41 14 22 
100 84 60 46 50 29 22 12 
104 77 52 42 45 31 15 14 
90 69 63 46 42 31 18 16 
93 65 55 33 53 30 11 17 
86 52 47 41 34 24 11 11 
107 85 73 62 52 48 26 8 
116 84 74 68 46 43 33 14 
123 87 89 72 48 45 28 19 
110 105 87 68 55 46 27 23 
133 116 93 87 74 67 39 32 
133 115 95 85 70 50 44 37 
151 120 88 93 70 65 48 37 
143 116 90 91 79 62 50 43 
130 101 76 81 68 64 42 37 
117 93 88 79 68 65 44 37 
117 97 82 80 58 60 53 37 
110 92 85 83 65 60 41 36 
109 94 80 81 66 52 41 35 
107 98 74 70 62 55 34 35 
107 98 74 70 62 55 34 35 
109 104 93 62 60 56 39 35 
96 89 77 72 58 43 25 21 
105 106 77 62 60 40 27 23 
122 97 89 74 53 45 34 21 
125 115 91 66 63 40 29 32 
134 99 75 60 68 40 34 21 
127 100 78 75 55 62 40 24 
121 89 80 73 54 48 27 19 
119 99 69 68 60 47 30 21 
103 97 80 56 53 43 29 17 
102 81 69 63 54 38 27 17 
101 109 71 60 61 34 29 21 
111 74 77 57 54 44 22 25 
97 76 64 62 48 34 25 19 
86 72 65 57 47 33 23 21 
89 67 70 66 49 39 28 18 
97 68 65 56 56 41 27 24 
117 99 84 82 71 54 35 26 
130 93 77 76 60 50 39 32 
124 87 81 79 65 52 43 24 
119 94 75 77 58 51 39 25 
108 101 84 79 58 47 38 21 
115 96 79 81 65 51 39 28 
114 100 91 77 62 54 33 26 
111 106 82 67 70 53 36 29 
128 115 89 79 67 56 42 35 
105 95 77 70 59 49 40 24 
141 105 92 96 64 50 41 32 
132 98 109 70 63 44 42 29 
131 104 95 91 60 49 34 29 
147 99 83 86 54 39 36 21 
127 110 76 67 60 34 35 23 
119 108 71 70 53 32 35 21 
128 93 85 83 51 37 37 22 
119 101 74 72 54 33 28 20 
119 85 61 65 46 32 19 13 
112 102 51 57 46 19 13 5 
114 83 55 46 31 20 15 9 
100 73 53 49 22 20 15 9 
84 78 55 43 32 22 19 18 
83 77 50 36 32 23 20 14 
91 76 49 39 30 14 20 14 
96 88 70 48 38 37 23 18 
99 82 70 46 44 36 26 16 
99 88 70 56 39 33 22 16 
95 86 62 48 44 29 24 18 
104 96 82 61 50 35 27 25 
106 92 80 56 56 35 33 24 
99 85 93 59 49 29 28 18 
110 82 82 54 47 29 26 25 
101 99 67 48 42 23 24 19 
107 89 67 51 37 23 18 17 
101 94 83 65 42 24 28 15 
107 106 82 59 52 31 28 15 
114 108 86 65 51 44 27 17 
140 126 98 83 64 49 42 28 
127 111 96 74 76 39 37 20 
142 118 81 78 64 47 40 28 
95 91 66 62 42 43 28 24 
106 80 68 60 50 39 29 19 
111 99 73 56 49 37 24 23 
120 76 61 61 51 39 26 28 
96 76 68 56 57 35 17 26 
106 77 67 53 60 30 22 19 
116 68 66 41 57 29 19 15 
96 66 61 39 45 26 18 22 
96 66 61 39 45 26 18 22 
122 73 83 66 54 37 24 16 
125 73 86 70 55 36 26 13 
110 85 66 68 49 27 24 12 
101 65 76 60 38 32 25 13 
106 71 65 53 49 28 28 15 
92 67 70 45 41 20 22 10 
77 52 66 56 47 28 20 12 
81 61 77 58 44 36 24 20 
85 69 56 59 49 29 27 19 
69 71 73 57 49 26 29 19 
66 63 59 66 44 24 31 13 
69 68 59 60 47 35 32 17 
71 64 62 52 45 30 30 20 
71 64 62 52 45 30 30 20 
78 60 68 62 45 39 34 24 
69 53 70 57 43 41 36 22 
101 77 76 58 59 41 31 20 
101 83 81 70 56 46 34 23 
125 108 104 101 82 50 40 27 
97 86 83 78 63 60 37 27 
97 80 78 68 73 52 37 33 
88 88 84 79 56 46 41 25 
94 89 80 71 64 47 36 29 
97 98 85 78 70 48 42 31 
72 85 75 79 60 58 30 31 
122 119 93 98 70 62 43 30 
89 96 79 82 77 59 42 31 
91 105 80 94 70 52 39 41 
114 104 73 80 74 52 37 29 
115 98 77 88 63 61 43 29 
127 102 88 78 70 60 34 37 
115 100 86 84 69 52 43 25 
117 83 78 72 65 48 34 24 
130 90 80 65 53 39 28 15 
138 90 76 62 52 46 19 23 
130 83 64 55 57 40 24 14 
124 83 68 59 63 35 31 17 
130 86 71 61 61 32 26 15 
143 97 77 61 56 36 30 16 
139 117 99 86 59 52 31 19 
142 127 103 92 69 42 35 18 
148 117 100 85 69 43 35 23 
142 107 112 91 70 52 43 22 
157 121 106 93 75 50 47 22 
157 121 106 93 75 50 47 22 
157 130 96 76 78 51 51 29 
164 114 103 76 78 56 51 25 
152 118 90 81 81 42 47 30 
152 118 90 81 81 42 47 30 
172 124 100 88 72 44 55 23 
157 131 100 85 72 48 52 31 
157 131 100 85 72 48 52 31 
148 123 104 85 71 46 52 31 
154 121 94 91 71 47 48 23 
155 121 99 89 73 51 46 33 
163 121 100 95 76 52 56 28 
165 125 98 92 72 56 48 27 
156 106 88 81 83 48 39 23 
155 117 93 84 87 46 38 23 
161 106 96 86 69 47 36 26 
142 101 94 86 70 56 39 26 
160 128 103 104 85 59 43 29 
137 117 95 82 79 58 47 29 
116 114 84 97 73 57 44 39 
124 117 99 87 68 61 50 36 
105 106 101 97 68 61 40 34 
102 115 116 93 68 64 33 32 
101 127 94 92 65 64 33 19 
93 123 95 73 52 51 38 17 
93 123 95 73 52 51 38 17 
89 127 91 78 60 47 34 23 
83 120 88 79 60 43 28 27 
84 107 82 63 54 37 28 20 
69 107 78 67 53 37 22 15 
59 88 74 56 49 21 28 19 
54 100 81 48 47 26 23 16 
81 104 93 60 52 34 25 21 
56 86 71 41 59 27 20 19 
37 83 73 48 48 28 20 13 
34 76 72 51 50 24 23 17 
33 70 85 56 44 32 30 18 
29 62 85 56 61 33 27 14 
32 59 67 61 53 32 25 18 
40 67 74 69 54 43 36 24 
37 58 69 59 47 49 32 21 
33 51 59 62 47 37 34 19 
31 51 56 61 38 43 25 20 
22 42 55 66 44 36 30 22 
42 45 61 66 48 45 36 26 
42 44 55 68 41 41 29 22 
32 44 51 58 40 32 36 25 
41 36 50 55 45 32 34 20 
35 33 46 50 41 37 28 13 
41 56 60 59 53 39 33 16 
40 51 56 60 56 42 34 20 
29 51 47 59 47 44 30 18 
32 41 51 47 46 32 35 16 
27 45 46 40 47 31 29 18 
37 62 64 57 48 49 39 26 
37 48 57 53 55 46 31 31 
35 56 51 55 48 44 35 25 
31 57 44 53 46 37 43 28 
33 47 50 50 42 36 30 23 
45 73 72 63 54 53 51 37 
41 73 66 65 54 48 47 36 
35 72 57 54 55 48 52 33 
35 67 58 57 49 44 52 35 
29 59 58 53 46 42 44 37 
19 58 43 58 57 47 39 36 
24 47 43 42 53 44 45 40 
40 68 75 62 64 59 52 41 
19 61 47 61 55 54 49 42 
21 65 53 48 54 58 44 39 
15 41 55 50 47 50 41 38 
19 51 47 55 49 50 51 39 
8 45 50 55 48 49 40 37 
25 54 53 62 53 55 47 38 
18 47 55 55 48 47 42 29 
12 39 43 55 54 40 42 34 
12 39 48 42 50 50 37 36 
8 28 50 46 49 47 35 39 
8 28 50 46 49 47 35 39 
22 56 64 58 59 49 50 44 
21 49 63 54 60 48 40 42 
22 41 62 49 54 42 41 40 
11 38 62 55 48 41 40 33 
17 32 60 32 57 42 34 39 
34 53 58 51 62 57 44 48 
33 40 53 56 59 50 42 40 
22 44 53 49 53 43 47 33 
20 44 40 49 35 29 28 18 
22 36 52 48 34 35 30 20 
31 58 54 58 47 36 22 18 
19 51 43 47 42 31 21 17 
15 40 47 41 36 31 22 22 
17 45 42 42 29 32 22 21 
12 33 43 41 27 32 17 17 
30 43 66 39 27 25 19 18 
23 44 51 41 26 28 16 13 
20 35 50 36 29 27 12 8 
18 38 37 40 28 18 20 11 
27 60 54 31 32 23 20 13 
25 45 42 33 29 24 19 11 
22 37 35 31 36 19 18 11 
18 41 35 36 26 18 14 9 
32 47 56 39 40 19 24 12 
23 48 53 44 37 20 24 20 
20 54 46 30 29 21 22 15 
25 42 51 30 29 24 22 14 
31 46 53 40 34 30 24 23 
28 44 47 37 30 28 22 21 
16 41 46 33 25 30 24 21 
14 37 44 41 34 23 28 18 
16 50 55 40 33 20 24 20 
13 41 40 51 28 27 27 13 
14 33 41 39 32 20 25 26 
13 35 48 37 31 19 31 22 
23 36 45 34 24 20 23 25 
28 47 46 42 33 20 33 23 
31 41 41 46 36 17 27 23 
29 36 46 42 33 27 21 26 
30 49 47 36 29 30 19 21 
38 49 52 56 38 29 23 24 
36 44 53 43 47 31 17 23 
28 47 58 45 44 23 23 19 
31 41 52 47 35 31 21 17 
26 37 53 34 35 30 22 15 
43 49 57 49 46 39 22 22 
35 39 56 49 38 29 26 13 
31 40 58 39 38 35 19 12 
25 46 42 40 41 27 15 14 
25 46 42 40 41 27 15 14 
39 60 64 39 42 42 22 14 
44 55 53 45 35 33 17 17 
34 56 54 50 33 35 29 17 
36 54 56 43 36 34 27 12 
39 45 53 46 45 25 23 13 
39 62 52 47 40 33 21 14 
43 52 51 45 36 26 22 9 
46 44 52 44 30 33 23 15 
38 64 50 45 36 35 26 13 
38 64 50 45 36 35 26 13 
67 81 60 40 33 29 25 14 
60 64 64 46 25 29 24 14 
65 56 69 58 34 27 21 13 
58 58 61 46 37 28 20 16 
94 96 79 60 45 37 28 23 
70 88 83 56 42 26 30 18 
73 100 80 66 44 33 29 26 
75 90 71 68 41 28 25 25 
70 86 71 70 45 27 32 24 
62 82 71 66 43 29 25 21 
57 74 62 61 49 26 26 24 
56 74 74 66 45 28 28 13 
69 69 75 57 40 29 22 18 
84 107 102 68 58 38 29 25 
82 104 68 61 56 40 28 22 
74 86 82 63 55 35 33 20 
79 86 90 59 54 45 33 25 
69 83 90 66 54 44 25 26 
80 82 92 61 49 47 29 30 
81 86 88 75 50 42 39 22 
76 84 80 71 55 43 35 22 
81 77 80 78 42 58 36 24 
83 109 94 80 59 57 45 21 
90 94 94 74 68 52 44 23 
74 97 80 75 58 54 46 34 
72 92 80 84 65 48 47 27 
77 92 71 84 77 47 46 34 
73 90 78 88 60 60 43 32 
80 78 83 87 60 54 45 33 
73 68 74 72 58 59 43 37 
64 71 70 65 78 55 50 39 
63 62 73 64 70 60 45 37 
67 59 71 71 68 57 41 40 
77 73 90 79 71 62 51 41 
62 77 70 76 57 43 45 29 
64 73 68 60 43 47 35 24 
52 65 73 70 54 46 31 14 
42 67 69 69 50 36 38 15 
57 62 81 85 65 61 34 18 
66 63 72 80 62 54 33 18 
60 72 90 70 57 56 32 19 
63 70 80 73 70 49 32 17 
59 67 86 63 69 47 29 20 
60 70 98 63 66 51 37 12 
68 59 87 71 63 52 30 15 
72 62 87 53 63 51 40 12 
76 69 74 83 57 62 30 16 
69 69 72 72 48 61 33 16 
90 95 77 92 61 73 55 27 
83 82 84 79 60 63 39 29 
64 84 82 81 50 64 51 30 
82 88 73 78 72 71 42 20 
74 85 85 82 68 66 49 20 
74 87 67 87 74 58 54 24 
81 70 68 79 71 63 44 28 
84 74 76 74 71 55 48 28 
81 74 89 78 73 62 58 23 
87 66 74 78 68 57 54 30 
104 104 106 114 90 77 66 47 
101 87 91 81 77 55 62 39 
93 85 88 81 61 56 56 39 
109 86 89 81 69 52 59 40 
91 96 83 74 74 59 57 42 
92 89 79 75 62 59 50 41 
93 85 83 66 82 51 57 46 
100 84 66 74 68 51 56 48 
81 95 65 72 67 60 55 46 
119 130 107 88 92 72 65 54 
102 99 92 79 80 60 53 50 
87 97 93 81 72 60 56 50 
86 97 88 77 78 60 43 52 
89 94 88 81 64 63 48 53 
77 97 83 77 70 55 48 54 
81 89 88 75 65 56 60 47 
72 90 75 74 63 51 47 49 
73 83 68 80 54 69 55 43 
73 78 85 71 69 55 48 46 
87 92 87 80 65 61 56 47 
78 90 82 83 59 59 57 48 
78 72 81 75 70 54 46 40 
63 76 81 67 67 51 42 34 
89 95 85 74 67 54 44 41 
83 86 90 66 59 65 44 34 
67 86 85 63 54 43 29 25 
77 77 88 54 48 48 24 25 
66 80 73 57 51 40 37 22 
63 80 76 57 45 37 32 24 
59 80 77 60 40 28 27 17 
71 105 71 75 47 30 28 18 
68 88 68 58 43 30 29 17 
71 83 82 45 50 24 22 19 
58 72 49 45 31 23 13 8 
55 70 48 45 27 24 12 10 
60 65 56 42 19 23 15 11 
55 80 63 33 29 19 19 10 
51 62 48 35 30 23 17 6 
55 62 46 28 25 19 18 12 
49 57 40 33 30 24 15 5 
54 59 54 30 33 18 13 10 
64 62 52 28 32 27 14 9 
66 77 52 30 34 28 19 9 
60 67 60 41 34 17 24 8 
60 62 47 33 26 20 16 10 
53 56 51 26 32 20 18 8 
56 81 58 36 32 22 17 13 
60 66 58 36 27 19 20 11 
60 72 46 37 27 21 21 11 
54 55 47 33 29 21 15 11 
58 56 46 41 28 25 25 13 
66 67 62 57 35 23 26 17 
56 73 55 44 33 26 22 19 
46 69 57 43 33 22 24 18 
57 54 47 48 30 22 25 21 
57 54 47 48 30 22 25 21 
64 65 59 50 41 28 31 25 
51 80 59 45 38 28 29 23 
51 59 59 52 40 29 21 25 
57 55 51 46 42 25 28 19 
60 59 57 49 40 33 24 20 
53 55 77 44 47 40 26 24 
53 55 77 44 47 40 26 24 
72 61 68 52 62 30 31 16 
55 65 55 62 55 39 36 19 
67 63 73 53 48 42 29 20 
88 75 85 74 55 36 32 18 
80 81 77 68 50 41 34 17 
70 85 81 67 50 37 36 19 
58 70 78 70 48 36 29 19 
69 69 77 70 39 36 32 25 
54 70 86 62 40 37 35 22 
57 71 72 66 44 35 26 17 
52 73 64 63 45 38 29 18 
57 71 82 57 44 33 25 22 
55 59 70 54 42 36 22 20 
71 90 73 74 46 39 23 19 
65 82 62 65 49 30 23 16 
69 64 65 68 49 35 24 15 
76 81 69 65 46 41 27 18 
84 80 74 68 39 37 31 23 
79 91 75 64 36 36 32 28 
79 91 75 64 36 36 32 28 
96 82 78 51 46 31 30 22 
99 90 87 63 39 33 24 25 
113 105 99 84 52 35 40 24 
113 105 99 84 52 35 40 24 
99 104 88 70 51 35 34 26 
102 95 89 68 48 39 36 26 
102 95 89 68 48 39 36 26 
92 83 78 71 48 40 36 25 
98 96 74 81 48 34 34 27 
96 89 85 73 51 37 32 25 
86 83 90 77 57 35 26 19 
86 96 88 83 64 35 34 24 
142 143 128 94 72 58 44 34 
107 105 112 85 70 46 39 23 
101 103 104 80 68 39 37 24 
106 90 80 74 69 45 34 25 
99 104 99 77 59 45 34 30 
105 103 93 84 65 50 40 29 
108 104 94 82 52 55 38 34 
99 93 94 78 61 58 41 30 
99 91 101 75 58 49 39 30 
97 92 96 92 51 49 48 32 
94 85 98 81 57 55 41 29 
132 124 109 85 70 58 52 38 
107 108 99 77 71 67 51 32 
89 106 93 97 73 52 50 34 
87 110 87 95 71 56 47 33 
102 92 93 90 60 50 49 30 
87 91 94 92 65 52 57 32 
86 90 101 91 71 56 47 36 
72 80 76 77 76 56 57 31 
77 67 95 78 66 65 45 34 
71 72 73 78 72 62 40 30 
87 71 89 74 69 59 42 30 
72 59 80 78 51 51 43 35 
82 81 83 83 56 54 46 31 
76 82 66 74 49 49 45 26 
76 86 61 60 41 46 43 23 
68 95 64 62 51 35 26 15 
54 64 92 81 51 52 39 19 
54 61 81 78 54 43 42 17 
54 65 88 68 66 45 43 15 
70 61 87 75 55 60 43 16 
70 61 87 75 55 60 43 16 
75 75 95 78 69 56 41 28 
78 68 85 74 68 55 53 32 
82 67 79 82 75 55 48 30 
80 80 80 81 64 60 47 26 
83 73 76 83 63 62 52 29 
80 78 84 76 60 64 47 31 
66 81 66 87 54 60 44 32 
75 81 74 85 50 63 57 24 
74 96 81 86 60 55 53 23 
82 82 71 76 60 60 43 24 
92 102 82 103 65 57 59 33 
80 100 91 92 63 60 52 35 
111 102 88 86 74 60 56 33 
95 84 88 88 74 59 48 31 
98 82 95 77 70 55 46 30 
103 82 100 85 74 54 51 38 
102 87 96 75 84 54 48 40 
100 77 91 75 68 60 55 35 
89 85 81 78 66 68 58 38 
105 108 112 99 85 79 63 41 
114 113 100 72 78 67 58 40 
114 113 100 72 78 67 58 40 
94 114 90 68 61 67 54 39 
101 97 81 77 73 61 52 41 
91 108 87 82 66 63 55 42 
92 90 93 69 58 48 45 39 
88 97 89 67 67 48 54 43 
82 98 89 73 56 47 52 42 
75 84 81 63 60 53 51 44 
87 109 90 89 83 67 54 41 
81 91 81 86 65 58 48 43 
81 88 84 78 60 55 62 43 
82 97 73 77 59 46 51 44 
69 96 66 77 63 56 44 42 
67 94 74 79 64 40 52 49 
68 88 72 74 61 54 50 43 
73 77 76 65 62 57 56 39 
72 83 81 56 68 63 52 40 
82 85 71 63 61 47 53 39 
88 105 107 84 92 75 59 54 
91 93 94 72 75 48 53 31 
75 91 83 68 58 47 40 33 
73 87 77 64 65 37 41 27 
62 85 72 73 57 32 44 33 
74 84 73 69 48 40 37 29 
77 89 64 64 54 36 32 32 
65 90 71 48 33 31 38 25 
81 87 86 56 51 30 32 26 
73 76 71 51 40 26 35 17 
57 68 65 50 40 27 27 24 
51 53 43 39 35 20 14 11 
56 55 29 32 22 19 12 11 
62 54 33 28 24 22 11 14 
48 57 33 19 22 19 8 12 
56 48 41 21 28 13 13 17 
63 55 33 26 32 16 15 13 
55 44 22 23 25 14 11 11 
56 47 30 22 26 13 12 14 
36 33 25 10 20 12 7 8 
43 26 23 19 15 18 10 6 
42 30 26 19 25 13 10 9 
37 29 25 20 11 19 11 13 
37 19 23 19 15 12 9 9 
36 17 27 17 15 14 10 7 
43 26 23 14 16 12 6 8 
38 33 21 17 16 12 13 11 
55 39 27 24 15 12 15 6 
56 38 21 18 15 18 14 6 
57 39 21 25 15 14 16 8 
60 36 26 24 21 14 12 9 
51 38 25 20 24 16 15 10 
55 34 28 21 22 13 10 6 
54 42 33 17 16 15 12 9 
56 50 26 23 21 13 7 3 
58 63 60 39 23 16 20 10 
66 49 60 37 23 20 22 10 
76 71 71 45 34 31 16 13 
68 77 65 54 37 24 20 12 
70 80 73 48 41 34 15 17 
81 74 76 59 47 44 24 17 
90 86 75 51 44 37 27 12 
86 83 74 44 46 38 23 17 
88 86 64 61 48 35 32 11 
77 85 72 59 54 34 29 13 
89 86 81 58 42 37 28 9 
88 87 79 57 39 36 33 14 
111 98 73 79 61 41 37 23 
108 95 68 71 54 40 30 23 
90 102 83 64 58 40 26 23 
85 94 85 63 57 40 27 25 
78 95 89 69 49 38 32 26 
78 96 93 57 47 43 29 23 
88 90 78 79 51 38 28 23 
83 91 80 61 48 46 29 27 
84 83 85 68 45 40 32 28 
75 76 70 62 44 45 36 23 
84 85 82 68 52 38 37 28 
83 84 76 75 43 37 38 27 
64 79 81 65 42 39 28 22 
79 72 79 60 41 38 30 23 
75 69 71 67 44 36 28 24 
63 71 73 60 43 40 30 22 
65 74 62 55 35 33 31 17 
61 73 61 56 45 32 27 15 
70 72 73 58 39 30 34 13 
70 82 75 58 31 36 28 13 
71 72 67 68 40 25 23 15 
65 76 64 58 43 25 21 21 
71 71 69 51 33 26 26 19 
60 75 74 51 29 28 21 17 
64 69 76 61 35 26 19 17 
84 93 79 66 34 30 21 17 
87 89 76 58 40 32 26 12 
78 90 77 67 44 30 24 14 
68 87 80 58 52 32 28 13 
76 69 71 80 46 31 35 19 
71 86 79 79 55 36 34 19 
79 81 80 70 51 34 38 23 
72 72 81 79 59 36 34 26 
77 85 83 97 54 41 31 27 
84 82 81 76 61 37 33 25 
129 124 113 96 88 53 36 34 
118 113 91 89 67 45 32 32 
120 109 99 79 64 53 30 32 
130 107 98 77 63 40 32 25 
145 93 94 74 64 48 37 23 
113 113 82 76 47 40 32 24 
136 105 79 70 62 50 33 20 
132 95 80 64 51 50 33 17 
124 99 71 75 49 40 31 15 
135 108 102 82 52 53 35 20 
122 88 88 60 59 43 33 16 
114 97 90 68 54 42 33 25 
114 97 90 68 54 42 33 25 
136 95 77 72 54 52 27 17 
117 91 91 76 54 38 27 8 
118 98 85 70 52 35 22 10 
119 89 83 71 50 30 22 7 
132 97 86 79 70 58 29 20 
108 94 72 64 55 48 35 28 
113 91 77 70 46 46 44 22 
119 70 76 70 66 42 36 27 
110 87 82 64 45 49 32 22 
106 81 68 55 55 46 29 24 
108 83 75 65 62 41 33 24 
100 89 71 64 65 46 27 29 
117 101 80 71 54 50 28 22 
114 97 76 67 62 43 33 22 
105 90 86 66 61 41 43 28 
126 122 102 97 70 65 47 40 
123 105 80 79 60 46 38 31 
96 108 79 75 60 46 45 29 
104 94 88 78 63 58 48 34 
85 102 90 60 55 59 53 32 
100 93 80 61 47 33 42 26 
79 88 80 62 47 43 49 21 
68 88 78 62 41 43 27 21 
87 110 110 73 62 49 39 19 
85 104 90 64 49 47 36 18 
76 88 82 71 49 37 44 26 
74 74 89 72 44 40 37 26 
71 75 75 78 35 42 39 25 
64 62 74 80 63 49 42 21 
65 65 79 81 60 53 45 22 
66 71 70 71 62 60 39 25 
65 75 61 78 56 53 41 27 
83 100 101 97 82 73 64 39 
84 92 79 83 64 56 52 34 
89 76 92 81 62 60 41 45 
99 88 90 85 62 62 48 44 
95 83 85 81 56 62 45 39 
92 90 93 77 71 68 47 42 
103 88 89 82 68 68 42 41 
111 86 94 85 62 66 53 34 
103 90 97 65 80 69 46 34 
100 89 87 69 72 60 56 31 
122 102 96 87 78 60 65 35 
114 113 87 73 64 59 56 37 
109 100 89 79 55 51 56 38 
106 78 91 74 53 57 46 37 
104 100 80 79 51 43 43 38 
95 91 79 73 54 48 48 27 
100 84 85 69 45 54 49 23 
99 83 78 60 65 31 46 27 
101 86 76 59 53 42 41 33 
93 87 70 57 52 41 48 35 
104 89 87 68 67 58 52 35 
97 85 79 59 61 49 43 27 
89 88 71 56 58 45 46 31 
95 83 81 55 54 51 35 39 
90 84 72 65 56 39 50 36 
95 80 75 51 54 47 39 37 
87 81 77 54 54 37 40 31 
97 96 79 63 54 40 44 39 
94 87 79 56 51 41 29 41 
104 96 71 56 50 35 45 25 
112 101 89 91 81 65 53 46 
107 86 93 72 55 50 49 32 
90 98 82 63 50 54 39 40 
98 97 91 65 60 42 43 34 
73 100 77 76 40 44 43 42 
73 100 77 76 40 44 43 42 
79 89 82 65 49 42 39 44 
59 88 74 63 49 47 35 34 
86 102 89 84 70 57 42 50 
56 83 84 72 48 35 34 42 
58 77 66 67 49 34 46 38 
58 64 70 66 50 34 40 30 
55 58 53 59 57 31 32 28 
58 62 52 56 43 29 29 22 
46 57 56 56 38 37 36 18 
51 62 52 45 43 23 29 17 
61 74 61 55 38 29 31 22 
69 53 56 48 38 30 21 23 
70 58 53 33 37 31 28 15 
66 67 46 35 34 22 22 20 
57 67 50 31 31 20 30 14 
61 39 29 23 19 18 15 10 
51 46 22 27 24 15 8 9 
72 54 30 30 23 19 15 11 
69 53 37 23 24 15 9 14 
62 49 37 22 27 16 15 11 
64 42 33 17 20 15 16 10 
66 42 26 24 24 13 10 10 
83 59 44 34 27 21 12 10 
102 64 51 41 38 23 16 9 
103 79 54 54 37 26 13 9 
102 76 63 50 27 26 15 4 
113 90 58 62 31 27 14 7 
110 92 63 65 33 28 14 9 
100 87 68 63 48 22 15 4 
114 84 66 59 40 33 16 6 
116 99 62 66 40 25 22 4 
125 103 64 58 40 32 24 4 
102 90 76 63 43 37 17 10 
123 100 88 61 56 44 25 9 
133 109 96 69 55 37 30 10 
121 98 75 59 39 32 26 5 
115 100 85 57 51 30 22 10 
108 103 86 56 46 28 28 6 
124 97 86 52 47 29 23 10 
112 99 80 56 50 28 27 5 
120 92 85 52 48 38 23 7 
118 79 85 54 48 31 27 8 
130 117 114 69 70 49 43 28 
114 97 96 56 62 40 34 17 
115 106 93 59 51 46 33 19 
111 104 81 69 56 41 42 16 
122 108 95 64 55 40 38 15 
114 97 88 57 52 41 32 13 
124 99 80 71 60 40 41 14 
125 105 81 71 59 41 38 12 
120 101 93 70 59 43 35 15 
132 105 73 67 52 40 31 14 
122 110 80 76 48 36 32 15 
120 127 111 96 68 59 45 28 
129 111 109 75 55 45 38 21 
127 107 89 83 54 40 36 16 
124 115 98 66 62 36 36 21 
115 115 94 66 49 36 41 16 
131 108 87 71 58 40 39 16 
122 100 80 61 56 41 40 21 
116 106 93 68 59 36 38 17 
131 108 93 62 41 40 38 16 
117 103 91 88 64 44 43 35 
133 110 90 85 64 45 41 27 
140 99 90 77 59 45 39 32 
124 109 100 77 62 54 51 22 
115 109 86 80 57 53 44 26 
127 119 97 92 68 48 41 18 
115 114 93 73 67 42 41 23 
121 110 91 80 71 54 43 27 
119 112 84 96 64 46 48 22 
129 97 92 97 70 47 51 20 
140 104 96 87 66 44 45 23 
133 102 96 84 75 46 39 27 
131 98 103 82 72 35 44 20 
123 104 99 76 65 39 40 15 
119 93 88 70 60 46 37 18 
123 87 92 74 60 35 32 17 
102 85 83 73 57 31 28 25 
103 78 73 69 45 41 32 23 
111 79 77 62 52 41 25 17 
97 90 69 67 50 32 37 21 
123 98 107 78 65 45 37 27 
117 83 72 67 46 46 25 23 
101 94 71 60 56 43 35 21 
110 85 79 71 45 45 38 13 
103 82 74 70 50 45 32 22 
110 82 69 84 55 46 33 15 
121 76 81 72 62 50 34 19 
114 81 88 75 60 50 37 21 
118 88 86 87 62 54 46 20 
127 98 96 82 68 61 32 29 
131 110 101 87 75 65 40 31 
120 96 92 84 59 58 45 26 
116 106 95 77 68 50 43 23 
115 104 87 80 64 53 54 24 
100 109 78 72 59 45 42 30 
97 115 81 78 57 47 53 30 
103 105 80 70 62 42 52 35 
100 97 73 90 61 54 43 30 
101 103 77 80 69 50 43 36 
72 88 87 66 66 36 34 23 
112 119 95 74 69 49 44 28 
81 92 78 54 57 44 32 28 
83 74 76 46 41 32 27 13 
86 75 69 40 38 29 25 9 
87 49 74 44 38 28 19 8 
82 54 61 45 37 29 18 10 
79 51 67 37 33 23 17 7 
107 80 68 59 39 27 22 19 
102 75 52 50 27 38 20 13 
86 69 71 41 27 33 30 10 
91 70 58 43 29 26 27 9 
90 57 60 46 28 27 22 5 
95 76 57 42 37 23 26 9 
100 60 53 42 27 26 23 13 
100 101 62 56 41 29 29 11 
111 79 78 55 50 29 32 12 
107 76 61 44 37 28 34 11 
97 83 64 38 36 34 33 15 
106 79 60 39 37 26 35 16 
92 81 78 46 35 29 36 19 
88 70 59 47 28 33 33 15 
102 99 77 70 46 50 35 23 
89 84 70 49 37 28 30 21 
94 96 76 50 47 40 35 21 
102 86 83 63 43 42 33 21 
99 94 73 57 50 37 34 24 
92 83 65 61 45 34 31 22 
107 92 68 64 39 40 35 21 
105 81 80 61 53 40 35 23 
111 85 78 62 50 35 33 29 
132 109 105 90 73 73 52 43 
123 98 88 74 61 54 47 32 
135 97 90 72 65 47 51 36 
127 99 78 85 61 48 40 30 
126 105 82 82 69 45 43 32 
112 111 91 80 46 50 48 32 
126 83 84 71 70 48 51 28 
111 96 79 75 67 44 44 37 
113 85 85 69 61 44 50 31 
100 91 81 64 65 54 47 35 
92 91 78 72 53 50 49 38 
97 125 90 80 68 60 63 38 
91 103 71 67 61 45 42 40 
92 93 75 71 58 48 50 43 
82 96 76 51 53 44 45 45 
76 86 70 50 58 48 50 40 
63 87 61 54 60 45 48 38 
67 75 72 54 52 38 46 41 
65 73 66 54 52 46 48 36 
88 93 84 72 63 48 58 44 
81 84 54 60 52 42 37 39 
73 84 54 65 46 37 39 32 
73 87 62 54 46 41 43 33 
79 71 66 55 57 41 37 35 
98 80 61 64 53 49 31 32 
83 77 62 50 43 33 32 25 
93 86 68 55 45 37 31 28 
106 103 94 63 51 43 29 39 
96 99 80 44 47 33 34 29 
97 86 64 45 45 30 26 20 
91 89 58 44 42 24 23 25 
94 62 53 43 40 23 15 20 
91 66 64 50 40 39 24 22 
70 69 62 49 38 23 23 16 
88 67 56 48 28 29 19 13 
80 54 51 40 23 17 13 10 
75 53 50 34 25 18 12 9 
67 66 38 33 24 13 18 9 
64 60 39 29 22 17 15 6 
64 68 40 32 19 17 17 11 
64 68 40 32 19 17 17 11 
76 57 51 24 24 23 15 10 
74 67 49 34 32 25 21 19 
75 78 42 39 33 28 20 16 
82 63 50 36 36 28 26 18 
69 58 51 45 38 26 22 18 
64 67 41 39 34 21 24 25 
64 60 54 41 38 27 26 22 
62 61 41 38 37 24 28 16 
60 34 28 25 13 22 12 9 
60 34 28 25 13 22 12 9 
55 36 26 21 19 16 11 11 
43 38 27 20 15 21 10 12 
26 42 31 16 21 18 9 11 
41 34 38 18 22 18 9 10 
41 34 38 18 22 18 9 10 
38 45 36 23 20 12 15 12 
24 30 22 17 17 14 12 9 
22 25 16 19 20 13 10 7 
36 26 19 20 18 12 12 7 
27 35 21 16 17 15 17 8 
36 28 19 25 15 15 20 8 
30 29 27 21 24 12 16 8 
39 29 22 23 10 11 12 7 
36 37 24 26 14 14 14 12 
66 36 41 25 18 11 15 11 
56 46 45 29 14 18 12 5 
50 40 36 42 29 17 11 4 
67 41 47 32 28 11 14 5 
74 54 51 35 35 12 14 7 
85 63 53 35 35 16 13 11 
87 67 57 39 40 26 15 16 
91 70 41 47 40 22 15 8 
91 87 58 53 35 25 9 10 
98 96 61 58 44 42 38 16 
100 97 69 58 50 39 32 19 
108 104 71 63 47 41 36 16 
121 90 70 68 44 45 33 24 
114 86 75 71 55 47 33 19 
116 99 73 72 52 46 42 24 
130 106 98 76 69 47 44 29 
127 103 91 81 53 45 38 30 
128 100 88 87 50 42 49 26 
108 109 75 83 52 48 40 27 
113 96 85 82 39 50 32 22 
114 94 86 82 42 46 28 22 
101 101 91 82 47 38 34 24 
94 92 91 71 52 42 33 27 
82 92 79 73 49 36 39 20 
106 120 124 91 63 49 45 37 
85 80 82 64 43 38 32 24 
85 80 82 64 43 38 32 24 
70 73 76 59 41 38 20 25 
73 63 86 66 41 29 26 15 
68 54 66 50 34 24 18 18 
57 54 66 59 20 25 14 13 
68 43 57 46 20 23 16 13 
68 54 59 43 18 19 9 13 
72 56 62 40 23 16 14 14 
77 56 68 48 24 19 13 13 
71 79 72 56 23 25 16 13 
67 64 70 52 32 29 18 18 
75 65 60 69 34 36 24 18 
67 73 77 68 37 37 26 14 
60 78 70 55 35 39 26 17 
67 74 63 50 40 28 31 18 
87 90 89 63 54 31 33 27 
97 89 87 68 48 32 33 22 
76 94 82 72 46 21 35 23 
83 86 92 77 58 27 31 26 
96 85 83 71 54 28 33 25 
112 89 82 83 59 39 34 24 
101 95 91 72 62 33 36 20 
115 85 97 78 69 40 36 18 
121 94 92 77 73 44 41 22 
122 93 91 75 69 39 43 26 
131 85 107 73 56 43 44 23 
138 114 104 80 78 56 45 40 
136 97 100 73 70 45 45 40 
146 112 93 80 57 57 41 33 
152 98 104 72 63 53 43 30 
136 91 98 77 61 50 38 37 
158 101 94 78 54 49 34 20 
139 91 99 78 54 37 31 18 
129 98 86 59 41 35 18 25 
127 90 63 57 41 38 24 22 
109 84 83 55 38 37 28 23 
137 113 96 79 66 50 44 30 
123 83 76 62 47 41 36 23 
120 77 74 56 51 40 35 23 
107 82 74 64 47 41 42 19 
108 86 72 65 56 40 36 16 
109 93 63 60 51 38 36 18 
115 100 64 65 53 44 37 20 
132 86 61 65 54 37 29 24 
94 92 65 60 44 39 37 22 
90 92 64 66 50 40 38 19 
119 121 95 105 76 65 54 45 
109 106 82 71 58 48 36 27 
116 98 85 68 61 51 47 27 
101 105 76 62 69 52 44 26 
122 106 84 68 68 46 47 32 
122 100 83 69 65 41 47 31 
109 100 79 76 71 53 43 34 
128 97 81 77 63 51 42 41 
107 106 91 77 57 55 40 27 
107 109 97 65 58 47 39 31 
103 108 85 64 59 52 38 28 
111 119 86 61 57 34 38 26 
114 121 77 67 54 37 27 28 
103 113 84 62 57 39 27 26 
99 121 78 67 56 35 34 17 
108 115 78 61 48 44 24 17 
116 114 76 56 53 39 25 24 
118 104 82 55 54 43 28 23 
101 104 77 59 51 36 22 22 
110 100 87 60 47 37 38 20 
105 95 80 65 48 39 29 26 
108 116 106 97 61 44 35 24 
101 99 78 77 56 37 34 22 
103 105 89 79 51 41 31 23 
107 107 81 69 46 44 31 20 
95 81 88 66 50 41 28 28 
98 81 77 54 48 42 28 21 
99 82 68 66 56 38 33 19 
98 73 62 54 53 38 34 19 
104 92 101 77 58 45 32 20 
98 73 75 64 39 34 36 24 
94 75 90 54 49 40 34 22 
74 69 69 62 49 35 36 24 
62 87 56 63 42 43 30 25 
73 69 63 66 46 29 30 25 
58 82 51 67 37 36 27 26 
75 89 74 80 49 48 32 27 
70 69 62 63 47 41 33 26 
53 66 66 62 44 36 25 23 
43 72 57 57 44 32 23 18 
38 52 55 47 49 31 26 18 
32 64 62 51 43 27 23 17 
32 66 49 46 41 31 25 14 
46 83 75 57 50 34 22 12 
43 82 62 48 33 36 20 12 
48 78 54 38 36 37 25 13 
53 68 51 43 31 35 27 15 
52 67 50 41 29 37 27 14 
49 66 53 50 38 31 26 23 
55 75 57 58 43 41 31 20 
56 64 60 51 44 36 31 24 
54 53 60 52 36 31 27 20 
46 57 60 48 42 34 23 22 
46 53 46 52 39 46 32 18 
40 53 48 56 41 39 25 22 
41 47 48 52 47 38 35 23 
41 68 70 52 54 49 40 26 
44 50 55 61 44 44 37 19 
42 53 60 66 38 43 39 20 
43 54 60 55 46 41 35 17 
38 49 52 56 43 39 36 20 
31 40 64 54 47 37 41 20 
41 45 57 48 44 41 31 16 
41 53 72 52 54 46 46 27 
42 54 64 56 48 44 40 37 
41 51 52 51 40 56 34 30 
37 49 41 54 44 36 36 37 
32 43 50 52 40 41 35 31 
48 35 46 60 37 33 39 31 
32 50 54 54 40 31 30 24 
36 54 65 66 52 45 42 27 
44 55 57 54 41 36 36 22 
46 45 56 40 34 26 29 22 
53 48 50 43 36 31 31 14 
48 56 52 35 24 24 27 17 
49 55 54 44 30 19 29 16 
61 59 44 40 24 20 30 24 
57 62 49 48 32 31 27 21 
63 48 48 49 34 26 22 16 
65 57 46 45 34 27 15 13 
66 61 43 39 36 22 22 14 
76 63 56 32 29 23 22 19 
69 65 52 39 28 24 21 15 
65 43 53 42 29 24 23 16 
67 74 59 45 27 29 22 14 
65 67 64 35 30 22 22 16 
61 54 54 32 34 21 18 20 
64 61 59 38 31 19 20 14 
72 63 60 43 33 27 20 17 
72 63 60 43 33 27 20 17 
71 56 49 39 37 32 22 16 
65 83 67 48 34 33 24 15 
52 81 54 51 31 34 27 13 
47 67 60 42 31 29 24 19 
54 66 50 46 37 28 23 20 
41 63 54 41 45 31 28 18 
36 71 46 37 42 30 21 19 
64 95 84 63 64 47 42 18 
46 58 71 37 45 33 28 16 
37 57 59 37 37 42 35 21 
37 55 56 42 35 37 32 20 
38 46 60 39 34 35 33 23 
29 50 59 31 36 44 33 15 
26 37 57 40 35 33 29 20 
26 43 47 42 33 36 23 16 
58 55 69 39 32 35 32 14 
48 54 45 31 23 24 23 13 
40 54 51 29 18 20 22 14 
42 48 44 26 17 21 15 15 
32 42 50 26 20 12 21 11 
30 39 41 26 18 11 22 12 
28 49 35 28 18 12 14 15 
54 55 45 29 16 14 15 10 
35 51 34 26 17 11 18 13 
35 49 37 34 13 13 18 12 
29 52 36 32 18 15 17 11 
30 34 34 21 18 17 20 14 
29 37 36 35 21 18 15 10 
34 30 39 25 19 13 13 13 
35 47 37 34 27 18 14 8 
40 42 36 26 22 13 14 10 
42 39 41 38 27 16 13 7 
47 43 48 40 21 16 12 7 
44 48 42 33 30 19 11 12 
53 55 47 48 28 26 15 7 
68 49 59 45 41 27 17 18 
65 75 70 48 45 34 22 16 
77 69 63 47 42 35 19 17 
66 55 68 55 53 34 26 11 
67 67 75 51 45 31 28 14 
61 61 63 44 46 30 27 14 
52 48 62 48 56 33 21 13 
51 50 53 54 58 28 27 15 
61 68 77 76 67 58 29 19 
53 68 59 61 45 36 28 15 
49 54 56 65 46 34 26 13 
39 36 44 40 33 25 18 15 
37 44 41 36 38 20 17 13 
35 33 36 38 29 23 21 13 
40 47 51 47 25 28 19 10 
38 37 46 36 27 27 17 13 
28 38 51 40 42 23 20 10 
26 36 46 34 39 19 23 11 
27 34 42 37 45 37 18 15 
28 36 38 31 45 37 24 15 
23 33 36 51 36 33 16 11 
23 32 38 35 39 33 20 14 
24 40 56 46 42 31 23 16 
25 33 50 36 35 31 23 17 
25 33 50 36 35 31 23 17 
24 28 46 38 45 29 22 16 
23 32 31 33 26 27 20 12 
32 28 33 39 33 28 17 10 
31 30 36 32 34 22 20 11 
40 61 55 52 43 47 44 34 
38 47 43 37 39 36 42 23 
47 39 44 38 43 38 36 20 
58 32 49 37 41 34 33 15 
54 41 43 47 37 36 30 21 
58 40 45 45 36 36 35 19 
65 39 41 39 33 34 33 14 
57 45 55 54 30 31 32 21 
53 48 41 40 23 32 29 19 
55 50 47 37 24 23 24 23 
60 60 44 49 21 24 25 16 
65 55 45 37 29 21 21 17 
67 60 53 41 26 26 20 18 
68 63 43 54 27 25 26 19 
73 79 56 47 38 36 26 14 
70 75 62 48 49 35 31 21 
85 83 69 63 59 48 36 24 
82 86 73 69 50 38 31 23 
89 91 74 58 50 44 38 18 
90 91 69 65 51 47 44 28 
101 93 71 70 51 50 43 25 
85 89 75 57 59 58 52 23 
84 82 76 63 57 48 49 29 
97 79 69 68 54 44 35 30 
95 74 70 66 54 47 36 29 
96 99 83 66 75 58 40 35 
89 89 57 67 60 44 32 27 
69 72 68 46 52 30 34 30 
69 73 70 47 41 30 32 30 
62 63 55 32 40 28 24 18 
64 69 48 48 32 36 26 23 
79 55 71 54 38 30 27 26 
90 76 82 63 50 46 33 32 
72 70 61 53 40 36 35 25 
78 69 79 52 46 29 35 26 
78 69 79 52 46 29 35 26 
83 77 66 45 41 34 34 25 
76 77 58 47 34 37 29 29 
63 71 64 47 38 33 25 26 
70 74 59 50 38 27 27 25 
82 75 72 68 45 41 33 18 
83 72 65 61 38 47 28 25 
81 74 66 50 43 38 35 29 
62 82 63 51 40 37 36 23 
57 70 64 42 38 33 35 32 
38 69 56 38 31 32 30 23 
39 54 61 41 39 32 35 30 
29 53 46 43 32 39 32 24 
45 71 80 58 61 61 38 43 
34 53 51 46 41 42 31 30 
28 46 44 39 33 37 30 27 
25 44 41 37 39 28 26 23 
30 41 39 30 27 23 26 20 
21 35 37 30 29 19 29 13 
17 27 29 30 22 15 20 8 
48 57 42 38 29 16 22 11 
27 45 40 26 37 17 17 13 
25 54 29 27 27 21 18 16 
21 44 41 30 32 23 20 10 
22 47 41 29 24 20 24 19 
11 41 49 34 28 24 17 18 
11 41 49 34 28 24 17 18 
34 48 61 39 28 25 22 24 
30 35 50 35 29 23 13 22 
29 41 50 46 28 18 26 17 
29 38 44 44 25 21 22 13 
28 33 45 47 29 19 21 12 
33 36 46 40 34 24 25 12 
26 44 50 45 31 25 26 13 
45 55 58 53 45 40 38 24 
44 46 57 58 42 45 40 17 
43 53 54 59 48 45 38 35 
52 50 54 43 39 39 38 27 
50 57 41 49 49 32 33 30 
52 52 53 52 38 40 32 24 
73 75 58 75 50 50 44 29 
66 59 56 56 47 37 34 25 
60 59 60 59 50 34 41 16 
65 62 42 58 50 30 41 22 
60 53 59 53 41 31 34 15 
60 57 59 59 45 44 34 16 
57 51 60 54 46 43 29 21 
55 56 57 50 34 42 39 22 
74 69 63 58 43 42 31 24 
88 66 65 57 42 45 46 32 
89 75 74 49 42 34 22 21 
83 76 48 44 38 21 18 19 
86 60 46 45 32 31 24 17 
82 56 62 42 40 18 21 17 
87 68 52 35 37 26 29 16 
78 61 45 36 35 18 21 20 
77 62 38 36 27 21 22 11 
72 50 51 34 32 16 16 15 
72 50 51 34 32 16 16 15 
74 83 66 57 58 34 37 27 
77 83 61 65 51 34 34 32 
70 72 62 60 42 45 37 25 
74 83 73 55 49 36 37 28 
98 82 68 53 59 36 40 20 
86 87 75 63 55 45 42 33 
82 90 83 56 65 43 39 25 
98 87 84 51 58 40 53 25 
94 94 80 53 53 48 48 26 
90 98 61 57 60 41 42 20 
111 112 78 75 72 47 43 50 
99 88 88 65 54 36 47 35 
104 83 81 69 54 42 46 35 
88 86 65 71 56 38 38 37 
86 59 69 77 55 53 38 28 
90 69 74 65 56 48 30 18 
81 72 82 79 39 44 29 26 
80 62 88 80 47 41 32 22 
72 70 79 72 59 35 31 23 
64 76 76 74 53 34 26 21 
80 87 103 79 76 49 45 23 
82 80 90 70 62 27 31 28 
73 77 90 77 59 41 37 19 
76 74 74 66 59 49 42 23 
79 81 79 85 52 46 36 21 
96 84 84 69 58 37 37 20 
93 89 82 80 49 45 32 22 
102 90 85 72 57 50 32 24 
98 82 81 82 51 47 34 20 
91 81 72 72 58 50 36 19 
98 95 82 83 64 50 44 26 
96 90 78 69 54 46 38 23 
97 77 77 73 60 35 37 22 
92 72 72 62 57 36 34 18 
94 73 61 60 51 41 35 25 
84 81 71 53 50 34 34 18 
93 77 76 58 44 39 36 17 
79 67 81 49 52 28 34 20 
89 104 99 72 65 69 46 33 
88 84 69 47 46 45 40 22 
87 66 66 57 46 41 46 18 
82 59 74 50 45 42 40 24 
71 72 58 54 51 35 39 16 
71 57 75 52 43 42 38 22 
79 73 62 54 50 35 39 22 
64 71 61 52 46 42 46 18 
66 69 60 56 46 38 46 19 
80 63 47 68 44 35 41 19 
71 57 65 59 41 30 45 16 
71 74 78 55 58 28 41 31 
73 78 78 58 54 38 42 28 
66 75 67 52 49 35 40 28 
65 93 72 50 47 27 42 27 
85 88 72 54 50 32 48 27 
76 57 62 38 35 24 22 17 
80 59 44 43 34 25 22 21 
94 75 55 57 33 29 18 18 
122 76 55 48 52 27 37 17 
101 63 62 47 46 33 24 21 
97 73 69 36 46 30 30 18 
90 58 62 39 47 31 29 17 
119 66 64 42 37 31 21 17 
112 84 74 60 50 34 26 21 
110 93 78 55 45 32 31 20 
105 93 74 51 41 33 27 13 
93 85 76 51 42 32 24 15 
90 74 66 54 37 32 20 12 
67 70 75 53 42 28 19 13 
61 70 89 50 43 35 24 10 
61 70 89 50 43 35 24 10 
48 47 53 58 57 46 37 25 
41 49 63 62 48 39 44 19 
44 42 64 67 50 42 42 22 
40 37 73 68 51 41 44 29 
50 46 63 62 56 41 46 26 
64 68 102 82 70 71 53 34 
64 63 77 60 50 50 40 27 
63 70 70 73 54 41 40 29 
77 76 73 61 49 36 39 27 
65 75 75 70 51 41 36 24 
86 79 77 73 59 38 39 25 
95 80 72 68 63 47 36 24 
89 82 75 75 58 44 40 25 
95 94 74 84 64 57 46 25 
108 81 77 82 66 56 48 33 
110 91 74 71 65 60 49 32 
89 80 57 51 52 40 25 22 
83 79 50 41 42 31 13 20 
76 67 55 53 41 28 25 18 
59 57 52 37 33 26 25 18 
67 50 38 35 37 24 22 27 
53 37 32 23 26 29 23 19 
56 43 35 31 37 22 24 15 
56 46 39 31 29 25 26 15 
66 76 64 41 43 25 33 29 
66 67 46 42 45 32 31 19 
70 52 48 42 43 26 30 19 
62 60 61 43 36 19 31 16 
58 60 50 45 39 25 29 28 
49 48 50 43 32 27 29 22 
63 45 48 43 39 32 23 21 
66 70 49 57 41 32 31 20 
60 47 48 40 32 32 27 18 
60 50 43 39 31 27 24 19 
52 51 37 41 24 31 26 17 
54 46 35 41 24 26 23 14 
52 48 42 37 21 24 24 12 
44 48 34 35 32 15 29 16 
42 38 35 34 30 18 21 17 
39 44 32 24 26 18 16 17 
40 42 28 25 26 18 16 12 
35 50 35 24 24 18 17 16 
39 43 39 29 17 20 17 16 
39 43 37 24 23 25 15 17 
52 47 49 26 30 26 21 18 
48 48 46 29 35 21 19 18 
60 54 45 28 32 26 24 16 
92 55 49 38 33 17 19 8 
69 56 36 36 29 15 23 12 
65 63 40 34 38 16 18 12 
72 56 43 42 25 22 17 19 
68 66 40 35 27 23 21 8 
77 62 52 40 29 23 20 13 
66 65 38 43 34 19 22 6 
76 86 57 49 24 23 13 12 
69 75 46 58 36 26 19 12 
81 90 72 54 47 33 24 20 
71 85 70 53 53 27 20 19 
77 77 74 47 42 34 24 18 
79 90 66 46 51 25 18 19 
86 93 63 50 44 22 21 13 
93 93 69 45 36 33 19 15 
95 86 60 44 32 29 24 16 
94 71 57 48 43 29 22 17 
126 96 97 71 55 42 34 24 
107 94 87 49 38 36 32 21 
108 96 69 63 42 45 31 21 
120 100 87 64 42 46 31 26 
116 90 63 72 46 47 30 25 
124 88 74 62 52 36 36 23 
112 84 69 64 50 43 36 24 
98 83 53 37 38 24 24 9 
123 87 72 63 42 35 22 14 
109 63 55 39 37 24 23 7 
104 72 43 49 35 26 17 11 
109 60 57 31 33 28 16 4 
98 65 45 35 41 31 15 5 
93 72 57 30 36 24 15 7 
85 58 44 26 33 18 14 6 
110 64 51 33 32 21 14 6 
109 76 53 33 36 30 17 11 
97 75 60 29 30 17 13 8 
72 80 46 24 23 14 13 8 
71 49 33 21 17 12 14 4 
58 46 27 27 20 17 13 8 
57 47 33 27 22 16 9 8 
64 59 49 29 27 19 16 12 
78 52 49 31 28 26 16 12 
79 69 45 47 31 19 27 15 
59 58 47 39 25 30 26 15 
51 48 48 31 24 25 23 20 
50 52 46 35 20 24 20 23 
39 57 38 35 19 22 19 17 
43 45 35 38 20 17 17 14 
35 35 32 31 19 18 16 12 
26 37 32 18 25 14 16 15 
38 46 42 31 34 14 19 20 
43 44 37 28 19 16 18 17 
33 48 37 28 20 10 19 12 
35 40 36 23 20 16 17 10 
44 42 33 25 28 18 16 14 
47 59 48 30 25 23 19 17 
54 65 60 37 29 19 20 11 
60 50 46 24 17 26 18 11 
70 42 54 37 31 24 17 12 
76 59 42 37 31 33 17 11 
85 61 51 50 28 30 20 10 
85 61 51 50 28 30 20 10 
73 67 56 49 22 28 24 14 
86 68 54 58 26 34 19 10 
85 55 43 48 31 20 23 11 
85 55 43 48 31 20 23 11 
114 98 81 58 39 39 37 16 
113 79 80 61 49 31 27 22 
115 76 79 59 43 34 31 20 
111 78 78 65 52 36 32 25 
111 92 73 68 58 32 41 23 
112 97 84 71 63 37 38 22 
105 102 72 67 63 46 36 29 
97 90 82 68 59 50 47 40 
95 92 87 67 71 52 50 41 
97 104 108 90 73 65 57 47 
110 108 101 79 68 61 53 44 
82 91 98 67 69 56 44 44 
90 95 94 70 65 58 43 43 
86 84 80 65 59 55 46 45 
83 83 81 58 59 44 51 40 
77 77 87 54 66 46 34 28 
68 70 72 61 67 49 35 30 
69 74 73 61 60 42 39 36 
93 88 88 91 74 64 38 34 
88 81 68 54 51 53 29 35 
70 79 70 61 42 59 37 23 
69 71 75 63 52 51 31 20 
56 56 37 35 30 44 23 20 
57 54 41 43 35 30 25 22 
51 57 43 40 28 28 23 15 
42 43 45 33 25 23 20 13 
38 50 29 31 20 17 18 5 
39 35 26 16 16 12 11 7 
30 22 27 13 14 10 8 7 
33 25 16 15 16 5 7 5 
31 29 31 11 20 13 9 8 
33 35 23 20 18 11 9 10 
32 29 24 21 10 11 9 9 
31 33 27 15 19 11 10 8 
42 38 30 17 25 10 12 11 
36 60 38 16 24 10 9 9 
38 43 43 22 17 10 12 8 
41 48 44 23 20 15 11 8 
29 48 40 21 16 16 15 9 
33 40 43 36 18 17 16 6 
27 42 48 31 26 17 15 9 
30 43 48 45 39 26 21 11 
29 42 49 50 32 19 21 14 
24 48 54 46 33 30 19 11 
25 48 47 42 38 21 19 11 
28 43 45 40 30 26 20 9 
15 20 40 33 34 25 20 13 
14 30 52 43 38 25 26 12 
8 38 43 42 31 31 27 12 
12 36 33 44 30 20 26 15 
13 28 45 36 37 22 26 12 
10 28 44 37 37 20 25 10 
8 24 35 38 38 20 23 6 
4 23 39 39 25 20 20 4 
7 22 29 27 14 12 8 3 
14 23 20 21 16 10 8 2 
15 21 16 18 11 13 5 5 
17 14 15 14 8 6 7 3 
16 14 10 13 7 5 8 1 
26 22 18 19 9 4 7 1 
28 29 31 23 18 14 9 4 
28 29 31 23 18 14 9 4 
48 39 41 25 31 25 7 12 
64 52 63 39 58 29 17 17 
88 59 83 42 45 31 30 14 
88 59 83 42 45 31 30 14 
104 80 77 66 51 38 22 23 
122 80 82 65 55 43 20 20 
135 99 79 58 55 42 23 22 
134 95 87 68 56 44 36 23 
109 92 93 67 63 50 36 32 
117 89 84 68 56 42 43 23 
127 98 82 87 61 41 37 24 
110 98 82 69 60 38 29 13 
103 104 77 90 50 36 32 18 
121 92 72 69 55 36 31 26 
105 87 65 72 57 39 37 21 
110 81 67 70 59 38 41 24 
92 87 83 59 50 41 40 15 
89 82 77 63 49 38 44 26 
86 78 71 66 58 38 41 27 
82 85 60 57 47 41 42 22 
106 100 85 88 56 51 54 38 
96 82 74 66 50 44 47 25 
91 77 74 60 60 44 43 25 
87 86 64 59 55 47 39 23 
90 74 70 53 44 43 47 26 
83 77 57 66 52 41 38 28 
88 75 71 57 38 40 49 29 
73 72 61 52 42 47 44 26 
104 97 94 71 59 55 52 34 
102 84 70 61 38 44 35 34 
90 79 62 60 43 40 32 25 
88 68 62 56 45 36 30 25 
83 60 60 39 37 28 30 11 
75 62 52 33 38 27 20 17 
72 60 42 34 35 24 24 18 
73 64 41 42 38 28 25 18 
69 58 49 35 24 30 20 15 
89 77 65 49 39 32 28 20 
73 71 53 45 32 24 19 17 
78 68 64 38 27 25 19 16 
87 75 55 40 29 23 17 18 
104 68 54 36 40 27 25 16 
102 72 51 42 33 20 25 20 
97 77 65 40 35 29 24 17 
107 87 65 34 36 30 24 26 
123 84 73 54 43 30 22 24 
128 89 82 56 35 27 27 24 
150 120 108 87 51 43 30 25 
120 81 71 49 31 25 18 16 
133 97 60 54 30 23 17 14 
113 92 66 46 35 27 19 12 
126 88 68 54 40 19 15 13 
138 68 64 60 38 25 16 9 
120 79 69 64 43 20 19 7 
107 82 56 54 35 17 25 5 
115 99 76 79 59 38 41 18 
119 83 67 67 48 33 33 17 
114 95 62 72 47 38 25 18 
119 75 67 75 51 32 34 15 
105 82 68 71 51 34 31 14 
101 85 66 69 47 36 32 15 
117 77 78 65 47 35 23 15 
106 74 79 61 45 35 27 17 
103 78 73 59 45 39 23 19 
83 73 73 63 50 33 36 22 
110 93 80 74 56 54 29 30 
94 89 67 53 55 33 37 18 
93 85 67 67 53 42 33 18 
101 86 75 71 52 43 35 20 
101 88 77 66 56 48 32 30 
95 85 77 72 51 45 34 26 
107 103 78 74 47 49 33 26 
104 99 76 70 51 38 36 30 
114 100 83 71 61 44 36 28 
96 97 82 71 52 41 36 32 
107 98 89 71 54 40 35 34 
105 101 83 69 58 40 35 34 
122 114 101 82 70 39 43 34 
119 103 86 78 66 50 45 37 
116 107 84 80 62 44 48 39 
134 94 88 67 61 35 42 33 
128 105 83 71 57 35 42 34 
133 106 87 77 55 35 45 36 
147 108 89 71 67 38 47 32 
157 113 87 71 68 43 38 28 
155 107 80 77 73 42 40 25 
154 114 84 95 61 38 46 18 
154 115 101 88 71 51 46 22 
126 109 105 72 57 34 34 15 
127 104 82 60 43 32 18 7 
130 90 71 44 39 25 22 11 
120 75 62 44 31 36 27 10 
98 62 58 42 25 21 26 16 
93 57 55 35 32 24 27 17 
89 52 58 35 31 19 27 16 
81 57 72 37 35 40 27 23 
93 67 81 76 45 43 42 42 
85 65 58 58 40 35 25 39 
80 61 54 46 37 33 36 28 
76 53 53 47 38 24 33 32 
70 58 55 57 31 34 34 26 
70 60 53 49 46 29 40 25 
76 55 44 56 41 38 36 25 
73 52 53 56 43 39 42 26 
84 79 65 65 57 53 48 36 
80 62 65 50 46 40 43 30 
84 63 63 50 47 42 43 29 
76 68 62 54 53 39 41 29 
70 73 69 44 43 35 48 20 
80 56 63 43 45 34 37 22 
76 67 73 41 44 30 43 23 
80 96 78 64 58 33 32 20 
85 78 63 48 45 27 21 19 
86 82 52 52 43 26 24 21 
103 67 62 50 36 28 25 21 
116 75 74 41 42 32 27 18 
119 74 65 45 39 36 30 20 
135 72 73 50 46 35 29 21 
120 96 64 57 41 31 30 18 
125 91 63 53 36 32 25 19 
115 76 62 54 40 30 23 18 
109 84 51 52 45 30 23 16 
121 81 66 52 38 26 20 13 
113 95 59 66 46 31 25 19 
114 87 54 55 39 33 23 16 
104 106 61 54 45 29 26 14 
105 102 51 60 41 37 24 16 
105 107 65 68 45 40 29 18 
120 110 76 56 53 38 30 21 
101 115 84 54 51 39 31 17 
113 98 76 57 42 36 32 26 
110 98 77 53 46 30 27 25 
115 108 81 64 54 41 27 27 
117 102 74 58 47 37 20 19 
102 71 63 40 43 20 17 17 
105 82 52 50 43 21 25 20 
113 80 46 44 44 20 23 15 
105 79 56 42 33 26 22 20 
116 73 52 51 36 20 26 13 
114 83 57 54 41 27 23 11 
112 94 54 43 34 25 26 17 
94 76 53 49 36 29 29 18 
96 79 72 41 38 38 20 14 
92 65 35 47 36 22 25 15 
83 70 48 40 34 35 30 7 
71 63 47 32 31 25 15 10 
72 63 42 37 32 26 20 10 
75 52 33 29 25 25 19 8 
81 58 36 28 29 24 16 13 
77 41 43 31 31 26 17 14 
77 41 43 31 31 26 17 14 
111 74 58 55 49 32 40 22 
108 84 63 54 35 44 35 18 
101 80 71 45 46 37 41 19 
100 79 59 53 41 34 31 16 
93 70 65 38 47 41 28 19 
90 75 66 48 40 44 30 20 
78 78 62 38 49 39 30 14 
88 61 54 38 47 31 33 11 
83 56 56 37 37 25 33 12 
98 76 75 56 54 41 31 17 
96 62 64 48 41 33 25 12 
96 72 58 40 40 28 31 15 
95 71 49 43 36 24 26 14 
79 67 45 47 47 23 31 10 
83 55 54 40 40 28 35 8 
89 60 55 47 46 33 38 4 
90 71 55 49 41 35 25 11 
89 64 61 45 37 29 33 11 
77 65 58 47 43 31 30 7 
93 89 66 60 52 31 39 18 
97 79 70 46 42 32 36 14 
89 73 62 48 51 32 33 17 
72 80 67 59 41 36 30 17 
94 77 61 56 42 29 31 16 
80 76 68 52 39 35 38 13 
82 81 75 50 42 31 36 15 
100 79 74 60 41 32 37 14 
109 71 72 60 46 33 41 17 
114 85 77 75 74 50 42 31 
132 99 94 66 55 45 41 25 
139 86 75 58 44 49 39 15 
136 87 67 52 48 44 34 19 
125 106 79 46 49 37 28 19 
130 81 80 62 35 38 31 14 
120 72 79 48 41 33 37 11 
122 81 74 54 38 39 28 11 
110 89 77 49 40 34 28 15 
109 79 72 56 37 33 34 19 
87 79 81 69 42 32 28 25 
111 103 109 104 79 60 49 23 
85 81 76 62 53 47 38 21 
87 80 83 69 47 46 33 22 
91 72 84 63 42 45 37 22 
77 83 93 63 53 52 40 19 
72 74 79 61 53 45 37 22 
75 100 80 70 52 51 42 21 
85 90 86 67 53 50 44 20 
81 80 88 73 52 56 46 23 
119 108 119 104 89 75 54 46 
95 93 95 78 56 54 52 40 
105 100 90 79 61 49 49 46 
121 95 90 83 59 55 46 31 
97 100 74 80 56 54 42 33 
105 95 86 72 52 48 44 31 
110 102 68 74 54 45 40 32 
117 99 98 66 43 46 50 32 
120 87 83 66 49 47 44 33 
127 80 92 70 54 42 41 32 
130 95 78 63 61 37 39 35 
130 101 81 66 52 47 42 37 
120 97 86 65 57 44 45 38 
127 102 86 65 57 46 41 41 
112 105 90 59 45 39 41 32 
113 106 83 61 49 43 47 36 
112 101 91 58 57 39 45 37 
117 97 86 60 54 48 52 35 
130 90 87 55 53 43 52 38 
118 101 75 72 52 37 42 31 
113 103 89 55 54 36 44 31 
126 120 106 93 77 55 54 47 
112 102 88 56 63 36 40 28 
118 100 73 63 58 33 50 29 
96 94 82 62 62 34 50 33 
112 74 71 73 43 38 53 32 
107 82 79 57 51 39 41 28 
104 83 68 61 58 30 46 28 
106 73 66 64 48 34 45 26 
105 76 83 64 49 51 42 34 
109 76 80 66 61 48 51 33 
111 95 91 71 59 44 47 41 
110 97 80 79 52 60 41 32 
110 97 80 79 52 60 41 32 
96 90 79 86 52 50 41 33 
98 93 76 68 56 49 46 34 
103 96 78 70 69 53 49 34 
97 91 65 71 58 54 48 40 
90 93 76 71 56 50 44 45 
107 94 78 76 64 56 57 39 
132 107 106 104 94 76 64 57 
118 106 80 91 68 48 49 42 
104 101 93 67 63 46 49 47 
118 101 75 75 58 51 43 41 
114 92 73 61 63 50 46 34 
93 90 69 62 58 40 46 29 
106 92 73 56 55 55 50 28 
104 79 71 52 56 45 45 29 
87 82 79 60 52 42 39 38 
86 80 72 59 50 41 44 25 
99 103 92 90 65 59 48 42 
78 90 81 60 46 43 33 29 
90 82 81 58 52 37 32 33 
90 77 66 59 50 35 36 35 
79 61 59 67 44 39 29 33 
86 63 63 52 43 35 35 28 
80 64 58 56 47 39 29 32 
70 69 66 52 48 41 34 30 
80 68 67 52 42 40 33 30 
98 97 107 90 76 60 58 45 
68 81 53 56 40 28 30 34 
77 73 71 59 48 37 30 30 
74 74 63 50 44 31 26 29 
76 83 63 54 41 40 29 28 
87 74 70 45 47 39 28 27 
84 75 70 46 43 45 31 29 
80 74 66 59 43 41 33 28 
121 88 92 77 61 50 34 34 
96 73 70 59 44 44 40 27 
93 65 72 42 49 43 32 27 
94 71 74 46 42 35 37 28 
87 79 67 56 51 43 32 31 
91 77 63 61 49 45 28 30 
81 89 82 49 59 38 33 35 
85 76 79 54 45 38 41 28 
80 84 86 57 55 37 39 26 
93 106 100 78 91 58 49 38 
91 87 63 67 68 39 42 29 
83 84 69 58 63 45 45 34 
82 77 74 56 66 40 34 29 
85 90 74 56 59 44 37 34 
71 81 76 65 56 41 39 31 
81 81 75 69 48 32 47 25 
71 85 79 68 57 42 38 32 
76 81 73 51 44 34 34 27 
116 115 92 93 70 53 47 34 
94 100 82 60 57 38 35 31 
81 96 65 53 53 34 41 33 
91 91 73 67 46 40 43 31 
91 82 62 62 48 38 36 27 
79 68 67 56 43 34 31 28 
86 53 67 63 54 32 29 26 
85 66 61 59 42 27 35 22 
98 90 80 68 62 42 44 29 
92 74 58 69 50 36 30 31 
86 67 70 65 41 33 36 28 
81 65 77 59 41 37 27 24 
79 59 67 60 34 27 32 23 
73 58 73 59 35 34 28 21 
67 62 64 54 52 40 31 28 
70 67 55 71 49 33 36 28 
63 72 55 64 53 34 28 26 
92 99 86 84 66 60 50 32 
96 82 63 68 61 40 39 24 
84 69 76 67 55 33 34 29 
85 90 61 57 42 38 33 26 
87 77 55 55 42 36 22 23 
77 63 51 45 41 23 26 19 
64 81 50 50 43 16 30 20 
63 65 46 49 30 25 25 16 
95 82 53 59 31 28 25 17 
85 87 47 44 25 18 25 16 
79 69 45 39 25 26 19 15 
88 75 51 39 25 20 14 20 
90 64 49 37 23 24 22 16 
72 65 40 34 27 18 22 17 
74 59 56 40 25 21 17 18 
86 74 57 43 22 25 18 14 
112 76 53 43 32 24 28 16 
116 67 58 42 23 34 13 16 
102 58 64 32 28 24 14 13 
99 55 68 34 24 18 24 15 
83 64 60 35 29 21 24 13 
80 50 56 38 15 34 18 13 
91 72 70 40 34 24 27 18 
101 61 50 39 36 32 22 16 
101 72 62 42 32 23 19 16 
86 70 49 44 29 22 16 16 
103 75 55 40 30 22 26 16 
108 65 73 47 34 23 19 23 
107 69 61 49 36 35 22 24 
110 79 69 47 41 33 37 22 
99 85 81 62 60 45 46 33 
96 82 88 62 52 43 39 33 
104 79 89 60 57 45 42 32 
99 81 78 62 53 51 44 28 
107 120 109 87 71 61 55 44 
86 86 79 66 53 46 42 29 
105 97 76 67 57 44 46 24 
114 67 75 57 46 32 33 27 
108 69 66 63 53 39 35 33 
112 80 74 52 52 28 42 25 
111 89 63 68 41 35 34 27 
111 90 70 60 39 28 37 20 
102 98 72 52 42 29 32 21 
113 82 74 56 50 27 38 23 
103 84 70 55 43 34 36 21 
125 120 93 68 66 35 41 31 
109 99 81 53 56 35 45 20 
110 96 76 59 52 29 41 22 
104 104 75 59 42 27 39 23 
110 106 78 57 57 25 37 27 
107 105 81 61 49 36 42 24 
115 103 74 67 44 37 41 21 
123 109 77 66 51 35 42 24 
120 96 80 70 47 37 38 25 
156 152 125 110 87 64 60 43 
128 104 95 77 67 40 47 28 
144 114 90 83 54 42 47 28 
127 95 89 87 45 47 45 28 
144 88 91 86 50 49 42 29 
130 100 91 87 52 53 55 24 
163 87 81 70 58 42 44 23 
135 99 83 68 53 42 47 23 
164 93 72 82 46 39 42 30 
130 92 99 66 47 41 46 27 
166 127 101 88 72 59 37 37 
133 98 83 66 39 38 38 18 
146 93 76 60 48 32 40 18 
125 78 72 57 45 33 36 19 
141 72 67 51 42 30 37 21 
128 86 80 45 40 33 42 20 
130 80 73 48 37 43 33 24 
130 80 73 48 37 43 33 24 
147 108 81 64 52 45 35 19 
137 103 81 69 47 44 36 13 
162 106 90 62 50 45 43 10 
157 104 71 70 54 48 43 13 
153 108 80 61 56 47 32 19 
146 125 87 67 44 48 35 18 
141 108 77 66 48 49 36 20 
116 127 84 63 60 54 31 18 
114 113 83 75 63 53 39 25 
110 101 78 78 68 50 46 29 
123 128 107 109 82 60 56 38 
94 106 83 89 66 51 54 35 
108 102 86 78 75 59 54 33 
94 105 85 81 68 53 50 30 
96 97 84 81 69 48 44 33 
101 84 82 77 70 53 50 40 
96 91 77 71 69 39 40 35 
89 88 89 75 71 47 48 35 
98 98 89 71 64 45 53 34 
96 100 85 79 76 45 49 32 
140 118 99 117 83 62 54 48 
132 106 98 88 75 50 58 39 
127 127 95 79 77 45 49 37 
146 119 97 94 55 55 48 41 
152 114 91 94 66 56 51 28 
131 115 95 82 73 58 34 21 
158 107 87 76 55 54 43 22 
148 96 78 62 41 49 36 19 
149 82 78 66 43 44 38 21 
125 107 77 63 45 36 34 21 
150 123 90 78 56 61 47 36 
98 86 57 57 41 30 40 22 
101 62 50 54 37 29 33 23 
96 77 50 52 34 31 26 15 
88 82 54 46 42 26 28 21 
79 66 48 47 27 17 20 15 
55 61 53 48 29 18 19 13 
59 55 59 43 29 21 20 12 
53 50 53 45 28 25 16 14 
60 71 82 49 23 23 14 15 
65 71 64 44 28 20 11 12 
55 60 53 47 25 25 12 9 
53 68 44 34 26 20 13 10 
53 66 43 34 18 16 17 6 
68 56 58 30 19 16 14 7 
51 53 45 30 16 17 13 8 
51 53 45 30 16 17 13 8 
77 68 37 22 16 14 11 9 
74 65 43 21 18 10 10 9 
76 63 33 28 14 7 12 9 
64 45 35 19 13 9 14 11 
57 42 53 36 27 17 11 12 
57 42 53 36 27 17 11 12 
71 54 60 36 39 31 15 19 
109 79 68 59 54 47 26 26 
114 72 78 61 56 46 27 26 
140 89 77 63 57 44 32 20 
117 79 87 60 51 47 36 20 
125 76 78 61 62 54 36 24 
119 89 86 72 61 52 40 28 
130 110 88 72 71 59 41 34 
118 104 92 79 66 65 42 41 
123 118 92 80 66 56 41 42 
136 125 86 82 69 62 52 36 
137 140 104 94 67 61 47 45 
128 123 91 76 67 48 44 34 
122 106 84 63 67 35 33 22 
118 85 76 46 36 25 19 16 
104 68 58 46 31 31 16 13 
108 71 61 46 35 29 19 12 
99 73 59 56 37 26 21 14 
96 73 58 45 38 26 26 11 
92 77 57 48 44 30 28 14 
90 71 62 42 34 34 28 15 
118 106 84 63 42 38 31 17 
112 84 68 50 32 32 30 22 
103 76 76 55 39 36 29 21 
93 76 64 48 27 30 28 22 
95 69 71 46 35 31 27 22 
81 59 62 48 33 31 28 21 
81 59 62 48 33 31 28 21 
73 66 40 46 26 30 27 18 
73 66 40 46 26 30 27 18 
76 74 69 45 33 24 26 22 
78 53 65 48 31 30 26 15 
70 60 52 36 26 22 28 19 
52 48 54 38 30 22 23 16 
59 50 53 33 19 20 20 12 
51 51 51 26 25 14 13 16 
59 56 47 26 23 10 19 13 
67 51 55 37 25 17 18 9 
67 41 36 27 22 13 15 7 
77 44 39 22 18 16 14 7 
78 53 44 18 14 13 12 6 
68 54 37 25 17 14 14 8 
70 44 37 25 13 16 12 14 
74 44 37 21 15 14 15 13 
53 44 40 29 15 20 14 9 
82 61 59 33 24 18 16 16 
82 61 59 33 24 18 16 16 
108 71 76 41 42 25 18 11 
105 78 70 51 40 26 24 10 
110 83 79 47 40 31 25 10 
107 71 70 55 47 30 22 12 
99 77 64 56 33 36 28 16 
112 76 66 41 33 30 34 19 
117 70 61 61 34 39 32 18 
135 96 79 76 45 46 44 16 
118 73 76 54 46 34 44 21 
117 76 74 50 47 32 35 23 
116 79 76 58 48 30 35 15 
116 79 76 58 48 30 35 15 
125 78 63 61 40 42 34 18 
117 86 73 66 47 39 34 15 
116 75 71 67 41 31 27 18 
98 62 61 49 34 20 24 14 
101 105 80 58 30 20 20 18 
85 76 63 45 29 25 22 10 
81 62 56 39 33 30 20 9 
75 70 57 46 40 28 22 12 
65 68 55 43 36 29 20 16 
62 75 50 47 34 27 20 17 
53 69 52 43 35 25 27 11 
77 67 49 47 36 33 25 14 
70 62 66 34 42 33 23 22 
68 74 61 41 47 36 29 22 
115 109 84 72 61 52 38 31 
109 88 61 58 39 38 25 35 
104 83 59 63 36 34 32 25 
110 86 76 60 42 29 31 26 
99 100 76 48 50 26 31 26 
95 84 64 66 49 26 31 34 
109 81 60 63 45 26 30 31 
108 83 83 52 44 27 31 25 
97 88 61 48 45 25 22 27 
90 80 65 50 40 28 26 16 
116 95 71 62 42 29 32 24 
105 86 59 50 38 25 28 18 
97 91 67 41 31 24 19 18 
79 73 63 27 32 23 22 15 
83 57 44 22 30 27 18 11 
82 56 56 29 27 18 12 12 
90 67 40 29 24 18 18 7 
70 68 47 24 25 21 16 11 
75 63 41 36 15 24 17 12 
79 59 36 34 20 17 12 7 
84 62 35 25 16 19 18 8 
63 47 36 21 16 12 15 9 
63 52 23 25 16 16 16 8 
58 47 24 22 15 17 14 6 
72 47 32 21 15 12 13 8 
76 43 25 22 24 11 15 10 
71 50 35 23 17 15 9 10 
99 47 45 23 27 11 10 13 
89 55 48 38 29 27 20 12 
112 71 49 46 40 34 25 12 
76 68 68 43 45 39 26 19 
61 78 49 51 52 39 35 18 
61 76 52 59 48 44 37 27 
53 84 59 59 37 39 31 22 
48 99 81 82 60 51 47 22 
52 105 86 83 62 50 49 32 
58 94 84 68 51 54 46 32 
46 97 78 74 60 55 46 29 
47 93 93 63 65 65 51 35 
56 100 93 69 62 56 52 45 
63 101 87 68 63 55 58 38 
68 97 100 70 66 51 45 38 
76 109 88 76 60 46 46 26 
76 113 91 78 61 46 45 25 
145 148 130 108 66 60 45 23 
102 124 94 60 49 44 33 18 
116 113 83 53 68 37 39 22 
105 105 86 73 58 41 36 27 
118 111 76 70 54 45 40 28 
113 106 82 79 51 47 44 25 
129 99 79 68 56 43 39 23 
128 101 73 68 55 42 38 29 
122 108 79 61 49 34 43 29 
120 105 82 68 51 57 46 36 
119 84 70 49 45 33 32 30 
125 87 72 54 41 36 33 30 
96 78 66 45 42 35 35 27 
94 71 58 50 40 34 33 30 
88 80 62 42 39 32 32 27 
76 74 44 41 30 32 28 17 
71 61 53 35 27 18 31 18 
77 68 58 50 29 26 25 24 
76 81 69 67 53 39 29 27 
76 84 63 51 29 26 28 14 
73 71 65 51 38 30 19 14 
73 71 65 51 38 30 19 14 
69 70 67 48 25 29 29 17 
69 70 67 48 25 29 29 17 
66 80 77 39 40 30 30 12 
64 64 64 45 32 29 20 16 
78 73 63 39 36 33 22 18 
71 58 59 33 42 30 17 23 
69 49 42 32 35 32 23 22 
67 56 45 37 44 29 25 23 
67 56 45 37 44 29 25 23 
71 54 59 44 47 34 27 26 
61 48 41 31 36 26 19 16 
82 51 44 28 38 28 16 17 
84 70 58 28 44 24 22 20 
95 67 64 40 30 27 22 16 
78 73 54 31 38 25 25 14 
102 70 48 48 34 35 24 13 
80 72 57 34 40 22 22 12 
80 77 48 36 41 28 23 11 
115 83 75 53 47 35 34 15 
124 88 74 64 43 31 31 21 
103 97 84 59 43 34 27 12 
111 103 71 61 37 27 23 14 
147 107 94 81 53 30 26 18 
141 111 85 72 58 38 23 11 
130 109 89 67 63 46 33 22 
133 111 94 84 70 47 53 23 
113 89 78 83 76 56 50 34 
105 81 87 76 77 49 47 36 
121 95 76 79 85 55 50 33 
112 89 89 75 68 51 31 36 
110 91 83 72 63 43 40 29 
110 91 83 72 63 43 40 29 
126 111 110 86 82 66 53 47 
109 95 83 58 59 45 47 27 
88 71 60 48 45 27 31 20 
91 79 59 49 40 28 27 21 
105 57 65 40 41 21 21 18 
83 54 58 35 37 18 22 20 
89 66 48 39 28 21 25 18 
66 51 50 36 34 21 21 12 
79 67 46 45 30 19 18 9 
97 73 57 47 33 22 17 15 
93 82 80 60 38 34 44 25 
86 78 81 60 47 37 33 24 
82 73 79 60 45 37 33 24 
83 63 75 59 52 37 43 20 
88 86 62 72 44 43 26 25 
88 70 72 64 50 38 41 22 
92 72 68 67 50 39 27 27 
85 82 78 70 46 42 35 29 
78 72 77 58 54 43 36 30 
100 94 88 87 66 53 57 40 
92 104 80 73 60 42 46 40 
78 99 84 77 54 49 43 36 
78 91 74 75 55 50 38 35 
79 108 73 75 57 49 43 38 
78 104 71 68 52 52 39 31 
82 96 65 86 63 54 44 31 
78 86 71 69 58 47 43 29 
83 83 81 63 49 42 41 31 
71 98 73 59 58 44 41 30 
74 87 79 69 51 43 40 29 
75 88 76 64 55 41 38 33 
102 109 93 88 60 53 40 33 
95 90 77 65 50 45 35 27 
97 92 77 55 46 45 41 25 
103 85 70 64 47 38 33 31 
96 81 97 54 51 41 30 21 
82 82 69 58 52 36 27 24 
80 75 82 44 39 33 28 21 
93 79 65 49 31 35 27 21 
89 77 67 46 35 29 30 19 
101 110 90 62 51 33 29 20 
107 85 65 54 36 26 23 19 
89 87 75 40 33 25 19 16 
84 81 60 41 25 21 24 17 
89 79 59 44 28 22 21 13 
90 75 54 39 30 22 16 8 
89 76 57 37 19 20 15 9 
93 87 57 33 21 22 10 11 
89 72 54 35 24 16 14 9 
105 101 66 47 38 20 17 15 
98 70 50 32 22 28 14 10 
94 60 46 31 22 21 11 11 
85 59 42 31 23 24 11 10 
92 64 40 25 26 23 9 14 
87 54 34 36 19 18 8 13 
79 51 44 34 19 19 12 10 
110 66 47 29 22 13 11 16 
91 63 41 31 24 19 15 10 
90 50 47 27 21 10 19 9 
78 52 40 28 22 20 17 11 
71 63 33 22 22 15 12 12 
63 58 42 24 23 16 16 10 
74 46 33 30 25 16 13 14 
73 45 46 28 23 15 18 10 
88 60 41 33 20 10 17 17 
94 74 36 32 23 15 14 13 
94 74 36 32 23 15 14 13 
101 81 53 48 29 21 16 9 
112 80 53 49 32 18 24 9 
116 77 61 42 38 26 23 12 
105 82 57 48 34 28 15 12 
119 77 69 42 31 24 20 13 
91 92 49 46 36 22 22 13 
83 76 53 40 31 23 10 17 
115 104 77 60 41 26 19 19 
93 61 43 32 20 17 16 12 
93 61 43 32 20 17 16 12 
73 56 33 37 19 20 19 13 
64 62 32 31 20 18 16 13 
70 57 37 30 20 14 15 16 
76 52 38 32 23 18 12 15 
64 55 44 27 18 15 12 12 
64 41 30 18 16 10 12 10 
63 42 31 18 20 6 10 12 
63 42 31 18 20 6 10 12 
57 43 37 23 17 8 9 8 
58 42 28 21 20 10 11 6 
56 32 28 21 22 8 11 9 
55 35 24 21 19 12 11 5 
55 35 24 21 19 12 11 5 
49 40 32 15 19 17 16 7 
49 42 30 15 19 12 7 9 
67 72 67 39 35 29 21 10 
79 72 78 37 34 28 21 14 
76 74 75 49 34 29 28 14 
85 82 71 45 46 31 26 19 
87 82 70 44 36 33 22 23 
85 78 69 42 46 37 31 16 
92 70 76 58 42 39 27 19 
95 97 76 69 49 42 32 28 
93 93 72 60 42 41 33 21 
100 95 76 60 44 39 30 19 
107 84 69 66 39 42 37 23 
94 88 71 60 44 36 33 20 
95 79 82 58 35 36 33 22 
100 85 79 55 37 37 35 23 
93 79 84 58 33 26 29 22 
92 66 50 34 19 25 19 17 
110 99 71 45 26 27 24 16 
85 97 44 39 24 22 21 11 
91 86 56 45 20 22 21 11 
79 82 49 38 21 24 18 9 
85 79 50 38 25 17 15 10 
76 84 39 30 21 18 10 9 
71 72 36 28 16 19 12 7 
71 66 62 29 26 15 14 8 
63 61 49 32 21 21 20 6 
55 74 40 32 20 23 11 9 
64 70 49 35 16 10 13 5 
69 49 33 31 22 12 12 8 
57 62 28 30 21 11 13 7 
53 46 35 32 20 7 14 5 
69 42 36 24 18 6 12 5 
45 46 39 24 25 18 4 5 
47 39 45 17 20 14 8 7 
48 39 33 25 23 15 5 5 
51 65 44 33 23 12 11 6 
57 43 53 29 21 13 8 6 
48 53 51 25 11 15 11 8 
53 53 53 25 21 16 9 7 
63 50 48 25 25 12 11 7 
71 53 57 28 30 10 13 7 
66 54 49 30 30 13 12 10 
68 56 46 24 15 10 12 15 
68 56 46 24 15 10 12 15 
77 79 66 35 26 20 23 12 
88 87 64 44 26 16 22 9 
66 79 70 46 38 26 18 14 
83 55 62 37 35 22 21 16 
73 59 38 19 22 19 16 11 
75 62 37 28 18 17 19 10 
93 56 35 24 18 25 12 12 
99 69 45 38 24 19 15 12 
108 63 33 37 28 21 13 11 
93 61 45 21 33 22 12 10 
89 45 48 35 23 25 20 5 
95 44 37 35 26 21 16 9 
66 45 39 33 29 22 10 7 
59 43 39 31 21 24 13 10 
61 41 33 37 24 20 12 7 
58 63 55 35 33 22 14 8 
49 53 37 21 31 21 12 10 
63 44 28 31 22 16 15 7 
54 44 36 25 14 17 14 11 
65 51 44 28 28 22 12 9 
93 67 63 54 44 37 35 24 
88 86 63 59 39 43 27 32 
104 70 64 53 46 40 30 26 
98 76 54 57 42 45 31 28 
102 72 60 61 44 40 37 30 
126 107 94 89 78 69 64 43 
113 91 63 64 56 49 41 39 
97 75 72 60 44 51 43 44 
99 67 69 64 59 48 46 36 
111 85 66 65 46 54 41 44 
105 80 76 63 46 45 45 37 
100 82 63 65 53 39 40 36 
93 79 75 56 51 50 34 37 
102 81 75 58 49 43 41 29 
109 75 74 51 47 42 41 29 
113 87 75 49 51 46 37 32 
118 121 98 69 68 65 49 48 
113 90 69 59 48 48 34 23 
121 93 70 48 38 49 34 21 
108 101 65 49 40 38 25 22 
103 101 70 45 42 35 28 20 
101 90 62 47 33 43 31 19 
92 87 74 41 35 37 28 18 
92 87 74 41 35 37 28 18 
101 90 57 39 27 36 27 19 
106 86 51 49 37 29 24 19 
96 82 47 48 23 28 19 9 
89 71 46 39 23 21 13 11 
84 80 45 40 23 18 15 8 
88 71 44 33 26 17 12 8 
91 61 48 32 18 20 20 8 
83 71 54 35 23 20 16 9 
84 62 45 30 17 18 18 11 
92 67 48 32 17 13 18 11 
90 67 51 32 26 19 19 5 
93 59 48 35 25 14 16 12 
96 68 44 30 20 14 18 12 
97 72 35 32 19 16 20 10 
97 60 37 33 21 14 19 9 
96 66 47 27 21 17 17 15 
95 67 42 26 14 14 17 11 
82 56 41 25 19 11 17 9 
85 60 42 28 17 14 12 15 
92 62 38 24 16 14 15 13 
97 50 34 25 15 13 15 11 
89 58 43 27 21 14 13 14 
82 56 52 26 17 16 13 13 
85 58 40 24 19 11 14 15 
87 65 39 24 17 15 13 17 
103 70 49 23 17 18 13 10 
101 60 47 32 18 13 19 7 
92 67 44 27 21 14 17 8 
99 62 44 30 22 12 13 12 
88 59 41 30 18 15 16 7 
114 54 46 30 15 17 11 13 
94 67 44 23 19 16 15 8 
98 72 44 24 11 15 17 8 
105 69 40 20 21 14 13 11 
109 63 38 24 23 16 14 11 
89 61 37 21 18 12 16 7 
88 67 43 21 22 13 14 7 
90 64 43 21 20 15 14 12 
