0 1165
1 1171
2 1177
3 1183
4 1189
5 1195
6 1201
7 1207
8 1213
9 1219
10 1225
11 1231
12 1237
13 1243
14 1249
15 1255
16 1261
17 1267
18 1273
19 1279
20 1285
21 1291
22 1297
23 1303
24 1309
25 1315
26 1321
27 1327
28 1333
29 1339
30 1345
31 1351
32 1357
33 1363
34 1369
35 1375
36 1381
37 1387
38 1393
39 1399
40 1405
41 1411
42 1417
43 1423
44 1429
45 1435
46 1441
47 1447
48 1453
49 1459
50 1465
51 1471
52 1477
53 1483
54 1489
55 1495
56 1501
57 1507
58 1513
59 1519
60 1525
61 1531
62 1537
63 1543
64 1549
65 1555
66 1561
67 1567
68 1573
69 1579
70 1585
71 1591
72 1597
73 1603
74 1609
75 1615
76 1621
77 1627
78 1633
79 1639
80 1645
81 1651
82 1657
83 1663
84 1669
85 1675
86 1681
87 1687
88 1693
89 1699
90 1705
91 1711
92 1717
93 1723
94 1729
95 1735
96 1741
97 1747
98 1753
99 1759
100 1765
101 1771
102 1777
103 1783
104 1789
105 1795
106 1801
107 1807
108 1813
109 1819
110 1825
111 1831
112 1837
113 1843
114 1849
115 1855
116 1861
117 1867
118 1873
119 1879
120 1885
121 1891
122 1897
123 1903
124 1909
125 1915
126 1921
127 1927
128 1933
129 1939
130 1945
131 1951
132 1957
133 1963
134 1969
135 1975
136 1981
137 1987
138 1993
139 1999
140 2005
141 2011
142 2017
143 2023
144 2029
145 2035
146 2041
147 2047
148 2053
149 2059
150 2065
151 2071
152 2077
153 2083
154 2089
155 2095
156 2101
157 2107
158 2113
159 2119
160 2125
161 2131
162 2137
163 2143
164 2149
165 2155
166 2161
167 2167
168 2173
169 2179
170 2185
171 2191
172 2197
173 2203
174 2209
175 2215
176 2221
177 2227
178 2233
179 2239
180 2245
181 2251
182 2257
183 2263
184 2269
185 2275
186 2281
187 2287
188 2293
189 2299
190 2305
191 2311
192 2317
193 2323
194 2329
195 2335
196 2341
197 2347
198 2353
199 2359
200 2365
201 2371
202 2377
203 2383
204 2389
205 2395
206 2401
207 2407
208 2413
209 2419
210 2425
211 2431
212 2437
213 2443
214 2449
215 2455
216 2461
217 2467
218 2473
219 2479
220 2485
221 2491
222 2497
223 2503
224 2509
225 2515
226 2521
227 2527
228 2533
229 2539
230 2545
231 2551
232 2557
233 2563
234 2569
235 2575
236 2581
237 2587
238 2593
239 2599
240 2605
241 2611
242 2617
243 2623
244 2629
245 2635
246 2641
247 2647
248 2653
249 2659
250 2665
251 2671
252 2677
253 2683
254 2689
255 2695
256 2701
257 2707
258 2713
259 2719
260 2725
261 2731
262 2737
263 2743
264 2749
265 2755
266 2761
267 2767
268 2773
269 2779
270 2785
271 2791
272 2797
273 2803
274 2809
275 2815
276 2821
277 2827
278 2833
279 2839
280 2845
281 2851
282 2857
283 2863
284 2869
285 2875
286 2881
287 2887
288 2893
289 2899
290 2905
291 2911
292 2917
293 2923
294 2929
295 2935
296 2941
297 2947
298 2953
299 2959
300 2965
301 2971
302 2977
303 2983
304 2989
305 2995
306 3001
307 3007
308 3013
309 3019
310 3025
311 3031
312 3037
313 3043
314 3049
315 3055
316 3061
317 3067
318 3073
319 3079
320 3085
321 3091
322 3097
323 3103
324 3109
325 3115
326 3121
327 3127
328 3133
329 3139
330 3145
331 3151
332 3157
333 3163
334 3169
335 3175
336 3181
337 3187
338 3193
339 3199
340 3205
341 3211
342 3217
343 3223
344 3229
345 3235
346 3241
347 3247
348 3253
349 3259
350 3265
351 3271
352 3277
353 3283
354 3289
355 3295
356 3301
357 3307
358 3313
359 3319
360 3325
361 3331
362 3337
363 3343
364 3349
365 3355
366 3361
367 3367
368 3373
369 3379
370 3385
371 3391
372 3397
373 3403
374 3409
375 3415
376 3421
377 3427
378 3433
379 3439
380 3445
381 3451
382 3457
383 3463
384 3469
385 3475
386 3481
387 3487
388 3493
389 3499
390 3505
391 3511
392 3517
393 3523
394 3529
395 3535
396 3541
397 3547
398 3553
399 3559
400 3565
401 3571
402 3577
403 3583
404 3589
405 3595
406 3601
407 3607
408 3613
409 3619
410 3625
411 3631
412 3637
413 3643
414 3649
415 3655
416 3661
417 3667
418 3673
419 3679
420 3685
421 3691
422 3697
423 3703
424 3709
425 3715
426 3721
427 3727
428 3733
429 3739
430 3745
431 3751
432 3757
433 3763
434 3769
435 3775
436 3781
437 3787
438 3793
439 3799
440 3805
441 3811
442 3817
443 3823
444 3829
445 3835
446 3841
447 3847
448 3853
449 3859
450 3865
451 3871
452 3877
453 3883
454 3889
455 3895
456 3901
457 3907
458 3913
459 3919
460 3925
461 3931
462 3937
463 3943
464 3949
465 3955
466 3961
467 3967
468 3973
469 3979
470 3985
471 3991
472 3997
473 4003
474 4009
475 4015
476 4021
477 4027
478 4033
479 4039
480 4045
481 4051
482 4057
483 4063
484 4069
485 4075
486 4081
487 4087
488 4093
489 4099
490 4105
491 4111
492 4117
493 4123
494 4129
495 4135
496 4141
497 4147
498 4153
499 4159
500 4165
501 4171
502 4177
503 4183
504 4189
505 4195
506 4201
507 4207
508 4213
509 4219
510 4225
511 4231
512 4237
513 4243
514 4249
515 4255
516 4261
517 4267
518 4273
519 4279
520 4285
521 4291
522 4297
523 4303
524 4309
525 4315
526 4321
527 4327
528 4333
529 4339
530 4345
531 4351
532 4357
533 4363
534 4369
535 4375
536 4381
537 4387
538 4393
539 4399
540 4405
541 4411
542 4417
543 4423
544 4429
545 4435
546 4441
547 4447
548 4453
549 4459
550 4465
551 4471
552 4477
553 4483
554 4489
555 4495
556 4501
557 4507
558 4513
559 4519
560 4525
561 4531
562 4537
563 4543
564 4549
565 4555
566 4561
567 4567
568 4573
569 4579
570 4585
571 4591
572 4597
573 4603
574 4609
575 4615
576 4621
577 4627
578 4633
579 4639
580 4645
581 4651
582 4657
583 4663
584 4669
585 4675
586 4681
587 4687
588 4693
589 4699
590 4705
591 4711
592 4717
593 4723
594 4729
595 4735
596 4741
597 4747
598 4753
599 4759
600 4765
601 4771
602 4777
603 4783
604 4789
605 4795
606 4801
607 4807
608 4813
609 4819
610 4825
611 4831
612 4837
613 4843
614 4849
615 4855
616 4856
617 4862
618 4868
619 4874
625 4877
626 4881
627 4884
628 4890
629 4895
630 4901
631 4904
632 4907
633 4913
634 4919
635 4925
636 4931
637 4937
638 4943
639 4949
640 4955
641 4961
642 4967
643 4973
644 4979
645 4985
646 4991
647 4997
648 5003
649 5009
650 5015
651 5021
652 5027
653 5033
654 5039
655 5045
656 5051
657 5057
658 5063
659 5069
660 5075
661 5081
662 5087
663 5093
664 5099
665 5105
666 5111
667 5117
668 5123
669 5129
670 5135
671 5141
672 5147
673 5153
674 5159
675 5165
676 5171
677 5177
678 5183
679 5189
680 5195
681 5201
682 5207
683 5213
684 5219
685 5225
686 5231
687 5237
688 5243
689 5249
690 5255
691 5261
692 5267
693 5273
694 5279
695 5285
696 5291
697 5297
698 5303
699 5309
700 5315
701 5321
702 5327
703 5333
704 5339
705 5345
706 5351
707 5357
708 5363
709 5369
710 5375
711 5381
712 5387
713 5393
714 5399
715 5405
716 5411
717 5417
718 5423
719 5429
720 5435
721 5441
722 5447
723 5453
724 5459
725 5465
726 5471
727 5477
728 5483
729 5489
730 5495
731 5501
732 5507
733 5513
734 5519
735 5525
736 5531
737 5537
738 5543
739 5549
740 5555
741 5561
742 5567
743 5573
744 5579
745 5585
746 5591
747 5597
748 5603
749 5609
750 5615
751 5621
752 5627
753 5633
754 5639
755 5645
756 5651
757 5657
758 5663
759 5669
760 5675
761 5681
762 5687
763 5693
764 5699
767 5704
770 5705
771 5710
773 5714
774 5719
775 5725
776 5731
777 5737
778 5743
779 5749
780 5755
781 5761
782 5767
783 5773
784 5779
785 5785
786 5791
787 5797
788 5803
789 5809
790 5815
791 5821
792 5827
793 5833
794 5839
795 5842
796 5848
797 5854
798 5860
799 5866
800 5872
801 5878
802 5884
803 5890
804 5896
805 5902
806 5908
807 5914
808 5920
809 5926
810 5932
811 5938
812 5944
813 5950
814 5956
815 5962
816 5968
817 5974
818 5980
819 5986
820 5992
821 5998
822 6004
823 6010
824 6016
825 6022
826 6028
827 6034
828 6040
829 6046
830 6052
831 6058
832 6064
833 6070
834 6076
835 6082
836 6088
837 6094
838 6100
839 6106
840 6112
841 6118
842 6124
843 6130
844 6136
845 6142
846 6148
847 6154
848 6160
849 6166
850 6172
851 6178
852 6184
853 6190
854 6196
855 6202
856 6208
857 6214
858 6220
859 6226
860 6232
861 6238
862 6244
863 6250
864 6256
865 6262
866 6268
867 6274
868 6280
869 6286
870 6292
871 6298
872 6304
873 6310
874 6316
875 6322
876 6328
877 6334
878 6340
879 6346
880 6352
881 6358
882 6364
883 6370
884 6376
885 6382
886 6388
887 6394
888 6400
889 6406
890 6412
891 6418
892 6424
893 6430
894 6436
895 6442
896 6448
897 6454
898 6460
899 6466
900 6472
901 6478
902 6484
903 6490
904 6496
905 6502
906 6508
907 6514
908 6520
909 6526
910 6532
911 6538
912 6544
913 6550
914 6556
915 6562
916 6567
917 6569
918 6575
919 6581
920 6587
921 6593
923 6600
924 6606
925 6612
926 6618
927 6624
928 6630
929 6636
930 6642
931 6648
932 6654
933 6660
934 6666
935 6672
936 6678
937 6684
938 6691
939 6697
940 6703
941 6709
942 6715
943 6721
944 6727
945 6733
946 6738
947 6744
948 6750
949 6756
950 6762
951 6768
952 6774
953 6780
954 6786
955 6792
956 6798
957 6804
958 6810
959 6816
960 6822
961 6828
962 6834
963 6840
964 6846
965 6852
966 6858
967 6864
968 6870
969 6876
970 6882
971 6888
972 6894
973 6900
974 6906
975 6912
976 6918
977 6924
978 6930
979 6936
980 6942
981 6948
982 6954
983 6960
984 6966
985 6972
986 6978
987 6985
988 6991
989 6997
990 7003
991 7009
992 7015
993 7021
994 7027
995 7033
996 7039
997 7045
998 7051
999 7057
1000 7063
1001 7069
1002 7075
1003 7080
1004 7086
1005 7092
1006 7098
1007 7104
1008 7110
1009 7116
1010 7122
1011 7128
1012 7134
1013 7140
1014 7146
1015 7152
1016 7158
1017 7164
1018 7170
1019 7176
1020 7182
1021 7188
1022 7194
1023 7200
1024 7206
1025 7212
1026 7218
1027 7224
1028 7230
1029 7236
1030 7242
1031 7248
1032 7254
1033 7260
1034 7266
1035 7272
1036 7278
1037 7284
1038 7290
1039 7296
1040 7302
1041 7308
1042 7314
1043 7320
1044 7326
1045 7332
1046 7338
1047 7344
1048 7350
1049 7356
1050 7362
1051 7368
1052 7374
1053 7380
1054 7386
1055 7392
1056 7398
1057 7404
1058 7410
1059 7416
1060 7422
1061 7428
1062 7434
1063 7440
1064 7446
1065 7452
1066 7458
1067 7464
1068 7470
1069 7476
1070 7482
1071 7488
1072 7494
1073 7500
1074 7506
1075 7512
1076 7518
1077 7524
1078 7530
1079 7536
1080 7542
1081 7548
1082 7554
1083 7560
1084 7566
1085 7572
1086 7578
1087 7584
1088 7590
1089 7596
1090 7602
1091 7608
1092 7614
1093 7620
1094 7626
1095 7632
1096 7638
1097 7644
1114 7645
1115 7649
1116 7655
1117 7661
1118 7667
1119 7673
1120 7679
1121 7685
1122 7691
1123 7697
1124 7703
1125 7706
1126 7712
1127 7718
1128 7724
1129 7730
1130 7736
1131 7742
1132 7748
1133 7754
1134 7761
1135 7767
1136 7773
1137 7779
1138 7785
1139 7791
1140 7797
1141 7803
1142 7809
1143 7815
1144 7821
1145 7827
1146 7833
1147 7839
1148 7845
1149 7851
1150 7857
1151 7863
1152 7869
1153 7875
1154 7881
1155 7887
1156 7893
1157 7899
1158 7905
1159 7911
1160 7917
1161 7923
1162 7929
1163 7935
1164 7941
1165 7947
1166 7953
1167 7958
1168 7964
1169 7970
1170 7976
1171 7982
1172 7988
1173 7994
1174 8000
1175 8007
1176 8013
1177 8019
1178 8025
1179 8031
1180 8037
1181 8043
1182 8049
1183 8055
1184 8061
1185 8067
1186 8073
1187 8079
1188 8085
1189 8091
1190 8097
1191 8102
1192 8108
1193 8114
1194 8120
1195 8126
1196 8132
1197 8138
1198 8144
1199 8150
1200 8156
1201 8162
1202 8168
1203 8174
1204 8180
1205 8186
1206 8192
1207 8198
1208 8204
1209 8210
1210 8216
1211 8222
1212 8228
1213 8234
1214 8240
1215 8246
1216 8253
1217 8259
1218 8265
1219 8271
1220 8277
1221 8283
1222 8289
1223 8295
1224 8300
1225 8306
1226 8312
1227 8318
1228 8324
1229 8330
1230 8336
1231 8342
1232 8348
1233 8354
1234 8360
1235 8366
1236 8372
1237 8378
1238 8384
1239 8390
1240 8396
1241 8402
1242 8408
1243 8414
1244 8420
1245 8426
1246 8432
1247 8438
1248 8444
1249 8450
1250 8455
1251 8459
1252 8465
1253 8471
1254 8477
1255 8483
1256 8489
1257 8495
1258 8501
1259 8507
1260 8513
1261 8519
1262 8525
1263 8531
1264 8537
1265 8543
1266 8549
1267 8555
1268 8561
1269 8567
1270 8573
1271 8579
1272 8585
1273 8592
1274 8598
1275 8604
1276 8610
1277 8616
1278 8622
1279 8628
1280 8634
1281 8640
1282 8646
1283 8652
1284 8658
1285 8664
1286 8670
1287 8676
1288 8682
1289 8687
1290 8693
1291 8699
1292 8705
1293 8711
1294 8717
1295 8723
1296 8729
1297 8735
1298 8742
1299 8748
1300 8754
1301 8760
1302 8766
1303 8772
1304 8778
1305 8784
1306 8790
1307 8796
1308 8802
1309 8808
1310 8814
1311 8820
1312 8826
1313 8832
1314 8838
1315 8844
1316 8850
1317 8856
1318 8862
1319 8868
1320 8874
1321 8880
1322 8886
1323 8892
1324 8898
1325 8904
1326 8910
1327 8916
1328 8922
1329 8928
1330 8934
1331 8940
1332 8946
1333 8952
1334 8958
1335 8964
1336 8970
1337 8976
1338 8982
1339 8988
1340 8994
1341 9000
1342 9006
1343 9012
1344 9018
1345 9024
1346 9030
1347 9036
1348 9042
1349 9048
1350 9054
1351 9060
1352 9066
1353 9072
1354 9078
1355 9084
1356 9090
1357 9096
1358 9102
1359 9108
1360 9114
1361 9120
1362 9126
1363 9132
1364 9138
1365 9144
1366 9150
1367 9156
1368 9162
1369 9168
1370 9174
1371 9180
1372 9186
1373 9192
1374 9198
1375 9204
1376 9210
1377 9216
1378 9222
1379 9228
1380 9234
1381 9240
1382 9246
1383 9252
1384 9258
1385 9264
1386 9270
1387 9276
1388 9282
1389 9288
1390 9294
1391 9300
1392 9306
1393 9312
1394 9318
1395 9324
1396 9330
1397 9336
1398 9342
1399 9348
1400 9354
1401 9360
1402 9366
1403 9372
1404 9378
1405 9384
1406 9390
1407 9396
1408 9402
1409 9408
1410 9414
1411 9420
1412 9426
1413 9432
1414 9438
1415 9444
1416 9450
1417 9456
1418 9462
1419 9468
1420 9474
1421 9480
1422 9486
1423 9492
1424 9498
1425 9504
1426 9510
1427 9516
1428 9522
1429 9527
1430 9531
1431 9537
1432 9543
1433 9549
1434 9555
1435 9561
1436 9567
1437 9573
1438 9579
1439 9585
1440 9591
1441 9597
1442 9603
1443 9609
1444 9615
1445 9621
1446 9627
1447 9633
1448 9639
1449 9645
1450 9651
1451 9657
1452 9663
1453 9669
1454 9675
1455 9681
1456 9687
1457 9693
1458 9699
1459 9705
1460 9711
1461 9717
1462 9723
1463 9729
1464 9735
1465 9741
1466 9747
1467 9753
1468 9759
1469 9765
1470 9771
1471 9777
1472 9783
1473 9789
1474 9795
1475 9801
1476 9807
1477 9813
1478 9819
1479 9825
1480 9831
1481 9837
1482 9843
1483 9849
1484 9855
1485 9861
1486 9867
1487 9873
1488 9879
1489 9885
1490 9891
1491 9897
1492 9903
1493 9909
1494 9915
1495 9921
1496 9927
1497 9933
1498 9939
1499 9945
1500 9951
1501 9957
1502 9962
1503 9968
1504 9974
1505 9980
1506 9986
1507 9992
1508 9998
1509 10004
1510 10011
1511 10017
1512 10023
1513 10029
1514 10035
1515 10041
1516 10047
1517 10053
1518 10059
1519 10065
1520 10071
1521 10077
1522 10083
1523 10089
1524 10095
1525 10101
1526 10106
1527 10112
1528 10118
1529 10124
1530 10130
1531 10136
1532 10142
1533 10148
1534 10155
1535 10161
1536 10167
1537 10173
1538 10179
1539 10185
1540 10191
1541 10197
1542 10203
1543 10209
1544 10215
1545 10221
1546 10227
1547 10233
1548 10239
1549 10245
1550 10251
1551 10257
1552 10263
1553 10269
1554 10275
1555 10281
1556 10287
1557 10293
1558 10299
1559 10305
1560 10311
1561 10317
1562 10323
1563 10329
1564 10335
1565 10341
1566 10347
1567 10353
1568 10359
1569 10365
1570 10371
1571 10377
1572 10383
1573 10389
1574 10395
1575 10401
1576 10407
1577 10413
1578 10419
1579 10425
1580 10431
1581 10437
1582 10443
1583 10449
1584 10455
1585 10461
1586 10467
1587 10473
1588 10479
1589 10485
1590 10491
1591 10497
1592 10503
1593 10509
1594 10515
1595 10521
1596 10527
1597 10533
1598 10539
1599 10545
1600 10551
1601 10557
1602 10563
1603 10569
1604 10575
1605 10581
1606 10587
1607 10593
1608 10599
1609 10605
1610 10611
1611 10617
1612 10623
1613 10629
1614 10635
1615 10641
1616 10647
1617 10653
1618 10659
1619 10665
1620 10671
1621 10677
1622 10683
1623 10689
1624 10695
1625 10701
1626 10707
1627 10713
1628 10719
1629 10725
1630 10731
1631 10737
1632 10743
1633 10749
1634 10755
1635 10761
1636 10767
1637 10773
1638 10779
1639 10785
1640 10791
1641 10797
1642 10803
1643 10809
1644 10815
1645 10821
1646 10827
1647 10833
1648 10839
1649 10845
1650 10851
1651 10857
1652 10863
1653 10869
1654 10875
1655 10881
1656 10887
1657 10893
1658 10899
1659 10905
1660 10911
1661 10917
1662 10923
1663 10929
1664 10935
1665 10941
1666 10947
1667 10953
1668 10959
1669 10965
1670 10971
1671 10977
1672 10983
1673 10989
1674 10995
1675 11001
1676 11007
1677 11013
1678 11019
1679 11025
1680 11031
1681 11037
1682 11043
1683 11049
1684 11055
1685 11061
1686 11067
1687 11073
1688 11079
1689 11085
1690 11091
1691 11097
1692 11103
1693 11109
1694 11115
1695 11121
1696 11127
1697 11133
1698 11139
1699 11145
1700 11151
1701 11157
1702 11163
1703 11169
1704 11175
1705 11181
1706 11187
1707 11193
1708 11199
1709 11205
1710 11211
1711 11217
1712 11223
1713 11229
1714 11235
1715 11241
1716 11247
1717 11253
1718 11259
1719 11265
1720 11271
1721 11277
1722 11283
1723 11289
1724 11295
1725 11301
1726 11307
1727 11313
1728 11319
1729 11325
1730 11331
1731 11337
1732 11343
1733 11349
1734 11355
1735 11361
1736 11367
1737 11373
1738 11379
1739 11385
1740 11391
1741 11397
1742 11403
1743 11409
1744 11415
1745 11421
1746 11427
1747 11433
1748 11439
1749 11445
1750 11451
1751 11457
1752 11463
1753 11469
1754 11475
1755 11481
1756 11487
1757 11493
1758 11499
1759 11505
1760 11511
1761 11517
1762 11523
1763 11529
1764 11535
1765 11541
1766 11547
1767 11553
1768 11559
1769 11565
1770 11571
1771 11577
1772 11583
1794 11589
1795 11595
1796 11601
1797 11607
1798 11613
1799 11619
1800 11625
1801 11631
1802 11637
1803 11643
1804 11649
1805 11655
1806 11661
1807 11667
1808 11673
1809 11679
1810 11685
1811 11691
1812 11697
1813 11703
1814 11709
1815 11715
1816 11721
1817 11727
1818 11733
1819 11739
1820 11745
1821 11751
1822 11757
1823 11763
1824 11769
1825 11775
1826 11781
1827 11787
1828 11793
1829 11799
1830 11805
1831 11811
1832 11817
1833 11823
1834 11829
1835 11835
1836 11841
1837 11847
1838 11853
1839 11859
1840 11865
1841 11871
1842 11877
1843 11883
1844 11889
1845 11895
1846 11901
1847 11907
1848 11913
1849 11919
1850 11925
1851 11931
1852 11937
1853 11943
1854 11949
1855 11955
1856 11961
1857 11967
1858 11973
1859 11979
1860 11985
1861 11991
1862 11997
1863 12003
1864 12009
1865 12015
1866 12021
1867 12027
1868 12033
1869 12039
1870 12045
1871 12051
1872 12057
1873 12063
1874 12069
1875 12075
1876 12081
1877 12087
1878 12093
1879 12099
1880 12105
1881 12111
1882 12117
1883 12123
1884 12129
1885 12135
1886 12141
1887 12147
1888 12153
1889 12159
1890 12165
1891 12171
1892 12177
1893 12183
1894 12189
1895 12195
1896 12201
1897 12207
1898 12213
1899 12219
1900 12225
1901 12231
1902 12237
1903 12243
1904 12249
1905 12255
1906 12261
1907 12267
1908 12273
1909 12279
1910 12285
1911 12291
1912 12297
1913 12303
1914 12309
1915 12315
1916 12321
1917 12327
1918 12333
1919 12339
1920 12345
1921 12351
1922 12357
1923 12363
1924 12369
1925 12375
1926 12381
1927 12387
1928 12393
1929 12399
1930 12405
1931 12411
1932 12417
1933 12423
1934 12429
1935 12435
1936 12441
1937 12447
1938 12453
1939 12459
1940 12465
1941 12471
1942 12477
1943 12483
1944 12489
1945 12495
1946 12501
1947 12507
1948 12513
1949 12519
1950 12525
1951 12531
1952 12537
1953 12543
1954 12549
1955 12555
1956 12561
1957 12567
1958 12573
1959 12579
1960 12585
1961 12591
1962 12597
1963 12603
1964 12609
1965 12615
1966 12621
1967 12627
1968 12633
1969 12639
1970 12645
1971 12651
1972 12657
1973 12663
1974 12669
1975 12675
1976 12681
1977 12687
1978 12693
1979 12699
1980 12705
1981 12711
1982 12717
1983 12723
1984 12729
1985 12735
1986 12741
1987 12747
1988 12753
1989 12759
1990 12765
1991 12771
1992 12777
1993 12783
1994 12789
1995 12795
1996 12801
1997 12807
1998 12810
1999 12815
2000 12821
2001 12827
2002 12833
2003 12839
2004 12845
2005 12851
2006 12857
2007 12863
2008 12869
2009 12875
2010 12881
2011 12887
2012 12893
2013 12899
2014 12905
2015 12908
2016 12914
2017 12920
2018 12926
2019 12932
2020 12938
2021 12944
2022 12950
2023 12956
2024 12962
2025 12968
2026 12974
2027 12980
2028 12986
2029 12992
2030 12998
2031 13004
2032 13010
2033 13016
2034 13022
2035 13028
2036 13034
2037 13040
2038 13046
2039 13052
2040 13058
2041 13064
2042 13070
2043 13076
2044 13082
2045 13088
2046 13094
2047 13100
2048 13106
2049 13112
2050 13118
2051 13124
2052 13130
2053 13136
2054 13142
2055 13148
2056 13154
2057 13160
2058 13166
2059 13172
2060 13178
2061 13184
2062 13190
2063 13196
2064 13202
2065 13208
2066 13214
2067 13220
2068 13226
2069 13232
2070 13238
2071 13244
2072 13250
2073 13256
2074 13262
2075 13268
2076 13274
2077 13280
2078 13286
2079 13292
2080 13298
2081 13304
2082 13310
2083 13316
2084 13322
2085 13328
2086 13334
2087 13340
2088 13346
2089 13352
2090 13358
2091 13364
2092 13370
2093 13376
2094 13382
2095 13388
2096 13394
2097 13400
2098 13406
2099 13412
2100 13418
2101 13424
2102 13430
2103 13436
2104 13442
2105 13448
2106 13454
2107 13460
2108 13466
2109 13472
2110 13478
2111 13484
2112 13490
2113 13496
2114 13502
2115 13508
2116 13514
2117 13520
2118 13526
2119 13532
2120 13538
2121 13544
2122 13550
2123 13556
2124 13562
2125 13568
2126 13574
2127 13580
2128 13586
2129 13592
2130 13598
2131 13604
2132 13610
2133 13616
2134 13622
2135 13628
2136 13634
2137 13640
2138 13646
2139 13652
2140 13658
2141 13664
2142 13670
2143 13676
2144 13682
2145 13688
2146 13694
2147 13700
2148 13706
2149 13712
2150 13718
2151 13724
2152 13730
2153 13736
2154 13742
2155 13748
2156 13754
2157 13760
2158 13766
2159 13772
2160 13778
2161 13784
2162 13790
2163 13796
2164 13802
2165 13808
2166 13814
2167 13820
2168 13826
2169 13832
2170 13838
2171 13844
2172 13850
2173 13856
2174 13862
2175 13868
2176 13874
2177 13880
2178 13886
2179 13892
2180 13898
2181 13904
2182 13910
2183 13916
2184 13922
2185 13928
2186 13934
2187 13940
2188 13946
2189 13952
2190 13958
2191 13964
2192 13967
2193 13973
2194 13979
2195 13985
2196 13988
2197 13994
2198 14000
2199 14006
2200 14012
2201 14018
2202 14024
2203 14027
2204 14033
2205 14039
2206 14045
2207 14051
2208 14057
2209 14063
2210 14069
2211 14075
2212 14081
2213 14087
2214 14093
2215 14099
2216 14105
2217 14111
2218 14117
2219 14122
2220 14123
2221 14124
2222 14125
2223 14126
2224 14130
2225 14136
2226 14139
2227 14145
2228 14151
2229 14157
2230 14163
2231 14169
2232 14175
2233 14181
2234 14187
2235 14193
2236 14199
2237 14205
2238 14211
2239 14217
2240 14223
2241 14229
2242 14235
2243 14241
2244 14247
2245 14253
2246 14259
2247 14265
2248 14271
2249 14277
2250 14283
2251 14289
2252 14295
2253 14301
2254 14307
2255 14313
2256 14319
2257 14325
2258 14331
2259 14337
2260 14343
2261 14349
2262 14355
2263 14361
2264 14367
2265 14373
2266 14379
2267 14385
2268 14391
2269 14397
2270 14403
2271 14409
2272 14415
2273 14421
2274 14427
2275 14433
2276 14439
2277 14445
2278 14451
2279 14457
2280 14463
2281 14469
2282 14475
2283 14481
2284 14487
2285 14493
2286 14499
2287 14505
2288 14511
2289 14517
2290 14523
2291 14529
2292 14535
2293 14541
2294 14547
2295 14553
2296 14559
2297 14565
2298 14571
2299 14577
2300 14583
2301 14589
2302 14595
2303 14601
2304 14607
2305 14613
2306 14619
2307 14625
2308 14631
2309 14637
2310 14643
2311 14649
2312 14655
2313 14661
2314 14667
2315 14673
2316 14679
2317 14685
2318 14691
2319 14697
2320 14703
2321 14709
2322 14715
2323 14721
2324 14727
2325 14733
2326 14739
2327 14745
2328 14751
2329 14757
2330 14763
2331 14769
2332 14775
2333 14781
2334 14787
2335 14793
2336 14799
2337 14805
2338 14811
2339 14817
2340 14823
2341 14829
2342 14835
2343 14841
2344 14847
2345 14853
2346 14859
2347 14865
2348 14871
2349 14877
2350 14883
2351 14889
2352 14895
2353 14901
2354 14907
2355 14913
2356 14919
2357 14925
2358 14931
2359 14937
2360 14943
2361 14949
2362 14955
2363 14961
2364 14967
2365 14973
2366 14979
2367 14985
2368 14991
2369 14997
2370 15003
2371 15009
2372 15015
2373 15021
2374 15027
2375 15033
2376 15039
2377 15045
2378 15051
2379 15057
2380 15063
2381 15069
2382 15075
2383 15081
2384 15087
2385 15093
2386 15099
2387 15105
2388 15111
2389 15117
2390 15123
2391 15129
2392 15135
2393 15141
2394 15147
2395 15153
2396 15159
2397 15165
2398 15171
2399 15177
2400 15183
2401 15189
2402 15195
2403 15201
2404 15207
2405 15213
2406 15219
2407 15225
2408 15231
2409 15237
2410 15243
2411 15249
2412 15255
2413 15261
2414 15267
2415 15273
2416 15279
2417 15285
2418 15291
2419 15297
2420 15303
2421 15309
2422 15315
2423 15321
2424 15327
2425 15333
2426 15339
2427 15345
2428 15351
2429 15357
2430 15363
2431 15369
2432 15375
2433 15381
2434 15387
2435 15393
2436 15399
2437 15405
2438 15411
2439 15417
2440 15423
2441 15429
2442 15435
2443 15441
2444 15447
2445 15453
2446 15459
2447 15465
2448 15471
2449 15477
2450 15483
2451 15489
2452 15495
2453 15501
2454 15507
2455 15513
2456 15519
2457 15525
2458 15531
2459 15537
2460 15543
2461 15549
2462 15555
2463 15561
2464 15567
2465 15573
2466 15579
2467 15585
2468 15591
2469 15597
2470 15603
2471 15609
2472 15615
2473 15621
2474 15627
2475 15633
2476 15639
2477 15645
2478 15651
2479 15657
2480 15663
2481 15669
2482 15675
2483 15681
2484 15687
2485 15693
2486 15699
2487 15705
2488 15711
2489 15717
2490 15723
2491 15729
2492 15735
2493 15741
2494 15747
2495 15753
2496 15759
2497 15765
2498 15771
2499 15777
2500 15783
2501 15789
2502 15795
2503 15801
2504 15807
2505 15813
2506 15819
2507 15825
2508 15831
2509 15837
2510 15843
2511 15849
2512 15855
2513 15861
2514 15867
2515 15873
2516 15879
2517 15885
2518 15891
2519 15897
2520 15903
2521 15909
2522 15915
2523 15921
2524 15927
2525 15933
2526 15939
2527 15945
2528 15951
2529 15957
2530 15963
2531 15969
2532 15975
2533 15981
2534 15987
2535 15993
2536 15999
2537 16005
2538 16011
2539 16017
2540 16023
2541 16029
2542 16035
2543 16041
2544 16047
2545 16053
2546 16059
2547 16065
2548 16071
2549 16077
2550 16083
2551 16089
2552 16095
2553 16101
2554 16107
2555 16113
2556 16119
2557 16125
2558 16131
2559 16137
2560 16143
2561 16149
2562 16155
2563 16161
2564 16167
2565 16173
2566 16179
2567 16185
2568 16191
2569 16197
2570 16203
2571 16209
2572 16215
2573 16221
2574 16227
2575 16233
2576 16239
2577 16245
2578 16251
2579 16257
2580 16263
2581 16269
2582 16275
2583 16281
2584 16287
2585 16293
2586 16299
2587 16305
2588 16311
2589 16317
2590 16323
2591 16329
2592 16335
2593 16341
2594 16347
2595 16353
2596 16359
2597 16365
2598 16371
2599 16377
2600 16383
2601 16389
2602 16395
2603 16401
2604 16407
2605 16413
2606 16419
2607 16425
2608 16431
2609 16437
2610 16443
2611 16449
2612 16455
2613 16461
2614 16467
2615 16473
2616 16479
2617 16485
2618 16491
2619 16497
2620 16503
2621 16509
2622 16515
2623 16521
2624 16527
2625 16533
2626 16539
