0 727
1 733
2 739
3 745
4 751
5 757
6 763
7 769
8 775
9 781
10 787
11 793
12 799
13 805
14 811
15 817
16 823
17 829
18 835
19 841
20 847
21 853
22 859
23 865
24 871
25 877
26 883
27 889
28 895
29 901
30 907
31 913
32 919
33 925
34 931
35 937
36 943
37 949
38 955
39 961
40 967
41 973
42 979
43 985
44 991
45 997
46 1003
47 1009
48 1015
49 1021
50 1027
51 1033
52 1039
53 1045
54 1051
55 1057
56 1063
57 1069
58 1075
59 1081
60 1087
61 1093
62 1099
63 1105
64 1111
65 1117
66 1123
67 1129
68 1135
69 1141
70 1147
71 1153
72 1159
73 1165
74 1171
75 1177
76 1183
77 1189
78 1195
79 1201
80 1207
81 1213
82 1219
83 1225
84 1231
85 1237
86 1243
87 1249
88 1255
89 1261
90 1267
91 1273
92 1279
93 1285
94 1291
95 1297
96 1303
97 1309
98 1315
99 1321
100 1327
101 1333
102 1339
103 1345
104 1351
105 1357
106 1363
107 1369
108 1375
109 1381
110 1387
111 1393
112 1399
113 1405
114 1411
115 1417
116 1423
117 1429
118 1435
119 1441
120 1447
121 1453
122 1459
123 1465
124 1471
125 1477
126 1483
127 1489
128 1495
129 1501
130 1507
131 1513
132 1519
133 1525
134 1531
135 1537
136 1543
137 1549
138 1555
139 1561
140 1567
141 1573
142 1579
143 1585
144 1591
145 1597
146 1603
147 1609
148 1615
149 1621
150 1627
151 1633
152 1639
153 1645
154 1651
155 1657
156 1663
157 1669
158 1675
159 1681
160 1687
161 1693
162 1699
163 1705
164 1711
165 1717
166 1723
167 1729
168 1735
169 1741
170 1747
171 1753
172 1759
173 1765
174 1771
175 1777
176 1783
177 1789
178 1795
179 1801
180 1807
181 1813
182 1819
183 1825
184 1831
185 1837
186 1843
187 1849
188 1855
189 1861
190 1867
191 1873
192 1879
193 1885
194 1891
195 1897
196 1903
197 1909
198 1915
199 1921
200 1927
201 1933
202 1939
203 1945
204 1951
205 1957
206 1963
207 1969
208 1975
209 1981
210 1987
211 1993
212 1999
213 2005
214 2011
215 2017
216 2023
217 2029
218 2035
219 2041
220 2047
221 2053
222 2059
223 2065
224 2071
225 2077
226 2083
227 2089
228 2095
229 2101
230 2107
231 2113
232 2119
233 2125
234 2131
235 2137
236 2143
237 2149
238 2155
239 2161
240 2167
241 2173
242 2179
243 2185
244 2191
245 2197
246 2203
247 2209
248 2215
249 2221
250 2227
251 2233
252 2239
253 2245
254 2251
255 2257
256 2263
257 2269
258 2275
259 2281
260 2287
261 2293
262 2299
263 2305
264 2311
265 2317
266 2323
267 2329
268 2335
269 2341
270 2347
271 2353
272 2359
273 2365
274 2371
275 2377
276 2383
277 2389
278 2395
279 2401
280 2407
281 2413
282 2419
283 2425
284 2431
285 2437
286 2443
287 2449
288 2455
289 2461
290 2467
291 2473
292 2479
293 2485
294 2491
295 2497
296 2503
297 2509
298 2515
299 2521
300 2527
301 2533
302 2539
303 2545
304 2551
305 2557
306 2563
307 2569
308 2575
309 2581
310 2587
311 2593
312 2599
313 2605
314 2611
315 2617
316 2623
317 2629
318 2635
319 2641
320 2647
321 2653
322 2659
323 2665
324 2671
325 2677
326 2683
327 2689
328 2695
329 2701
330 2707
331 2713
332 2719
333 2725
334 2731
335 2737
336 2743
337 2749
338 2755
339 2761
340 2767
341 2773
342 2779
343 2785
344 2791
345 2797
346 2803
347 2809
348 2815
349 2821
350 2827
351 2833
352 2839
353 2845
354 2851
355 2857
356 2863
357 2869
358 2875
359 2881
360 2887
361 2893
362 2899
363 2905
364 2911
365 2917
366 2923
367 2929
368 2935
369 2941
370 2947
371 2953
372 2959
373 2965
374 2971
375 2977
376 2983
377 2989
378 2995
379 3001
380 3007
381 3013
382 3019
383 3025
384 3031
385 3037
386 3043
387 3049
388 3055
389 3061
390 3067
391 3073
392 3079
393 3085
394 3091
395 3097
396 3103
397 3109
398 3115
399 3121
400 3127
401 3133
402 3139
403 3145
404 3151
405 3157
406 3163
407 3169
408 3175
409 3181
410 3187
411 3193
412 3199
413 3205
414 3211
415 3217
416 3223
417 3229
418 3235
419 3241
420 3247
421 3253
422 3259
423 3265
424 3271
425 3277
426 3283
427 3289
428 3295
429 3301
430 3307
431 3313
432 3319
433 3325
434 3331
435 3337
436 3343
437 3349
438 3355
439 3361
440 3367
441 3373
442 3379
443 3385
444 3391
445 3397
446 3403
447 3409
448 3415
449 3421
450 3427
451 3433
452 3439
453 3445
454 3451
455 3457
456 3463
457 3469
458 3475
459 3481
460 3487
461 3493
462 3499
463 3505
464 3511
465 3517
466 3523
467 3529
468 3535
469 3541
470 3547
471 3553
472 3559
473 3565
474 3571
475 3577
476 3583
477 3589
478 3595
479 3601
480 3607
481 3613
482 3619
483 3625
484 3631
485 3637
486 3643
487 3649
488 3655
489 3661
490 3667
491 3673
492 3679
493 3685
494 3691
495 3697
496 3703
497 3709
498 3715
499 3721
500 3727
501 3733
502 3739
503 3745
504 3751
505 3757
506 3763
507 3769
508 3775
509 3781
510 3787
511 3793
512 3799
513 3805
514 3811
515 3817
516 3823
517 3829
518 3835
519 3841
520 3847
521 3853
522 3859
523 3865
524 3871
525 3877
526 3883
527 3889
528 3895
529 3901
530 3907
531 3913
532 3919
533 3925
534 3931
535 3937
536 3943
537 3949
538 3955
539 3961
540 3967
541 3973
542 3979
543 3985
544 3991
545 3997
546 4003
547 4009
548 4015
549 4021
550 4027
551 4033
552 4039
553 4045
554 4051
555 4057
556 4063
557 4069
558 4075
559 4081
560 4087
561 4093
562 4099
563 4105
564 4111
565 4117
566 4123
567 4129
568 4135
569 4141
570 4147
571 4153
572 4159
573 4165
574 4171
575 4177
576 4183
577 4189
578 4195
579 4201
580 4207
581 4213
582 4219
583 4225
584 4231
585 4237
586 4243
587 4249
588 4255
589 4261
590 4267
591 4273
592 4279
593 4285
594 4291
595 4297
596 4303
597 4309
598 4315
599 4321
600 4327
601 4333
602 4339
603 4345
604 4351
605 4357
606 4363
607 4369
608 4375
609 4381
610 4387
611 4393
612 4399
613 4405
614 4411
615 4417
616 4423
617 4429
618 4435
619 4441
620 4447
621 4453
622 4459
623 4465
624 4471
625 4477
626 4483
627 4489
628 4495
629 4501
630 4507
631 4513
632 4519
633 4525
634 4531
635 4537
636 4543
637 4549
638 4555
639 4561
640 4567
641 4573
642 4579
643 4585
644 4591
645 4597
646 4603
647 4609
648 4615
649 4621
650 4627
651 4633
652 4639
653 4645
654 4651
655 4657
656 4663
657 4669
658 4675
659 4681
660 4687
661 4693
662 4699
663 4705
664 4711
665 4717
666 4723
667 4729
668 4735
669 4741
670 4747
671 4753
672 4759
673 4765
674 4771
675 4777
676 4783
677 4789
678 4795
679 4801
680 4807
681 4813
682 4819
683 4825
684 4831
685 4837
686 4843
687 4849
688 4855
689 4856
690 4862
691 4868
692 4874
698 4877
699 4881
700 4884
701 4890
702 4895
703 4901
704 4904
705 4907
706 4913
707 4919
708 4925
709 4931
710 4937
711 4943
712 4949
713 4955
714 4961
715 4967
716 4973
717 4979
718 4985
719 4991
720 4997
721 5003
722 5009
723 5015
724 5021
725 5027
726 5033
727 5039
728 5045
729 5051
730 5057
731 5063
732 5069
733 5075
734 5081
735 5087
736 5093
737 5099
738 5105
739 5111
740 5117
741 5123
742 5129
743 5135
744 5141
745 5147
746 5153
747 5159
748 5165
749 5171
750 5177
751 5183
752 5189
753 5195
754 5201
755 5207
756 5213
757 5219
758 5225
759 5231
760 5237
761 5243
762 5249
763 5255
764 5261
765 5267
766 5273
767 5279
768 5285
769 5291
770 5297
771 5303
772 5309
773 5315
774 5321
775 5327
776 5333
777 5339
778 5345
779 5351
780 5357
781 5363
782 5369
783 5375
784 5381
785 5387
786 5393
787 5399
788 5405
789 5411
790 5417
791 5423
792 5429
793 5435
794 5441
795 5447
796 5453
797 5459
798 5465
799 5471
800 5477
801 5483
802 5489
803 5495
804 5501
805 5507
806 5513
807 5519
808 5525
809 5531
810 5537
811 5543
812 5549
813 5555
814 5561
815 5567
816 5573
817 5579
818 5585
819 5591
820 5597
821 5603
822 5609
823 5615
824 5621
825 5627
826 5633
827 5639
828 5645
829 5651
830 5657
831 5663
832 5669
833 5675
834 5681
835 5687
836 5693
837 5699
840 5704
843 5705
844 5710
846 5714
847 5719
848 5725
849 5731
850 5737
851 5743
852 5749
853 5755
854 5761
855 5767
856 5773
857 5779
858 5785
859 5791
860 5797
861 5803
862 5809
863 5815
864 5821
865 5827
866 5833
867 5839
868 5842
869 5848
870 5854
871 5860
872 5866
873 5872
874 5878
875 5884
876 5890
877 5896
878 5902
879 5908
880 5914
881 5920
882 5926
883 5932
884 5938
885 5944
886 5950
887 5956
888 5962
889 5968
890 5974
891 5980
892 5986
893 5992
894 5998
895 6004
896 6010
897 6016
898 6022
899 6028
900 6034
901 6040
902 6046
903 6052
904 6058
905 6064
906 6070
907 6076
908 6082
909 6088
910 6094
911 6100
912 6106
913 6112
914 6118
915 6124
916 6130
917 6136
918 6142
919 6148
920 6154
921 6160
922 6166
923 6172
924 6178
925 6184
926 6190
927 6196
928 6202
929 6208
930 6214
931 6220
932 6226
933 6232
934 6238
935 6244
936 6250
937 6256
938 6262
939 6268
940 6274
941 6280
942 6286
943 6292
944 6298
945 6304
946 6310
947 6316
948 6322
949 6328
950 6334
951 6340
952 6346
953 6352
954 6358
955 6364
956 6370
957 6376
958 6382
959 6388
960 6394
961 6400
962 6406
963 6412
964 6418
965 6424
966 6430
967 6436
968 6442
969 6448
970 6454
971 6460
972 6466
973 6472
974 6478
975 6484
976 6490
977 6496
978 6502
979 6508
980 6514
981 6520
982 6526
983 6532
984 6538
985 6544
986 6550
987 6556
988 6562
989 6567
990 6569
991 6575
992 6581
993 6587
994 6593
996 6600
997 6606
998 6612
999 6618
1000 6624
1001 6630
1002 6636
1003 6642
1004 6648
1005 6654
1006 6660
1007 6666
1008 6672
1009 6678
1010 6684
1011 6691
1012 6697
1013 6703
1014 6709
1015 6715
1016 6721
1017 6727
1018 6733
1019 6738
1020 6744
1021 6750
1022 6756
1023 6762
1024 6768
1025 6774
1026 6780
1027 6786
1028 6792
1029 6798
1030 6804
1031 6810
1032 6816
1033 6822
1034 6828
1035 6834
1036 6840
1037 6846
1038 6852
1039 6858
1040 6864
1041 6870
1042 6876
1043 6882
1044 6888
1045 6894
1046 6900
1047 6906
1048 6912
1049 6918
1050 6924
1051 6930
1052 6936
1053 6942
1054 6948
1055 6954
1056 6960
1057 6966
1058 6972
1059 6978
1060 6985
1061 6991
1062 6997
1063 7003
1064 7009
1065 7015
1066 7021
1067 7027
1068 7033
1069 7039
1070 7045
1071 7051
1072 7057
1073 7063
1074 7069
1075 7075
1076 7080
1077 7086
1078 7092
1079 7098
1080 7104
1081 7110
1082 7116
1083 7122
1084 7128
1085 7134
1086 7140
1087 7146
1088 7152
1089 7158
1090 7164
1091 7170
1092 7176
1093 7182
1094 7188
1095 7194
1096 7200
1097 7206
1098 7212
1099 7218
1100 7224
1101 7230
1102 7236
1103 7242
1104 7248
1105 7254
1106 7260
1107 7266
1108 7272
1109 7278
1110 7284
1111 7290
1112 7296
1113 7302
1114 7308
1115 7314
1116 7320
1117 7326
1118 7332
1119 7338
1120 7344
1121 7350
1122 7356
1123 7362
1124 7368
1125 7374
1126 7380
1127 7386
1128 7392
1129 7398
1130 7404
1131 7410
1132 7416
1133 7422
1134 7428
1135 7434
1136 7440
1137 7446
1138 7452
1139 7458
1140 7464
1141 7470
1142 7476
1143 7482
1144 7488
1145 7494
1146 7500
1147 7506
1148 7512
1149 7518
1150 7524
1151 7530
1152 7536
1153 7542
1154 7548
1155 7554
1156 7560
1157 7566
1158 7572
1159 7578
1160 7584
1161 7590
1162 7596
1163 7602
1164 7608
1165 7614
1166 7620
1167 7626
1168 7632
1169 7638
1170 7644
1187 7645
1188 7649
1189 7655
1190 7661
1191 7667
1192 7673
1193 7679
1194 7685
1195 7691
1196 7697
1197 7703
1198 7706
1199 7712
1200 7718
1201 7724
1202 7730
1203 7736
1204 7742
1205 7748
1206 7754
1207 7761
1208 7767
1209 7773
1210 7779
1211 7785
1212 7791
1213 7797
1214 7803
1215 7809
1216 7815
1217 7821
1218 7827
1219 7833
1220 7839
1221 7845
1222 7851
1223 7857
1224 7863
1225 7869
1226 7875
1227 7881
1228 7887
1229 7893
1230 7899
1231 7905
1232 7911
1233 7917
1234 7923
1235 7929
1236 7935
1237 7941
1238 7947
1239 7953
1240 7958
1241 7964
1242 7970
1243 7976
1244 7982
1245 7988
1246 7994
1247 8000
1248 8007
1249 8013
1250 8019
1251 8025
1252 8031
1253 8037
1254 8043
1255 8049
1256 8055
1257 8061
1258 8067
1259 8073
1260 8079
1261 8085
1262 8091
1263 8097
1264 8102
1265 8108
1266 8114
1267 8120
1268 8126
1269 8132
1270 8138
1271 8144
1272 8150
1273 8156
1274 8162
1275 8168
1276 8174
1277 8180
1278 8186
1279 8192
1280 8198
1281 8204
1282 8210
1283 8216
1284 8222
1285 8228
1286 8234
1287 8240
1288 8246
1289 8253
1290 8259
1291 8265
1292 8271
1293 8277
1294 8283
1295 8289
1296 8295
1297 8300
1298 8306
1299 8312
1300 8318
1301 8324
1302 8330
1303 8336
1304 8342
1305 8348
1306 8354
1307 8360
1308 8366
1309 8372
1310 8378
1311 8384
1312 8390
1313 8396
1314 8402
1315 8408
1316 8414
1317 8420
1318 8426
1319 8432
1320 8438
1321 8444
1322 8450
1323 8455
1324 8459
1325 8465
1326 8471
1327 8477
1328 8483
1329 8489
1330 8495
1331 8501
1332 8507
1333 8513
1334 8519
1335 8525
1336 8531
1337 8537
1338 8543
1339 8549
1340 8555
1341 8561
1342 8567
1343 8573
1344 8579
1345 8585
1346 8592
1347 8598
1348 8604
1349 8610
1350 8616
1351 8622
1352 8628
1353 8634
1354 8640
1355 8646
1356 8652
1357 8658
1358 8664
1359 8670
1360 8676
1361 8682
1362 8687
1363 8693
1364 8699
1365 8705
1366 8711
1367 8717
1368 8723
1369 8729
1370 8735
1371 8742
1372 8748
1373 8754
1374 8760
1375 8766
1376 8772
1377 8778
1378 8784
1379 8790
1380 8796
1381 8802
1382 8808
1383 8814
1384 8820
1385 8826
1386 8832
1387 8838
1388 8844
1389 8850
1390 8856
1391 8862
1392 8868
1393 8874
1394 8880
1395 8886
1396 8892
1397 8898
1398 8904
1399 8910
1400 8916
1401 8922
1402 8928
1403 8934
1404 8940
1405 8946
1406 8952
1407 8958
1408 8964
1409 8970
1410 8976
1411 8982
1412 8988
1413 8994
1414 9000
1415 9006
1416 9012
1417 9018
1418 9024
1419 9030
1420 9036
1421 9042
1422 9048
1423 9054
1424 9060
1425 9066
1426 9072
1427 9078
1428 9084
1429 9090
1430 9096
1431 9102
1432 9108
1433 9114
1434 9120
1435 9126
1436 9132
1437 9138
1438 9144
1439 9150
1440 9156
1441 9162
1442 9168
1443 9174
1444 9180
1445 9186
1446 9192
1447 9198
1448 9204
1449 9210
1450 9216
1451 9222
1452 9228
1453 9234
1454 9240
1455 9246
1456 9252
1457 9258
1458 9264
1459 9270
1460 9276
1461 9282
1462 9288
1463 9294
1464 9300
1465 9306
1466 9312
1467 9318
1468 9324
1469 9330
1470 9336
1471 9342
1472 9348
1473 9354
1474 9360
1475 9366
1476 9372
1477 9378
1478 9384
1479 9390
1480 9396
1481 9402
1482 9408
1483 9414
1484 9420
1485 9426
1486 9432
1487 9438
1488 9444
1489 9450
1490 9456
1491 9462
1492 9468
1493 9474
1494 9480
1495 9486
1496 9492
1497 9498
1498 9504
1499 9510
1500 9516
1501 9522
1502 9527
1503 9531
1504 9537
1505 9543
1506 9549
1507 9555
1508 9561
1509 9567
1510 9573
1511 9579
1512 9585
1513 9591
1514 9597
1515 9603
1516 9609
1517 9615
1518 9621
1519 9627
1520 9633
1521 9639
1522 9645
1523 9651
1524 9657
1525 9663
1526 9669
1527 9675
1528 9681
1529 9687
1530 9693
1531 9699
1532 9705
1533 9711
1534 9717
1535 9723
1536 9729
1537 9735
1538 9741
1539 9747
1540 9753
1541 9759
1542 9765
1543 9771
1544 9777
1545 9783
1546 9789
1547 9795
1548 9801
1549 9807
1550 9813
1551 9819
1552 9825
1553 9831
1554 9837
1555 9843
1556 9849
1557 9855
1558 9861
1559 9867
1560 9873
1561 9879
1562 9885
1563 9891
1564 9897
1565 9903
1566 9909
1567 9915
1568 9921
1569 9927
1570 9933
1571 9939
1572 9945
1573 9951
1574 9957
1575 9962
1576 9968
1577 9974
1578 9980
1579 9986
1580 9992
1581 9998
1582 10004
1583 10011
1584 10017
1585 10023
1586 10029
1587 10035
1588 10041
1589 10047
1590 10053
1591 10059
1592 10065
1593 10071
1594 10077
1595 10083
1596 10089
1597 10095
1598 10101
1599 10106
1600 10112
1601 10118
1602 10124
1603 10130
1604 10136
1605 10142
1606 10148
1607 10155
1608 10161
1609 10167
1610 10173
1611 10179
1612 10185
1613 10191
1614 10197
1615 10203
1616 10209
1617 10215
1618 10221
1619 10227
1620 10233
1621 10239
1622 10245
1623 10251
1624 10257
1625 10263
1626 10269
1627 10275
1628 10281
1629 10287
1630 10293
1631 10299
1632 10305
1633 10311
1634 10317
1635 10323
1636 10329
1637 10335
1638 10341
1639 10347
1640 10353
1641 10359
1642 10365
1643 10371
1644 10377
1645 10383
1646 10389
1647 10395
1648 10401
1649 10407
1650 10413
1651 10419
1652 10425
1653 10431
1654 10437
1655 10443
1656 10449
1657 10455
1658 10461
1659 10467
1660 10473
1661 10479
1662 10485
1663 10491
1664 10497
1665 10503
1666 10509
1667 10515
1668 10521
1669 10527
1670 10533
1671 10539
1672 10545
1673 10551
1674 10557
1675 10563
1676 10569
1677 10575
1678 10581
1679 10587
1680 10593
1681 10599
1682 10605
1683 10611
1684 10617
1685 10623
1686 10629
1687 10635
1688 10641
1689 10647
1690 10653
1691 10659
1692 10665
1693 10671
1694 10677
1695 10683
1696 10689
1697 10695
1698 10701
1699 10707
1700 10713
1701 10719
1702 10725
1703 10731
1704 10737
1705 10743
1706 10749
1707 10755
1708 10761
1709 10767
1710 10773
1711 10779
1712 10785
1713 10791
1714 10797
1715 10803
1716 10809
1717 10815
1718 10821
1719 10827
1720 10833
1721 10839
1722 10845
1723 10851
1724 10857
1725 10863
1726 10869
1727 10875
1728 10881
1729 10887
1730 10893
1731 10899
1732 10905
1733 10911
1734 10917
1735 10923
1736 10929
1737 10935
1738 10941
1739 10947
1740 10953
1741 10959
1742 10965
1743 10971
1744 10977
1745 10983
1746 10989
1747 10995
1748 11001
1749 11007
1750 11013
1751 11019
1752 11025
1753 11031
1754 11037
1755 11043
1756 11049
1757 11055
1758 11061
1759 11067
1760 11073
1761 11079
1762 11085
1763 11091
1764 11097
1765 11103
1766 11109
1767 11115
1768 11121
1769 11127
1770 11133
1771 11139
1772 11145
1773 11151
1774 11157
1775 11163
1776 11169
1777 11175
1778 11181
1779 11187
1780 11193
1781 11199
1782 11205
1783 11211
1784 11217
1785 11223
1786 11229
1787 11235
1788 11241
1789 11247
1790 11253
1791 11259
1792 11265
1793 11271
1794 11277
1795 11283
1796 11289
1797 11295
1798 11301
1799 11307
1800 11313
1801 11319
1802 11325
1803 11331
1804 11337
1805 11343
1806 11349
1807 11355
1808 11361
1809 11367
1810 11373
1811 11379
1812 11385
1813 11391
1814 11397
1815 11403
1816 11409
1817 11415
1818 11421
1819 11427
1820 11433
1821 11439
1822 11445
1823 11451
1824 11457
1825 11463
1826 11469
1827 11475
1828 11481
1829 11487
1830 11493
1831 11499
1832 11505
1833 11511
1834 11517
1835 11523
1836 11529
1837 11535
1838 11541
1839 11547
1840 11553
1841 11559
1842 11565
1843 11571
1844 11577
1845 11583
1867 11589
1868 11595
1869 11601
1870 11607
1871 11613
1872 11619
1873 11625
1874 11631
1875 11637
1876 11643
1877 11649
1878 11655
1879 11661
1880 11667
1881 11673
1882 11679
1883 11685
1884 11691
1885 11697
1886 11703
1887 11709
1888 11715
1889 11721
1890 11727
1891 11733
1892 11739
1893 11745
1894 11751
1895 11757
1896 11763
1897 11769
1898 11775
1899 11781
1900 11787
1901 11793
1902 11799
1903 11805
1904 11811
1905 11817
1906 11823
1907 11829
1908 11835
1909 11841
1910 11847
1911 11853
1912 11859
1913 11865
1914 11871
1915 11877
1916 11883
1917 11889
1918 11895
1919 11901
1920 11907
1921 11913
1922 11919
1923 11925
1924 11931
1925 11937
1926 11943
1927 11949
1928 11955
1929 11961
1930 11967
1931 11973
1932 11979
1933 11985
1934 11991
1935 11997
1936 12003
1937 12009
1938 12015
1939 12021
1940 12027
1941 12033
1942 12039
1943 12045
1944 12051
1945 12057
1946 12063
1947 12069
1948 12075
1949 12081
1950 12087
1951 12093
1952 12099
1953 12105
1954 12111
1955 12117
1956 12123
1957 12129
1958 12135
1959 12141
1960 12147
1961 12153
1962 12159
1963 12165
1964 12171
1965 12177
1966 12183
1967 12189
1968 12195
1969 12201
1970 12207
1971 12213
1972 12219
1973 12225
1974 12231
1975 12237
1976 12243
1977 12249
1978 12255
1979 12261
1980 12267
1981 12273
1982 12279
1983 12285
1984 12291
1985 12297
1986 12303
1987 12309
1988 12315
1989 12321
1990 12327
1991 12333
1992 12339
1993 12345
1994 12351
1995 12357
1996 12363
1997 12369
1998 12375
1999 12381
2000 12387
2001 12393
2002 12399
2003 12405
2004 12411
2005 12417
2006 12423
2007 12429
2008 12435
2009 12441
2010 12447
2011 12453
2012 12459
2013 12465
2014 12471
2015 12477
2016 12483
2017 12489
2018 12495
2019 12501
2020 12507
2021 12513
2022 12519
2023 12525
2024 12531
2025 12537
2026 12543
2027 12549
2028 12555
2029 12561
2030 12567
2031 12573
2032 12579
2033 12585
2034 12591
2035 12597
2036 12603
2037 12609
2038 12615
2039 12621
2040 12627
2041 12633
2042 12639
2043 12645
2044 12651
2045 12657
2046 12663
2047 12669
2048 12675
2049 12681
2050 12687
2051 12693
2052 12699
2053 12705
2054 12711
2055 12717
2056 12723
2057 12729
2058 12735
2059 12741
2060 12747
2061 12753
2062 12759
2063 12765
2064 12771
2065 12777
2066 12783
2067 12789
2068 12795
2069 12801
2070 12807
2071 12810
2072 12815
2073 12821
2074 12827
2075 12833
2076 12839
2077 12845
2078 12851
2079 12857
2080 12863
2081 12869
2082 12875
2083 12881
2084 12887
2085 12893
2086 12899
2087 12905
2088 12908
2089 12914
2090 12920
2091 12926
2092 12932
2093 12938
2094 12944
2095 12950
2096 12956
2097 12962
2098 12968
2099 12974
2100 12980
2101 12986
2102 12992
2103 12998
2104 13004
2105 13010
2106 13016
2107 13022
2108 13028
2109 13034
2110 13040
2111 13046
2112 13052
2113 13058
2114 13064
2115 13070
2116 13076
2117 13082
2118 13088
2119 13094
2120 13100
2121 13106
2122 13112
2123 13118
2124 13124
2125 13130
2126 13136
2127 13142
2128 13148
2129 13154
2130 13160
2131 13166
2132 13172
2133 13178
2134 13184
2135 13190
2136 13196
2137 13202
2138 13208
2139 13214
2140 13220
2141 13226
2142 13232
2143 13238
2144 13244
2145 13250
2146 13256
2147 13262
2148 13268
2149 13274
2150 13280
2151 13286
2152 13292
2153 13298
2154 13304
2155 13310
2156 13316
2157 13322
2158 13328
2159 13334
2160 13340
2161 13346
2162 13352
2163 13358
2164 13364
2165 13370
2166 13376
2167 13382
2168 13388
2169 13394
2170 13400
2171 13406
2172 13412
2173 13418
2174 13424
2175 13430
2176 13436
2177 13442
2178 13448
2179 13454
2180 13460
2181 13466
2182 13472
2183 13478
2184 13484
2185 13490
2186 13496
2187 13502
2188 13508
2189 13514
2190 13520
2191 13526
2192 13532
2193 13538
2194 13544
2195 13550
2196 13556
2197 13562
2198 13568
2199 13574
2200 13580
2201 13586
2202 13592
2203 13598
2204 13604
2205 13610
2206 13616
2207 13622
2208 13628
2209 13634
2210 13640
2211 13646
2212 13652
2213 13658
2214 13664
2215 13670
2216 13676
2217 13682
2218 13688
2219 13694
2220 13700
2221 13706
2222 13712
2223 13718
2224 13724
2225 13730
2226 13736
2227 13742
2228 13748
2229 13754
2230 13760
2231 13766
2232 13772
2233 13778
2234 13784
2235 13790
2236 13796
2237 13802
2238 13808
2239 13814
2240 13820
2241 13826
2242 13832
2243 13838
2244 13844
2245 13850
2246 13856
2247 13862
2248 13868
2249 13874
2250 13880
2251 13886
2252 13892
2253 13898
2254 13904
2255 13910
2256 13916
2257 13922
2258 13928
2259 13934
2260 13940
2261 13946
2262 13952
2263 13958
2264 13964
2265 13967
2266 13973
2267 13979
2268 13985
2269 13988
2270 13994
2271 14000
2272 14006
2273 14012
2274 14018
2275 14024
2276 14027
2277 14033
2278 14039
2279 14045
2280 14051
2281 14057
2282 14063
2283 14069
2284 14075
2285 14081
2286 14087
2287 14093
2288 14099
2289 14105
2290 14111
2291 14117
2292 14122
2293 14123
2294 14124
2295 14125
2296 14126
2297 14130
2298 14136
2299 14139
2300 14145
2301 14151
2302 14157
2303 14163
2304 14169
2305 14175
2306 14181
2307 14187
2308 14193
2309 14199
2310 14205
2311 14211
2312 14217
2313 14223
2314 14229
2315 14235
2316 14241
2317 14247
2318 14253
2319 14259
2320 14265
2321 14271
2322 14277
2323 14283
2324 14289
2325 14295
2326 14301
2327 14307
2328 14313
2329 14319
2330 14325
2331 14331
2332 14337
2333 14343
2334 14349
2335 14355
2336 14361
2337 14367
2338 14373
2339 14379
2340 14385
2341 14391
2342 14397
2343 14403
2344 14409
2345 14415
2346 14421
2347 14427
2348 14433
2349 14439
2350 14445
2351 14451
2352 14457
2353 14463
2354 14469
2355 14475
2356 14481
2357 14487
2358 14493
2359 14499
2360 14505
2361 14511
2362 14517
2363 14523
2364 14529
2365 14535
2366 14541
2367 14547
2368 14553
2369 14559
2370 14565
2371 14571
2372 14577
2373 14583
2374 14589
2375 14595
2376 14601
2377 14607
2378 14613
2379 14619
2380 14625
2381 14631
2382 14637
2383 14643
2384 14649
2385 14655
2386 14661
2387 14667
2388 14673
2389 14679
2390 14685
2391 14691
2392 14697
2393 14703
2394 14709
2395 14715
2396 14721
2397 14727
2398 14733
2399 14739
2400 14745
2401 14751
2402 14757
2403 14763
2404 14769
2405 14775
2406 14781
2407 14787
2408 14793
2409 14799
2410 14805
2411 14811
2412 14817
2413 14823
2414 14829
2415 14835
2416 14841
2417 14847
2418 14853
2419 14859
2420 14865
2421 14871
2422 14877
2423 14883
2424 14889
2425 14895
2426 14901
2427 14907
2428 14913
2429 14919
2430 14925
2431 14931
2432 14937
2433 14943
2434 14949
2435 14955
2436 14961
2437 14967
2438 14973
2439 14979
2440 14985
2441 14991
2442 14997
2443 15003
2444 15009
2445 15015
2446 15021
2447 15027
2448 15033
2449 15039
2450 15045
2451 15051
2452 15057
2453 15063
2454 15069
2455 15075
2456 15081
2457 15087
2458 15093
2459 15099
2460 15105
2461 15111
2462 15117
2463 15123
2464 15129
2465 15135
2466 15141
2467 15147
2468 15153
2469 15159
2470 15165
2471 15171
2472 15177
2473 15183
2474 15189
2475 15195
2476 15201
2477 15207
2478 15213
2479 15219
2480 15225
2481 15231
2482 15237
2483 15243
2484 15249
2485 15255
2486 15261
2487 15267
2488 15273
2489 15279
2490 15285
2491 15291
2492 15297
2493 15303
2494 15309
2495 15315
2496 15321
2497 15327
2498 15333
2499 15339
2500 15345
2501 15351
2502 15357
2503 15363
2504 15369
2505 15375
2506 15381
2507 15387
2508 15393
2509 15399
2510 15405
2511 15411
2512 15417
2513 15423
2514 15429
2515 15435
2516 15441
2517 15447
2518 15453
2519 15459
2520 15465
2521 15471
2522 15477
2523 15483
2524 15489
2525 15495
2526 15501
2527 15507
2528 15513
2529 15519
2530 15525
2531 15531
2532 15537
2533 15543
2534 15549
2535 15555
2536 15561
2537 15567
2538 15573
2539 15579
2540 15585
2541 15591
2542 15597
2543 15603
2544 15609
2545 15615
2546 15621
2547 15627
2548 15633
2549 15639
2550 15645
2551 15651
2552 15657
2553 15663
2554 15669
2555 15675
2556 15681
2557 15687
2558 15693
2559 15699
2560 15705
2561 15711
2562 15717
2563 15723
2564 15729
2565 15735
2566 15741
2567 15747
2568 15753
2569 15759
2570 15765
2571 15771
2572 15777
2573 15783
2574 15789
2575 15795
2576 15801
2577 15807
2578 15813
2579 15819
2580 15825
2581 15831
2582 15837
2583 15843
2584 15849
2585 15855
2586 15861
2587 15867
2588 15873
2589 15879
2590 15885
2591 15891
2592 15897
2593 15903
2594 15909
2595 15915
2596 15921
2597 15927
2598 15933
2599 15939
2600 15945
2601 15951
2602 15957
2603 15963
2604 15969
2605 15975
2606 15981
2607 15987
2608 15993
2609 15999
2610 16005
2611 16011
2612 16017
2613 16023
2614 16029
2615 16035
2616 16041
2617 16047
2618 16053
2619 16059
2620 16065
2621 16071
2622 16077
2623 16083
2624 16089
2625 16095
2626 16101
2627 16107
2628 16113
2629 16119
2630 16125
2631 16131
2632 16137
2633 16143
2634 16149
2635 16155
2636 16161
2637 16167
2638 16173
2639 16179
2640 16185
2641 16191
2642 16197
2643 16203
2644 16209
2645 16215
2646 16221
2647 16227
2648 16233
2649 16239
2650 16245
2651 16251
2652 16257
2653 16263
2654 16269
2655 16275
2656 16281
2657 16287
2658 16293
2659 16299
2660 16305
2661 16311
2662 16317
2663 16323
2664 16329
2665 16335
2666 16341
2667 16347
2668 16353
2669 16359
2670 16365
2671 16371
2672 16377
2673 16383
2674 16389
2675 16395
2676 16401
2677 16407
2678 16413
2679 16419
2680 16425
2681 16431
2682 16437
2683 16443
2684 16449
2685 16455
2686 16461
2687 16467
2688 16473
2689 16479
2690 16485
2691 16491
2692 16497
2693 16503
2694 16509
2695 16515
2696 16521
2697 16527
2698 16533
2699 16539
