0 1279
1 1285
2 1291
3 1297
4 1303
5 1309
6 1315
7 1321
8 1327
9 1333
10 1339
11 1345
12 1351
13 1357
14 1363
15 1369
16 1375
17 1381
18 1387
19 1393
20 1399
21 1405
22 1411
23 1417
24 1423
25 1429
26 1435
27 1441
28 1447
29 1453
30 1459
31 1465
32 1471
33 1477
34 1483
35 1489
36 1495
37 1501
38 1507
39 1513
40 1519
41 1525
42 1531
43 1537
44 1543
45 1549
46 1555
47 1561
48 1567
49 1573
50 1579
51 1585
52 1591
53 1597
54 1603
55 1609
56 1615
57 1621
58 1627
59 1633
60 1639
61 1645
62 1651
63 1657
64 1663
65 1669
66 1675
67 1681
68 1687
69 1693
70 1699
71 1705
72 1711
73 1717
74 1723
75 1729
76 1735
77 1741
78 1747
79 1753
80 1759
81 1765
82 1771
83 1777
84 1783
85 1789
86 1795
87 1801
88 1807
89 1813
90 1819
91 1825
92 1831
93 1837
94 1843
95 1849
96 1855
97 1861
98 1867
99 1873
100 1879
101 1885
102 1891
103 1897
104 1903
105 1909
106 1915
107 1921
108 1927
109 1933
110 1939
111 1945
112 1951
113 1957
114 1963
115 1969
116 1975
117 1981
118 1987
119 1993
120 1999
121 2005
122 2011
123 2017
124 2023
125 2029
126 2035
127 2041
128 2047
129 2053
130 2059
131 2065
132 2071
133 2077
134 2083
135 2089
136 2095
137 2101
138 2107
139 2113
140 2119
141 2125
142 2131
143 2137
144 2143
145 2149
146 2155
147 2161
148 2167
149 2173
150 2179
151 2185
152 2191
153 2197
154 2203
155 2209
156 2215
157 2221
158 2227
159 2233
160 2239
161 2245
162 2251
163 2257
164 2263
165 2269
166 2275
167 2281
168 2287
169 2293
170 2299
171 2305
172 2311
173 2317
174 2323
175 2329
176 2335
177 2341
178 2347
179 2353
180 2359
181 2365
182 2371
183 2377
184 2383
185 2389
186 2395
187 2401
188 2407
189 2413
190 2419
191 2425
192 2431
193 2437
194 2443
195 2449
196 2455
197 2461
198 2467
199 2473
200 2479
201 2485
202 2491
203 2497
204 2503
205 2509
206 2515
207 2521
208 2527
209 2533
210 2539
211 2545
212 2551
213 2557
214 2563
215 2569
216 2575
217 2581
218 2587
219 2593
220 2599
221 2605
222 2611
223 2617
224 2623
225 2629
226 2635
227 2641
228 2647
229 2653
230 2659
231 2665
232 2671
233 2677
234 2683
235 2689
236 2695
237 2701
238 2707
239 2713
240 2719
241 2725
242 2731
243 2737
244 2743
245 2749
246 2755
247 2761
248 2767
249 2773
250 2779
251 2785
252 2791
253 2797
254 2803
255 2809
256 2815
257 2821
258 2827
259 2833
260 2839
261 2845
262 2851
263 2857
264 2863
265 2869
266 2875
267 2881
268 2887
269 2893
270 2899
271 2905
272 2911
273 2917
274 2923
275 2929
276 2935
277 2941
278 2947
279 2953
280 2959
281 2965
282 2971
283 2977
284 2983
285 2989
286 2995
287 3001
288 3007
289 3013
290 3019
291 3025
292 3031
293 3037
294 3043
295 3049
296 3055
297 3061
298 3067
299 3073
300 3079
301 3085
302 3091
303 3097
304 3103
305 3109
306 3115
307 3121
308 3127
309 3133
310 3139
311 3145
312 3151
313 3157
314 3163
315 3169
316 3175
317 3181
318 3187
319 3193
320 3199
321 3205
322 3211
323 3217
324 3223
325 3229
326 3235
327 3241
328 3247
329 3253
330 3259
331 3265
332 3271
333 3277
334 3283
335 3289
336 3295
337 3301
338 3307
339 3313
340 3319
341 3325
342 3331
343 3337
344 3343
345 3349
346 3355
347 3361
348 3367
349 3373
350 3379
351 3385
352 3391
353 3397
354 3403
355 3409
356 3415
357 3421
358 3427
359 3433
360 3439
361 3445
362 3451
363 3457
364 3463
365 3469
366 3475
367 3481
368 3487
369 3493
370 3499
371 3505
372 3511
373 3517
374 3523
375 3529
376 3535
377 3541
378 3547
379 3553
380 3559
381 3565
382 3571
383 3577
384 3583
385 3589
386 3595
387 3601
388 3607
389 3613
390 3619
391 3625
392 3631
393 3637
394 3643
395 3649
396 3655
397 3661
398 3667
399 3673
400 3679
401 3685
402 3691
403 3697
404 3703
405 3709
406 3715
407 3721
408 3727
409 3733
410 3739
411 3745
412 3751
413 3757
414 3763
415 3769
416 3775
417 3781
418 3787
419 3793
420 3799
421 3805
422 3811
423 3817
424 3823
425 3829
426 3835
427 3841
428 3847
429 3853
430 3859
431 3865
432 3871
433 3877
434 3883
435 3889
436 3895
437 3901
438 3907
439 3913
440 3919
441 3925
442 3931
443 3937
444 3943
445 3949
446 3955
447 3961
448 3967
449 3973
450 3979
451 3985
452 3991
453 3997
454 4003
455 4009
456 4015
457 4021
458 4027
459 4033
460 4039
461 4045
462 4051
463 4057
464 4063
465 4069
466 4075
467 4081
468 4087
469 4093
470 4099
471 4105
472 4111
473 4117
474 4123
475 4129
476 4135
477 4141
478 4147
479 4153
480 4159
481 4165
482 4171
483 4177
484 4183
485 4189
486 4195
487 4201
488 4207
489 4213
490 4219
491 4225
492 4231
493 4237
494 4243
495 4249
496 4255
497 4261
498 4267
499 4273
500 4279
501 4285
502 4291
503 4297
504 4303
505 4309
506 4315
507 4321
508 4327
509 4333
510 4339
511 4345
512 4351
513 4357
514 4363
515 4369
516 4375
517 4381
518 4387
519 4393
520 4399
521 4405
522 4411
523 4417
524 4423
525 4429
526 4435
527 4441
528 4447
529 4453
530 4459
531 4465
532 4471
533 4477
534 4483
535 4489
536 4495
537 4501
538 4507
539 4513
540 4519
541 4525
542 4531
543 4537
544 4543
545 4549
546 4555
547 4561
548 4567
549 4573
550 4579
551 4585
552 4591
553 4597
554 4603
555 4609
556 4615
557 4621
558 4627
559 4633
560 4639
561 4645
562 4651
563 4657
564 4663
565 4669
566 4675
567 4681
568 4687
569 4693
570 4699
571 4705
572 4711
573 4717
574 4723
575 4729
576 4735
577 4741
578 4747
579 4753
580 4759
581 4765
582 4771
583 4777
584 4783
585 4789
586 4795
587 4801
588 4807
589 4813
590 4819
591 4825
592 4831
593 4837
594 4843
595 4849
596 4855
597 4856
598 4862
599 4868
600 4874
606 4877
607 4881
608 4884
609 4890
610 4895
611 4901
612 4904
613 4907
614 4913
615 4919
616 4925
617 4931
618 4937
619 4943
620 4949
621 4955
622 4961
623 4967
624 4973
625 4979
626 4985
627 4991
628 4997
629 5003
630 5009
631 5015
632 5021
633 5027
634 5033
635 5039
636 5045
637 5051
638 5057
639 5063
640 5069
641 5075
642 5081
643 5087
644 5093
645 5099
646 5105
647 5111
648 5117
649 5123
650 5129
651 5135
652 5141
653 5147
654 5153
655 5159
656 5165
657 5171
658 5177
659 5183
660 5189
661 5195
662 5201
663 5207
664 5213
665 5219
666 5225
667 5231
668 5237
669 5243
670 5249
671 5255
672 5261
673 5267
674 5273
675 5279
676 5285
677 5291
678 5297
679 5303
680 5309
681 5315
682 5321
683 5327
684 5333
685 5339
686 5345
687 5351
688 5357
689 5363
690 5369
691 5375
692 5381
693 5387
694 5393
695 5399
696 5405
697 5411
698 5417
699 5423
700 5429
701 5435
702 5441
703 5447
704 5453
705 5459
706 5465
707 5471
708 5477
709 5483
710 5489
711 5495
712 5501
713 5507
714 5513
715 5519
716 5525
717 5531
718 5537
719 5543
720 5549
721 5555
722 5561
723 5567
724 5573
725 5579
726 5585
727 5591
728 5597
729 5603
730 5609
731 5615
732 5621
733 5627
734 5633
735 5639
736 5645
737 5651
738 5657
739 5663
740 5669
741 5675
742 5681
743 5687
744 5693
745 5699
748 5704
751 5705
752 5710
754 5714
755 5719
756 5725
757 5731
758 5737
759 5743
760 5749
761 5755
762 5761
763 5767
764 5773
765 5779
766 5785
767 5791
768 5797
769 5803
770 5809
771 5815
772 5821
773 5827
774 5833
775 5839
776 5842
777 5848
778 5854
779 5860
780 5866
781 5872
782 5878
783 5884
784 5890
785 5896
786 5902
787 5908
788 5914
789 5920
790 5926
791 5932
792 5938
793 5944
794 5950
795 5956
796 5962
797 5968
798 5974
799 5980
800 5986
801 5992
802 5998
803 6004
804 6010
805 6016
806 6022
807 6028
808 6034
809 6040
810 6046
811 6052
812 6058
813 6064
814 6070
815 6076
816 6082
817 6088
818 6094
819 6100
820 6106
821 6112
822 6118
823 6124
824 6130
825 6136
826 6142
827 6148
828 6154
829 6160
830 6166
831 6172
832 6178
833 6184
834 6190
835 6196
836 6202
837 6208
838 6214
839 6220
840 6226
841 6232
842 6238
843 6244
844 6250
845 6256
846 6262
847 6268
848 6274
849 6280
850 6286
851 6292
852 6298
853 6304
854 6310
855 6316
856 6322
857 6328
858 6334
859 6340
860 6346
861 6352
862 6358
863 6364
864 6370
865 6376
866 6382
867 6388
868 6394
869 6400
870 6406
871 6412
872 6418
873 6424
874 6430
875 6436
876 6442
877 6448
878 6454
879 6460
880 6466
881 6472
882 6478
883 6484
884 6490
885 6496
886 6502
887 6508
888 6514
889 6520
890 6526
891 6532
892 6538
893 6544
894 6550
895 6556
896 6562
897 6567
898 6569
899 6575
900 6581
901 6587
902 6593
904 6600
905 6606
906 6612
907 6618
908 6624
909 6630
910 6636
911 6642
912 6648
913 6654
914 6660
915 6666
916 6672
917 6678
918 6684
919 6691
920 6697
921 6703
922 6709
923 6715
924 6721
925 6727
926 6733
927 6738
928 6744
929 6750
930 6756
931 6762
932 6768
933 6774
934 6780
935 6786
936 6792
937 6798
938 6804
939 6810
940 6816
941 6822
942 6828
943 6834
944 6840
945 6846
946 6852
947 6858
948 6864
949 6870
950 6876
951 6882
952 6888
953 6894
954 6900
955 6906
956 6912
957 6918
958 6924
959 6930
960 6936
961 6942
962 6948
963 6954
964 6960
965 6966
966 6972
967 6978
968 6985
969 6991
970 6997
971 7003
972 7009
973 7015
974 7021
975 7027
976 7033
977 7039
978 7045
979 7051
980 7057
981 7063
982 7069
983 7075
984 7080
985 7086
986 7092
987 7098
988 7104
989 7110
990 7116
991 7122
992 7128
993 7134
994 7140
995 7146
996 7152
997 7158
998 7164
999 7170
1000 7176
1001 7182
1002 7188
1003 7194
1004 7200
1005 7206
1006 7212
1007 7218
1008 7224
1009 7230
1010 7236
1011 7242
1012 7248
1013 7254
1014 7260
1015 7266
1016 7272
1017 7278
1018 7284
1019 7290
1020 7296
1021 7302
1022 7308
1023 7314
1024 7320
1025 7326
1026 7332
1027 7338
1028 7344
1029 7350
1030 7356
1031 7362
1032 7368
1033 7374
1034 7380
1035 7386
1036 7392
1037 7398
1038 7404
1039 7410
1040 7416
1041 7422
1042 7428
1043 7434
1044 7440
1045 7446
1046 7452
1047 7458
1048 7464
1049 7470
1050 7476
1051 7482
1052 7488
1053 7494
1054 7500
1055 7506
1056 7512
1057 7518
1058 7524
1059 7530
1060 7536
1061 7542
1062 7548
1063 7554
1064 7560
1065 7566
1066 7572
1067 7578
1068 7584
1069 7590
1070 7596
1071 7602
1072 7608
1073 7614
1074 7620
1075 7626
1076 7632
1077 7638
1078 7644
1095 7645
1096 7649
1097 7655
1098 7661
1099 7667
1100 7673
1101 7679
1102 7685
1103 7691
1104 7697
1105 7703
1106 7706
1107 7712
1108 7718
1109 7724
1110 7730
1111 7736
1112 7742
1113 7748
1114 7754
1115 7761
1116 7767
1117 7773
1118 7779
1119 7785
1120 7791
1121 7797
1122 7803
1123 7809
1124 7815
1125 7821
1126 7827
1127 7833
1128 7839
1129 7845
1130 7851
1131 7857
1132 7863
1133 7869
1134 7875
1135 7881
1136 7887
1137 7893
1138 7899
1139 7905
1140 7911
1141 7917
1142 7923
1143 7929
1144 7935
1145 7941
1146 7947
1147 7953
1148 7958
1149 7964
1150 7970
1151 7976
1152 7982
1153 7988
1154 7994
1155 8000
1156 8007
1157 8013
1158 8019
1159 8025
1160 8031
1161 8037
1162 8043
1163 8049
1164 8055
1165 8061
1166 8067
1167 8073
1168 8079
1169 8085
1170 8091
1171 8097
1172 8102
1173 8108
1174 8114
1175 8120
1176 8126
1177 8132
1178 8138
1179 8144
1180 8150
1181 8156
1182 8162
1183 8168
1184 8174
1185 8180
1186 8186
1187 8192
1188 8198
1189 8204
1190 8210
1191 8216
1192 8222
1193 8228
1194 8234
1195 8240
1196 8246
1197 8253
1198 8259
1199 8265
1200 8271
1201 8277
1202 8283
1203 8289
1204 8295
1205 8300
1206 8306
1207 8312
1208 8318
1209 8324
1210 8330
1211 8336
1212 8342
1213 8348
1214 8354
1215 8360
1216 8366
1217 8372
1218 8378
1219 8384
1220 8390
1221 8396
1222 8402
1223 8408
1224 8414
1225 8420
1226 8426
1227 8432
1228 8438
1229 8444
1230 8450
1231 8455
1232 8459
1233 8465
1234 8471
1235 8477
1236 8483
1237 8489
1238 8495
1239 8501
1240 8507
1241 8513
1242 8519
1243 8525
1244 8531
1245 8537
1246 8543
1247 8549
1248 8555
1249 8561
1250 8567
1251 8573
1252 8579
1253 8585
1254 8592
1255 8598
1256 8604
1257 8610
1258 8616
1259 8622
1260 8628
1261 8634
1262 8640
1263 8646
1264 8652
1265 8658
1266 8664
1267 8670
1268 8676
1269 8682
1270 8687
1271 8693
1272 8699
1273 8705
1274 8711
1275 8717
1276 8723
1277 8729
1278 8735
1279 8742
1280 8748
1281 8754
1282 8760
1283 8766
1284 8772
1285 8778
1286 8784
1287 8790
1288 8796
1289 8802
1290 8808
1291 8814
1292 8820
1293 8826
1294 8832
1295 8838
1296 8844
1297 8850
1298 8856
1299 8862
1300 8868
1301 8874
1302 8880
1303 8886
1304 8892
1305 8898
1306 8904
1307 8910
1308 8916
1309 8922
1310 8928
1311 8934
1312 8940
1313 8946
1314 8952
1315 8958
1316 8964
1317 8970
1318 8976
1319 8982
1320 8988
1321 8994
1322 9000
1323 9006
1324 9012
1325 9018
1326 9024
1327 9030
1328 9036
1329 9042
1330 9048
1331 9054
1332 9060
1333 9066
1334 9072
1335 9078
1336 9084
1337 9090
1338 9096
1339 9102
1340 9108
1341 9114
1342 9120
1343 9126
1344 9132
1345 9138
1346 9144
1347 9150
1348 9156
1349 9162
1350 9168
1351 9174
1352 9180
1353 9186
1354 9192
1355 9198
1356 9204
1357 9210
1358 9216
1359 9222
1360 9228
1361 9234
1362 9240
1363 9246
1364 9252
1365 9258
1366 9264
1367 9270
1368 9276
1369 9282
1370 9288
1371 9294
1372 9300
1373 9306
1374 9312
1375 9318
1376 9324
1377 9330
1378 9336
1379 9342
1380 9348
1381 9354
1382 9360
1383 9366
1384 9372
1385 9378
1386 9384
1387 9390
1388 9396
1389 9402
1390 9408
1391 9414
1392 9420
1393 9426
1394 9432
1395 9438
1396 9444
1397 9450
1398 9456
1399 9462
1400 9468
1401 9474
1402 9480
1403 9486
1404 9492
1405 9498
1406 9504
1407 9510
1408 9516
1409 9522
1410 9527
1411 9531
1412 9537
1413 9543
1414 9549
1415 9555
1416 9561
1417 9567
1418 9573
1419 9579
1420 9585
1421 9591
1422 9597
1423 9603
1424 9609
1425 9615
1426 9621
1427 9627
1428 9633
1429 9639
1430 9645
1431 9651
1432 9657
1433 9663
1434 9669
1435 9675
1436 9681
1437 9687
1438 9693
1439 9699
1440 9705
1441 9711
1442 9717
1443 9723
1444 9729
1445 9735
1446 9741
1447 9747
1448 9753
1449 9759
1450 9765
1451 9771
1452 9777
1453 9783
1454 9789
1455 9795
1456 9801
1457 9807
1458 9813
1459 9819
1460 9825
1461 9831
1462 9837
1463 9843
1464 9849
1465 9855
1466 9861
1467 9867
1468 9873
1469 9879
1470 9885
1471 9891
1472 9897
1473 9903
1474 9909
1475 9915
1476 9921
1477 9927
1478 9933
1479 9939
1480 9945
1481 9951
1482 9957
1483 9962
1484 9968
1485 9974
1486 9980
1487 9986
1488 9992
1489 9998
1490 10004
1491 10011
1492 10017
1493 10023
1494 10029
1495 10035
1496 10041
1497 10047
1498 10053
1499 10059
1500 10065
1501 10071
1502 10077
1503 10083
1504 10089
1505 10095
1506 10101
1507 10106
1508 10112
1509 10118
1510 10124
1511 10130
1512 10136
1513 10142
1514 10148
1515 10155
1516 10161
1517 10167
1518 10173
1519 10179
1520 10185
1521 10191
1522 10197
1523 10203
1524 10209
1525 10215
1526 10221
1527 10227
1528 10233
1529 10239
1530 10245
1531 10251
1532 10257
1533 10263
1534 10269
1535 10275
1536 10281
1537 10287
1538 10293
1539 10299
1540 10305
1541 10311
1542 10317
1543 10323
1544 10329
1545 10335
1546 10341
1547 10347
1548 10353
1549 10359
1550 10365
1551 10371
1552 10377
1553 10383
1554 10389
1555 10395
1556 10401
1557 10407
1558 10413
1559 10419
1560 10425
1561 10431
1562 10437
1563 10443
1564 10449
1565 10455
1566 10461
1567 10467
1568 10473
1569 10479
1570 10485
1571 10491
1572 10497
1573 10503
1574 10509
1575 10515
1576 10521
1577 10527
1578 10533
1579 10539
1580 10545
1581 10551
1582 10557
1583 10563
1584 10569
1585 10575
1586 10581
1587 10587
1588 10593
1589 10599
1590 10605
1591 10611
1592 10617
1593 10623
1594 10629
1595 10635
1596 10641
1597 10647
1598 10653
1599 10659
1600 10665
1601 10671
1602 10677
1603 10683
1604 10689
1605 10695
1606 10701
1607 10707
1608 10713
1609 10719
1610 10725
1611 10731
1612 10737
1613 10743
1614 10749
1615 10755
1616 10761
1617 10767
1618 10773
1619 10779
1620 10785
1621 10791
1622 10797
1623 10803
1624 10809
1625 10815
1626 10821
1627 10827
1628 10833
1629 10839
1630 10845
1631 10851
1632 10857
1633 10863
1634 10869
1635 10875
1636 10881
1637 10887
1638 10893
1639 10899
1640 10905
1641 10911
1642 10917
1643 10923
1644 10929
1645 10935
1646 10941
1647 10947
1648 10953
1649 10959
1650 10965
1651 10971
1652 10977
1653 10983
1654 10989
1655 10995
1656 11001
1657 11007
1658 11013
1659 11019
1660 11025
1661 11031
1662 11037
1663 11043
1664 11049
1665 11055
1666 11061
1667 11067
1668 11073
1669 11079
1670 11085
1671 11091
1672 11097
1673 11103
1674 11109
1675 11115
1676 11121
1677 11127
1678 11133
1679 11139
1680 11145
1681 11151
1682 11157
1683 11163
1684 11169
1685 11175
1686 11181
1687 11187
1688 11193
1689 11199
1690 11205
1691 11211
1692 11217
1693 11223
1694 11229
1695 11235
1696 11241
1697 11247
1698 11253
1699 11259
1700 11265
1701 11271
1702 11277
1703 11283
1704 11289
1705 11295
1706 11301
1707 11307
1708 11313
1709 11319
1710 11325
1711 11331
1712 11337
1713 11343
1714 11349
1715 11355
1716 11361
1717 11367
1718 11373
1719 11379
1720 11385
1721 11391
1722 11397
1723 11403
1724 11409
1725 11415
1726 11421
1727 11427
1728 11433
1729 11439
1730 11445
1731 11451
1732 11457
1733 11463
1734 11469
1735 11475
1736 11481
1737 11487
1738 11493
1739 11499
1740 11505
1741 11511
1742 11517
1743 11523
1744 11529
1745 11535
1746 11541
1747 11547
1748 11553
1749 11559
1750 11565
1751 11571
1752 11577
1753 11583
1775 11589
1776 11595
1777 11601
1778 11607
1779 11613
1780 11619
1781 11625
1782 11631
1783 11637
1784 11643
1785 11649
1786 11655
1787 11661
1788 11667
1789 11673
1790 11679
1791 11685
1792 11691
1793 11697
1794 11703
1795 11709
1796 11715
1797 11721
1798 11727
1799 11733
1800 11739
1801 11745
1802 11751
1803 11757
1804 11763
1805 11769
1806 11775
1807 11781
1808 11787
1809 11793
1810 11799
1811 11805
1812 11811
1813 11817
1814 11823
1815 11829
1816 11835
1817 11841
1818 11847
1819 11853
1820 11859
1821 11865
1822 11871
1823 11877
1824 11883
1825 11889
1826 11895
1827 11901
1828 11907
1829 11913
1830 11919
1831 11925
1832 11931
1833 11937
1834 11943
1835 11949
1836 11955
1837 11961
1838 11967
1839 11973
1840 11979
1841 11985
1842 11991
1843 11997
1844 12003
1845 12009
1846 12015
1847 12021
1848 12027
1849 12033
1850 12039
1851 12045
1852 12051
1853 12057
1854 12063
1855 12069
1856 12075
1857 12081
1858 12087
1859 12093
1860 12099
1861 12105
1862 12111
1863 12117
1864 12123
1865 12129
1866 12135
1867 12141
1868 12147
1869 12153
1870 12159
1871 12165
1872 12171
1873 12177
1874 12183
1875 12189
1876 12195
1877 12201
1878 12207
1879 12213
1880 12219
1881 12225
1882 12231
1883 12237
1884 12243
1885 12249
1886 12255
1887 12261
1888 12267
1889 12273
1890 12279
1891 12285
1892 12291
1893 12297
1894 12303
1895 12309
1896 12315
1897 12321
1898 12327
1899 12333
1900 12339
1901 12345
1902 12351
1903 12357
1904 12363
1905 12369
1906 12375
1907 12381
1908 12387
1909 12393
1910 12399
1911 12405
1912 12411
1913 12417
1914 12423
1915 12429
1916 12435
1917 12441
1918 12447
1919 12453
1920 12459
1921 12465
1922 12471
1923 12477
1924 12483
1925 12489
1926 12495
1927 12501
1928 12507
1929 12513
1930 12519
1931 12525
1932 12531
1933 12537
1934 12543
1935 12549
1936 12555
1937 12561
1938 12567
1939 12573
1940 12579
1941 12585
1942 12591
1943 12597
1944 12603
1945 12609
1946 12615
1947 12621
1948 12627
1949 12633
1950 12639
1951 12645
1952 12651
1953 12657
1954 12663
1955 12669
1956 12675
1957 12681
1958 12687
1959 12693
1960 12699
1961 12705
1962 12711
1963 12717
1964 12723
1965 12729
1966 12735
1967 12741
1968 12747
1969 12753
1970 12759
1971 12765
1972 12771
1973 12777
1974 12783
1975 12789
1976 12795
1977 12801
1978 12807
1979 12810
1980 12815
1981 12821
1982 12827
1983 12833
1984 12839
1985 12845
1986 12851
1987 12857
1988 12863
1989 12869
1990 12875
1991 12881
1992 12887
1993 12893
1994 12899
1995 12905
1996 12908
1997 12914
1998 12920
1999 12926
2000 12932
2001 12938
2002 12944
2003 12950
2004 12956
2005 12962
2006 12968
2007 12974
2008 12980
2009 12986
2010 12992
2011 12998
2012 13004
2013 13010
2014 13016
2015 13022
2016 13028
2017 13034
2018 13040
2019 13046
2020 13052
2021 13058
2022 13064
2023 13070
2024 13076
2025 13082
2026 13088
2027 13094
2028 13100
2029 13106
2030 13112
2031 13118
2032 13124
2033 13130
2034 13136
2035 13142
2036 13148
2037 13154
2038 13160
2039 13166
2040 13172
2041 13178
2042 13184
2043 13190
2044 13196
2045 13202
2046 13208
2047 13214
2048 13220
2049 13226
2050 13232
2051 13238
2052 13244
2053 13250
2054 13256
2055 13262
2056 13268
2057 13274
2058 13280
2059 13286
2060 13292
2061 13298
2062 13304
2063 13310
2064 13316
2065 13322
2066 13328
2067 13334
2068 13340
2069 13346
2070 13352
2071 13358
2072 13364
2073 13370
2074 13376
2075 13382
2076 13388
2077 13394
2078 13400
2079 13406
2080 13412
2081 13418
2082 13424
2083 13430
2084 13436
2085 13442
2086 13448
2087 13454
2088 13460
2089 13466
2090 13472
2091 13478
2092 13484
2093 13490
2094 13496
2095 13502
2096 13508
2097 13514
2098 13520
2099 13526
2100 13532
2101 13538
2102 13544
2103 13550
2104 13556
2105 13562
2106 13568
2107 13574
2108 13580
2109 13586
2110 13592
2111 13598
2112 13604
2113 13610
2114 13616
2115 13622
2116 13628
2117 13634
2118 13640
2119 13646
2120 13652
2121 13658
2122 13664
2123 13670
2124 13676
2125 13682
2126 13688
2127 13694
2128 13700
2129 13706
2130 13712
2131 13718
2132 13724
2133 13730
2134 13736
2135 13742
2136 13748
2137 13754
2138 13760
2139 13766
2140 13772
2141 13778
2142 13784
2143 13790
2144 13796
2145 13802
2146 13808
2147 13814
2148 13820
2149 13826
2150 13832
2151 13838
2152 13844
2153 13850
2154 13856
2155 13862
2156 13868
2157 13874
2158 13880
2159 13886
2160 13892
2161 13898
2162 13904
2163 13910
2164 13916
2165 13922
2166 13928
2167 13934
2168 13940
2169 13946
2170 13952
2171 13958
2172 13964
2173 13967
2174 13973
2175 13979
2176 13985
2177 13988
2178 13994
2179 14000
2180 14006
2181 14012
2182 14018
2183 14024
2184 14027
2185 14033
2186 14039
2187 14045
2188 14051
2189 14057
2190 14063
2191 14069
2192 14075
2193 14081
2194 14087
2195 14093
2196 14099
2197 14105
2198 14111
2199 14117
2200 14122
2201 14123
2202 14124
2203 14125
2204 14126
2205 14130
2206 14136
2207 14139
2208 14145
2209 14151
2210 14157
2211 14163
2212 14169
2213 14175
2214 14181
2215 14187
2216 14193
2217 14199
2218 14205
2219 14211
2220 14217
2221 14223
2222 14229
2223 14235
2224 14241
2225 14247
2226 14253
2227 14259
2228 14265
2229 14271
2230 14277
2231 14283
2232 14289
2233 14295
2234 14301
2235 14307
2236 14313
2237 14319
2238 14325
2239 14331
2240 14337
2241 14343
2242 14349
2243 14355
2244 14361
2245 14367
2246 14373
2247 14379
2248 14385
2249 14391
2250 14397
2251 14403
2252 14409
2253 14415
2254 14421
2255 14427
2256 14433
2257 14439
2258 14445
2259 14451
2260 14457
2261 14463
2262 14469
2263 14475
2264 14481
2265 14487
2266 14493
2267 14499
2268 14505
2269 14511
2270 14517
2271 14523
2272 14529
2273 14535
2274 14541
2275 14547
2276 14553
2277 14559
2278 14565
2279 14571
2280 14577
2281 14583
2282 14589
2283 14595
2284 14601
2285 14607
2286 14613
2287 14619
2288 14625
2289 14631
2290 14637
2291 14643
2292 14649
2293 14655
2294 14661
2295 14667
2296 14673
2297 14679
2298 14685
2299 14691
2300 14697
2301 14703
2302 14709
2303 14715
2304 14721
2305 14727
2306 14733
2307 14739
2308 14745
2309 14751
2310 14757
2311 14763
2312 14769
2313 14775
2314 14781
2315 14787
2316 14793
2317 14799
2318 14805
2319 14811
2320 14817
2321 14823
2322 14829
2323 14835
2324 14841
2325 14847
2326 14853
2327 14859
2328 14865
2329 14871
2330 14877
2331 14883
2332 14889
2333 14895
2334 14901
2335 14907
2336 14913
2337 14919
2338 14925
2339 14931
2340 14937
2341 14943
2342 14949
2343 14955
2344 14961
2345 14967
2346 14973
2347 14979
2348 14985
2349 14991
2350 14997
2351 15003
2352 15009
2353 15015
2354 15021
2355 15027
2356 15033
2357 15039
2358 15045
2359 15051
2360 15057
2361 15063
2362 15069
2363 15075
2364 15081
2365 15087
2366 15093
2367 15099
2368 15105
2369 15111
2370 15117
2371 15123
2372 15129
2373 15135
2374 15141
2375 15147
2376 15153
2377 15159
2378 15165
2379 15171
2380 15177
2381 15183
2382 15189
2383 15195
2384 15201
2385 15207
2386 15213
2387 15219
2388 15225
2389 15231
2390 15237
2391 15243
2392 15249
2393 15255
2394 15261
2395 15267
2396 15273
2397 15279
2398 15285
2399 15291
2400 15297
2401 15303
2402 15309
2403 15315
2404 15321
2405 15327
2406 15333
2407 15339
2408 15345
2409 15351
2410 15357
2411 15363
2412 15369
2413 15375
2414 15381
2415 15387
2416 15393
2417 15399
2418 15405
2419 15411
2420 15417
2421 15423
2422 15429
2423 15435
2424 15441
2425 15447
2426 15453
2427 15459
2428 15465
2429 15471
2430 15477
2431 15483
2432 15489
2433 15495
2434 15501
2435 15507
2436 15513
2437 15519
2438 15525
2439 15531
2440 15537
2441 15543
2442 15549
2443 15555
2444 15561
2445 15567
2446 15573
2447 15579
2448 15585
2449 15591
2450 15597
2451 15603
2452 15609
2453 15615
2454 15621
2455 15627
2456 15633
2457 15639
2458 15645
2459 15651
2460 15657
2461 15663
2462 15669
2463 15675
2464 15681
2465 15687
2466 15693
2467 15699
2468 15705
2469 15711
2470 15717
2471 15723
2472 15729
2473 15735
2474 15741
2475 15747
2476 15753
2477 15759
2478 15765
2479 15771
2480 15777
2481 15783
2482 15789
2483 15795
2484 15801
2485 15807
2486 15813
2487 15819
2488 15825
2489 15831
2490 15837
2491 15843
2492 15849
2493 15855
2494 15861
2495 15867
2496 15873
2497 15879
2498 15885
2499 15891
2500 15897
2501 15903
2502 15909
2503 15915
2504 15921
2505 15927
2506 15933
2507 15939
2508 15945
2509 15951
2510 15957
2511 15963
2512 15969
2513 15975
2514 15981
2515 15987
2516 15993
2517 15999
2518 16005
2519 16011
2520 16017
2521 16023
2522 16029
2523 16035
2524 16041
2525 16047
2526 16053
2527 16059
2528 16065
2529 16071
2530 16077
2531 16083
2532 16089
2533 16095
2534 16101
2535 16107
2536 16113
2537 16119
2538 16125
2539 16131
2540 16137
2541 16143
2542 16149
2543 16155
2544 16161
2545 16167
2546 16173
2547 16179
2548 16185
2549 16191
2550 16197
2551 16203
2552 16209
2553 16215
2554 16221
2555 16227
2556 16233
2557 16239
2558 16245
2559 16251
2560 16257
2561 16263
2562 16269
2563 16275
2564 16281
2565 16287
2566 16293
2567 16299
2568 16305
2569 16311
2570 16317
2571 16323
2572 16329
2573 16335
2574 16341
2575 16347
2576 16353
2577 16359
2578 16365
2579 16371
2580 16377
2581 16383
2582 16389
2583 16395
2584 16401
2585 16407
2586 16413
2587 16419
2588 16425
2589 16431
2590 16437
2591 16443
2592 16449
2593 16455
2594 16461
2595 16467
2596 16473
2597 16479
2598 16485
2599 16491
2600 16497
2601 16503
2602 16509
2603 16515
2604 16521
2605 16527
2606 16533
2607 16539
