0 1153
1 1159
2 1165
3 1171
4 1177
5 1183
6 1189
7 1195
8 1201
9 1207
10 1213
11 1219
12 1225
13 1231
14 1237
15 1243
16 1249
17 1255
18 1261
19 1267
20 1273
21 1279
22 1285
23 1291
24 1297
25 1303
26 1309
27 1315
28 1321
29 1327
30 1333
31 1339
32 1345
33 1351
34 1357
35 1363
36 1369
37 1375
38 1381
39 1387
40 1393
41 1399
42 1405
43 1411
44 1417
45 1423
46 1429
47 1435
48 1441
49 1447
50 1453
51 1459
52 1465
53 1471
54 1477
55 1483
56 1489
57 1495
58 1501
59 1507
60 1513
61 1519
62 1525
63 1531
64 1537
65 1543
66 1549
67 1555
68 1561
69 1567
70 1573
71 1579
72 1585
73 1591
74 1597
75 1603
76 1609
77 1615
78 1621
79 1627
80 1633
81 1639
82 1645
83 1651
84 1657
85 1663
86 1669
87 1675
88 1681
89 1687
90 1693
91 1699
92 1705
93 1711
94 1717
95 1723
96 1729
97 1735
98 1741
99 1747
100 1753
101 1759
102 1765
103 1771
104 1777
105 1783
106 1789
107 1795
108 1801
109 1807
110 1813
111 1819
112 1825
113 1831
114 1837
115 1843
116 1849
117 1855
118 1861
119 1867
120 1873
121 1879
122 1885
123 1891
124 1897
125 1903
126 1909
127 1915
128 1921
129 1927
130 1933
131 1939
132 1945
133 1951
134 1957
135 1963
136 1969
137 1975
138 1981
139 1987
140 1993
141 1999
142 2005
143 2011
144 2017
145 2023
146 2029
147 2035
148 2041
149 2047
150 2053
151 2059
152 2065
153 2071
154 2077
155 2083
156 2089
157 2095
158 2101
159 2107
160 2113
161 2119
162 2125
163 2131
164 2137
165 2143
166 2149
167 2155
168 2161
169 2167
170 2173
171 2179
172 2185
173 2191
174 2197
175 2203
176 2209
177 2215
178 2221
179 2227
180 2233
181 2239
182 2245
183 2251
184 2257
185 2263
186 2269
187 2275
188 2281
189 2287
190 2293
191 2299
192 2305
193 2311
194 2317
195 2323
196 2329
197 2335
198 2341
199 2347
200 2353
201 2359
202 2365
203 2371
204 2377
205 2383
206 2389
207 2395
208 2401
209 2407
210 2413
211 2419
212 2425
213 2431
214 2437
215 2443
216 2449
217 2455
218 2461
219 2467
220 2473
221 2479
222 2485
223 2491
224 2497
225 2503
226 2509
227 2515
228 2521
229 2527
230 2533
231 2539
232 2545
233 2551
234 2557
235 2563
236 2569
237 2575
238 2581
239 2587
240 2593
241 2599
242 2605
243 2611
244 2617
245 2623
246 2629
247 2635
248 2641
249 2647
250 2653
251 2659
252 2665
253 2671
254 2677
255 2683
256 2689
257 2695
258 2701
259 2707
260 2713
261 2719
262 2725
263 2731
264 2737
265 2743
266 2749
267 2755
268 2761
269 2767
270 2773
271 2779
272 2785
273 2791
274 2797
275 2803
276 2809
277 2815
278 2821
279 2827
280 2833
281 2839
282 2845
283 2851
284 2857
285 2863
286 2869
287 2875
288 2881
289 2887
290 2893
291 2899
292 2905
293 2911
294 2917
295 2923
296 2929
297 2935
298 2941
299 2947
300 2953
301 2959
302 2965
303 2971
304 2977
305 2983
306 2989
307 2995
308 3001
309 3007
310 3013
311 3019
312 3025
313 3031
314 3037
315 3043
316 3049
317 3055
318 3061
319 3067
320 3073
321 3079
322 3085
323 3091
324 3097
325 3103
326 3109
327 3115
328 3121
329 3127
330 3133
331 3139
332 3145
333 3151
334 3157
335 3163
336 3169
337 3175
338 3181
339 3187
340 3193
341 3199
342 3205
343 3211
344 3217
345 3223
346 3229
347 3235
348 3241
349 3247
350 3253
351 3259
352 3265
353 3271
354 3277
355 3283
356 3289
357 3295
358 3301
359 3307
360 3313
361 3319
362 3325
363 3331
364 3337
365 3343
366 3349
367 3355
368 3361
369 3367
370 3373
371 3379
372 3385
373 3391
374 3397
375 3403
376 3409
377 3415
378 3421
379 3427
380 3433
381 3439
382 3445
383 3451
384 3457
385 3463
386 3469
387 3475
388 3481
389 3487
390 3493
391 3499
392 3505
393 3511
394 3517
395 3523
396 3529
397 3535
398 3541
399 3547
400 3553
401 3559
402 3565
403 3571
404 3577
405 3583
406 3589
407 3595
408 3601
409 3607
410 3613
411 3619
412 3625
413 3631
414 3637
415 3643
416 3649
417 3655
418 3661
419 3667
420 3673
421 3679
422 3685
423 3691
424 3697
425 3703
426 3709
427 3715
428 3721
429 3727
430 3733
431 3739
432 3745
433 3751
434 3757
435 3763
436 3769
437 3775
438 3781
439 3787
440 3793
441 3799
442 3805
443 3811
444 3817
445 3823
446 3829
447 3835
448 3841
449 3847
450 3853
451 3859
452 3865
453 3871
454 3877
455 3883
456 3889
457 3895
458 3901
459 3907
460 3913
461 3919
462 3925
463 3931
464 3937
465 3943
466 3949
467 3955
468 3961
469 3967
470 3973
471 3979
472 3985
473 3991
474 3997
475 4003
476 4009
477 4015
478 4021
479 4027
480 4033
481 4039
482 4045
483 4051
484 4057
485 4063
486 4069
487 4075
488 4081
489 4087
490 4093
491 4099
492 4105
493 4111
494 4117
495 4123
496 4129
497 4135
498 4141
499 4147
500 4153
501 4159
502 4165
503 4171
504 4177
505 4183
506 4189
507 4195
508 4201
509 4207
510 4213
511 4219
512 4225
513 4231
514 4237
515 4243
516 4249
517 4255
518 4261
519 4267
520 4273
521 4279
522 4285
523 4291
524 4297
525 4303
526 4309
527 4315
528 4321
529 4327
530 4333
531 4339
532 4345
533 4351
534 4357
535 4363
536 4369
537 4375
538 4381
539 4387
540 4393
541 4399
542 4405
543 4411
544 4417
545 4423
546 4429
547 4435
548 4441
549 4447
550 4453
551 4459
552 4465
553 4471
554 4477
555 4483
556 4489
557 4495
558 4501
559 4507
560 4513
561 4519
562 4525
563 4531
564 4537
565 4543
566 4549
567 4555
568 4561
569 4567
570 4573
571 4579
572 4585
573 4591
574 4597
575 4603
576 4609
577 4615
578 4621
579 4627
580 4633
581 4639
582 4645
583 4651
584 4657
585 4663
586 4669
587 4675
588 4681
589 4687
590 4693
591 4699
592 4705
593 4711
594 4717
595 4723
596 4729
597 4735
598 4741
599 4747
600 4753
601 4759
602 4765
603 4771
604 4777
605 4783
606 4789
607 4795
608 4801
609 4807
610 4813
611 4819
612 4825
613 4831
614 4837
615 4843
616 4849
617 4855
618 4856
619 4862
620 4868
621 4874
627 4877
628 4881
629 4884
630 4890
631 4895
632 4901
633 4904
634 4907
635 4913
636 4919
637 4925
638 4931
639 4937
640 4943
641 4949
642 4955
643 4961
644 4967
645 4973
646 4979
647 4985
648 4991
649 4997
650 5003
651 5009
652 5015
653 5021
654 5027
655 5033
656 5039
657 5045
658 5051
659 5057
660 5063
661 5069
662 5075
663 5081
664 5087
665 5093
666 5099
667 5105
668 5111
669 5117
670 5123
671 5129
672 5135
673 5141
674 5147
675 5153
676 5159
677 5165
678 5171
679 5177
680 5183
681 5189
682 5195
683 5201
684 5207
685 5213
686 5219
687 5225
688 5231
689 5237
690 5243
691 5249
692 5255
693 5261
694 5267
695 5273
696 5279
697 5285
698 5291
699 5297
700 5303
701 5309
702 5315
703 5321
704 5327
705 5333
706 5339
707 5345
708 5351
709 5357
710 5363
711 5369
712 5375
713 5381
714 5387
715 5393
716 5399
717 5405
718 5411
719 5417
720 5423
721 5429
722 5435
723 5441
724 5447
725 5453
726 5459
727 5465
728 5471
729 5477
730 5483
731 5489
732 5495
733 5501
734 5507
735 5513
736 5519
737 5525
738 5531
739 5537
740 5543
741 5549
742 5555
743 5561
744 5567
745 5573
746 5579
747 5585
748 5591
749 5597
750 5603
751 5609
752 5615
753 5621
754 5627
755 5633
756 5639
757 5645
758 5651
759 5657
760 5663
761 5669
762 5675
763 5681
764 5687
765 5693
766 5699
769 5704
772 5705
773 5710
775 5714
776 5719
777 5725
778 5731
779 5737
780 5743
781 5749
782 5755
783 5761
784 5767
785 5773
786 5779
787 5785
788 5791
789 5797
790 5803
791 5809
792 5815
793 5821
794 5827
795 5833
796 5839
797 5842
798 5848
799 5854
800 5860
801 5866
802 5872
803 5878
804 5884
805 5890
806 5896
807 5902
808 5908
809 5914
810 5920
811 5926
812 5932
813 5938
814 5944
815 5950
816 5956
817 5962
818 5968
819 5974
820 5980
821 5986
822 5992
823 5998
824 6004
825 6010
826 6016
827 6022
828 6028
829 6034
830 6040
831 6046
832 6052
833 6058
834 6064
835 6070
836 6076
837 6082
838 6088
839 6094
840 6100
841 6106
842 6112
843 6118
844 6124
845 6130
846 6136
847 6142
848 6148
849 6154
850 6160
851 6166
852 6172
853 6178
854 6184
855 6190
856 6196
857 6202
858 6208
859 6214
860 6220
861 6226
862 6232
863 6238
864 6244
865 6250
866 6256
867 6262
868 6268
869 6274
870 6280
871 6286
872 6292
873 6298
874 6304
875 6310
876 6316
877 6322
878 6328
879 6334
880 6340
881 6346
882 6352
883 6358
884 6364
885 6370
886 6376
887 6382
888 6388
889 6394
890 6400
891 6406
892 6412
893 6418
894 6424
895 6430
896 6436
897 6442
898 6448
899 6454
900 6460
901 6466
902 6472
903 6478
904 6484
905 6490
906 6496
907 6502
908 6508
909 6514
910 6520
911 6526
912 6532
913 6538
914 6544
915 6550
916 6556
917 6562
918 6567
919 6569
920 6575
921 6581
922 6587
923 6593
925 6600
926 6606
927 6612
928 6618
929 6624
930 6630
931 6636
932 6642
933 6648
934 6654
935 6660
936 6666
937 6672
938 6678
939 6684
940 6691
941 6697
942 6703
943 6709
944 6715
945 6721
946 6727
947 6733
948 6738
949 6744
950 6750
951 6756
952 6762
953 6768
954 6774
955 6780
956 6786
957 6792
958 6798
959 6804
960 6810
961 6816
962 6822
963 6828
964 6834
965 6840
966 6846
967 6852
968 6858
969 6864
970 6870
971 6876
972 6882
973 6888
974 6894
975 6900
976 6906
977 6912
978 6918
979 6924
980 6930
981 6936
982 6942
983 6948
984 6954
985 6960
986 6966
987 6972
988 6978
989 6985
990 6991
991 6997
992 7003
993 7009
994 7015
995 7021
996 7027
997 7033
998 7039
999 7045
1000 7051
1001 7057
1002 7063
1003 7069
1004 7075
1005 7080
1006 7086
1007 7092
1008 7098
1009 7104
1010 7110
1011 7116
1012 7122
1013 7128
1014 7134
1015 7140
1016 7146
1017 7152
1018 7158
1019 7164
1020 7170
1021 7176
1022 7182
1023 7188
1024 7194
1025 7200
1026 7206
1027 7212
1028 7218
1029 7224
1030 7230
1031 7236
1032 7242
1033 7248
1034 7254
1035 7260
1036 7266
1037 7272
1038 7278
1039 7284
1040 7290
1041 7296
1042 7302
1043 7308
1044 7314
1045 7320
1046 7326
1047 7332
1048 7338
1049 7344
1050 7350
1051 7356
1052 7362
1053 7368
1054 7374
1055 7380
1056 7386
1057 7392
1058 7398
1059 7404
1060 7410
1061 7416
1062 7422
1063 7428
1064 7434
1065 7440
1066 7446
1067 7452
1068 7458
1069 7464
1070 7470
1071 7476
1072 7482
1073 7488
1074 7494
1075 7500
1076 7506
1077 7512
1078 7518
1079 7524
1080 7530
1081 7536
1082 7542
1083 7548
1084 7554
1085 7560
1086 7566
1087 7572
1088 7578
1089 7584
1090 7590
1091 7596
1092 7602
1093 7608
1094 7614
1095 7620
1096 7626
1097 7632
1098 7638
1099 7644
1116 7645
1117 7649
1118 7655
1119 7661
1120 7667
1121 7673
1122 7679
1123 7685
1124 7691
1125 7697
1126 7703
1127 7706
1128 7712
1129 7718
1130 7724
1131 7730
1132 7736
1133 7742
1134 7748
1135 7754
1136 7761
1137 7767
1138 7773
1139 7779
1140 7785
1141 7791
1142 7797
1143 7803
1144 7809
1145 7815
1146 7821
1147 7827
1148 7833
1149 7839
1150 7845
1151 7851
1152 7857
1153 7863
1154 7869
1155 7875
1156 7881
1157 7887
1158 7893
1159 7899
1160 7905
1161 7911
1162 7917
1163 7923
1164 7929
1165 7935
1166 7941
1167 7947
1168 7953
1169 7958
1170 7964
1171 7970
1172 7976
1173 7982
1174 7988
1175 7994
1176 8000
1177 8007
1178 8013
1179 8019
1180 8025
1181 8031
1182 8037
1183 8043
1184 8049
1185 8055
1186 8061
1187 8067
1188 8073
1189 8079
1190 8085
1191 8091
1192 8097
1193 8102
1194 8108
1195 8114
1196 8120
1197 8126
1198 8132
1199 8138
1200 8144
1201 8150
1202 8156
1203 8162
1204 8168
1205 8174
1206 8180
1207 8186
1208 8192
1209 8198
1210 8204
1211 8210
1212 8216
1213 8222
1214 8228
1215 8234
1216 8240
1217 8246
1218 8253
1219 8259
1220 8265
1221 8271
1222 8277
1223 8283
1224 8289
1225 8295
1226 8300
1227 8306
1228 8312
1229 8318
1230 8324
1231 8330
1232 8336
1233 8342
1234 8348
1235 8354
1236 8360
1237 8366
1238 8372
1239 8378
1240 8384
1241 8390
1242 8396
1243 8402
1244 8408
1245 8414
1246 8420
1247 8426
1248 8432
1249 8438
1250 8444
1251 8450
1252 8455
1253 8459
1254 8465
1255 8471
1256 8477
1257 8483
1258 8489
1259 8495
1260 8501
1261 8507
1262 8513
1263 8519
1264 8525
1265 8531
1266 8537
1267 8543
1268 8549
1269 8555
1270 8561
1271 8567
1272 8573
1273 8579
1274 8585
1275 8592
1276 8598
1277 8604
1278 8610
1279 8616
1280 8622
1281 8628
1282 8634
1283 8640
1284 8646
1285 8652
1286 8658
1287 8664
1288 8670
1289 8676
1290 8682
1291 8687
1292 8693
1293 8699
1294 8705
1295 8711
1296 8717
1297 8723
1298 8729
1299 8735
1300 8742
1301 8748
1302 8754
1303 8760
1304 8766
1305 8772
1306 8778
1307 8784
1308 8790
1309 8796
1310 8802
1311 8808
1312 8814
1313 8820
1314 8826
1315 8832
1316 8838
1317 8844
1318 8850
1319 8856
1320 8862
1321 8868
1322 8874
1323 8880
1324 8886
1325 8892
1326 8898
1327 8904
1328 8910
1329 8916
1330 8922
1331 8928
1332 8934
1333 8940
1334 8946
1335 8952
1336 8958
1337 8964
1338 8970
1339 8976
1340 8982
1341 8988
1342 8994
1343 9000
1344 9006
1345 9012
1346 9018
1347 9024
1348 9030
1349 9036
1350 9042
1351 9048
1352 9054
1353 9060
1354 9066
1355 9072
1356 9078
1357 9084
1358 9090
1359 9096
1360 9102
1361 9108
1362 9114
1363 9120
1364 9126
1365 9132
1366 9138
1367 9144
1368 9150
1369 9156
1370 9162
1371 9168
1372 9174
1373 9180
1374 9186
1375 9192
1376 9198
1377 9204
1378 9210
1379 9216
1380 9222
1381 9228
1382 9234
1383 9240
1384 9246
1385 9252
1386 9258
1387 9264
1388 9270
1389 9276
1390 9282
1391 9288
1392 9294
1393 9300
1394 9306
1395 9312
1396 9318
1397 9324
1398 9330
1399 9336
1400 9342
1401 9348
1402 9354
1403 9360
1404 9366
1405 9372
1406 9378
1407 9384
1408 9390
1409 9396
1410 9402
1411 9408
1412 9414
1413 9420
1414 9426
1415 9432
1416 9438
1417 9444
1418 9450
1419 9456
1420 9462
1421 9468
1422 9474
1423 9480
1424 9486
1425 9492
1426 9498
1427 9504
1428 9510
1429 9516
1430 9522
1431 9527
1432 9531
1433 9537
1434 9543
1435 9549
1436 9555
1437 9561
1438 9567
1439 9573
1440 9579
1441 9585
1442 9591
1443 9597
1444 9603
1445 9609
1446 9615
1447 9621
1448 9627
1449 9633
1450 9639
1451 9645
1452 9651
1453 9657
1454 9663
1455 9669
1456 9675
1457 9681
1458 9687
1459 9693
1460 9699
1461 9705
1462 9711
1463 9717
1464 9723
1465 9729
1466 9735
1467 9741
1468 9747
1469 9753
1470 9759
1471 9765
1472 9771
1473 9777
1474 9783
1475 9789
1476 9795
1477 9801
1478 9807
1479 9813
1480 9819
1481 9825
1482 9831
1483 9837
1484 9843
1485 9849
1486 9855
1487 9861
1488 9867
1489 9873
1490 9879
1491 9885
1492 9891
1493 9897
1494 9903
1495 9909
1496 9915
1497 9921
1498 9927
1499 9933
1500 9939
1501 9945
1502 9951
1503 9957
1504 9962
1505 9968
1506 9974
1507 9980
1508 9986
1509 9992
1510 9998
1511 10004
1512 10011
1513 10017
1514 10023
1515 10029
1516 10035
1517 10041
1518 10047
1519 10053
1520 10059
1521 10065
1522 10071
1523 10077
1524 10083
1525 10089
1526 10095
1527 10101
1528 10106
1529 10112
1530 10118
1531 10124
1532 10130
1533 10136
1534 10142
1535 10148
1536 10155
1537 10161
1538 10167
1539 10173
1540 10179
1541 10185
1542 10191
1543 10197
1544 10203
1545 10209
1546 10215
1547 10221
1548 10227
1549 10233
1550 10239
1551 10245
1552 10251
1553 10257
1554 10263
1555 10269
1556 10275
1557 10281
1558 10287
1559 10293
1560 10299
1561 10305
1562 10311
1563 10317
1564 10323
1565 10329
1566 10335
1567 10341
1568 10347
1569 10353
1570 10359
1571 10365
1572 10371
1573 10377
1574 10383
1575 10389
1576 10395
1577 10401
1578 10407
1579 10413
1580 10419
1581 10425
1582 10431
1583 10437
1584 10443
1585 10449
1586 10455
1587 10461
1588 10467
1589 10473
1590 10479
1591 10485
1592 10491
1593 10497
1594 10503
1595 10509
1596 10515
1597 10521
1598 10527
1599 10533
1600 10539
1601 10545
1602 10551
1603 10557
1604 10563
1605 10569
1606 10575
1607 10581
1608 10587
1609 10593
1610 10599
1611 10605
1612 10611
1613 10617
1614 10623
1615 10629
1616 10635
1617 10641
1618 10647
1619 10653
1620 10659
1621 10665
1622 10671
1623 10677
1624 10683
1625 10689
1626 10695
1627 10701
1628 10707
1629 10713
1630 10719
1631 10725
1632 10731
1633 10737
1634 10743
1635 10749
1636 10755
1637 10761
1638 10767
1639 10773
1640 10779
1641 10785
1642 10791
1643 10797
1644 10803
1645 10809
1646 10815
1647 10821
1648 10827
1649 10833
1650 10839
1651 10845
1652 10851
1653 10857
1654 10863
1655 10869
1656 10875
1657 10881
1658 10887
1659 10893
1660 10899
1661 10905
1662 10911
1663 10917
1664 10923
1665 10929
1666 10935
1667 10941
1668 10947
1669 10953
1670 10959
1671 10965
1672 10971
1673 10977
1674 10983
1675 10989
1676 10995
1677 11001
1678 11007
1679 11013
1680 11019
1681 11025
1682 11031
1683 11037
1684 11043
1685 11049
1686 11055
1687 11061
1688 11067
1689 11073
1690 11079
1691 11085
1692 11091
1693 11097
1694 11103
1695 11109
1696 11115
1697 11121
1698 11127
1699 11133
1700 11139
1701 11145
1702 11151
1703 11157
1704 11163
1705 11169
1706 11175
1707 11181
1708 11187
1709 11193
1710 11199
1711 11205
1712 11211
1713 11217
1714 11223
1715 11229
1716 11235
1717 11241
1718 11247
1719 11253
1720 11259
1721 11265
1722 11271
1723 11277
1724 11283
1725 11289
1726 11295
1727 11301
1728 11307
1729 11313
1730 11319
1731 11325
1732 11331
1733 11337
1734 11343
1735 11349
1736 11355
1737 11361
1738 11367
1739 11373
1740 11379
1741 11385
1742 11391
1743 11397
1744 11403
1745 11409
1746 11415
1747 11421
1748 11427
1749 11433
1750 11439
1751 11445
1752 11451
1753 11457
1754 11463
1755 11469
1756 11475
1757 11481
1758 11487
1759 11493
1760 11499
1761 11505
1762 11511
1763 11517
1764 11523
1765 11529
1766 11535
1767 11541
1768 11547
1769 11553
1770 11559
1771 11565
1772 11571
1773 11577
1774 11583
1796 11589
1797 11595
1798 11601
1799 11607
1800 11613
1801 11619
1802 11625
1803 11631
1804 11637
1805 11643
1806 11649
1807 11655
1808 11661
1809 11667
1810 11673
1811 11679
1812 11685
1813 11691
1814 11697
1815 11703
1816 11709
1817 11715
1818 11721
1819 11727
1820 11733
1821 11739
1822 11745
1823 11751
1824 11757
1825 11763
1826 11769
1827 11775
1828 11781
1829 11787
1830 11793
1831 11799
1832 11805
1833 11811
1834 11817
1835 11823
1836 11829
1837 11835
1838 11841
1839 11847
1840 11853
1841 11859
1842 11865
1843 11871
1844 11877
1845 11883
1846 11889
1847 11895
1848 11901
1849 11907
1850 11913
1851 11919
1852 11925
1853 11931
1854 11937
1855 11943
1856 11949
1857 11955
1858 11961
1859 11967
1860 11973
1861 11979
1862 11985
1863 11991
1864 11997
1865 12003
1866 12009
1867 12015
1868 12021
1869 12027
1870 12033
1871 12039
1872 12045
1873 12051
1874 12057
1875 12063
1876 12069
1877 12075
1878 12081
1879 12087
1880 12093
1881 12099
1882 12105
1883 12111
1884 12117
1885 12123
1886 12129
1887 12135
1888 12141
1889 12147
1890 12153
1891 12159
1892 12165
1893 12171
1894 12177
1895 12183
1896 12189
1897 12195
1898 12201
1899 12207
1900 12213
1901 12219
1902 12225
1903 12231
1904 12237
1905 12243
1906 12249
1907 12255
1908 12261
1909 12267
1910 12273
1911 12279
1912 12285
1913 12291
1914 12297
1915 12303
1916 12309
1917 12315
1918 12321
1919 12327
1920 12333
1921 12339
1922 12345
1923 12351
1924 12357
1925 12363
1926 12369
1927 12375
1928 12381
1929 12387
1930 12393
1931 12399
1932 12405
1933 12411
1934 12417
1935 12423
1936 12429
1937 12435
1938 12441
1939 12447
1940 12453
1941 12459
1942 12465
1943 12471
1944 12477
1945 12483
1946 12489
1947 12495
1948 12501
1949 12507
1950 12513
1951 12519
1952 12525
1953 12531
1954 12537
1955 12543
1956 12549
1957 12555
1958 12561
1959 12567
1960 12573
1961 12579
1962 12585
1963 12591
1964 12597
1965 12603
1966 12609
1967 12615
1968 12621
1969 12627
1970 12633
1971 12639
1972 12645
1973 12651
1974 12657
1975 12663
1976 12669
1977 12675
1978 12681
1979 12687
1980 12693
1981 12699
1982 12705
1983 12711
1984 12717
1985 12723
1986 12729
1987 12735
1988 12741
1989 12747
1990 12753
1991 12759
1992 12765
1993 12771
1994 12777
1995 12783
1996 12789
1997 12795
1998 12801
1999 12807
2000 12810
2001 12815
2002 12821
2003 12827
2004 12833
2005 12839
2006 12845
2007 12851
2008 12857
2009 12863
2010 12869
2011 12875
2012 12881
2013 12887
2014 12893
2015 12899
2016 12905
2017 12908
2018 12914
2019 12920
2020 12926
2021 12932
2022 12938
2023 12944
2024 12950
2025 12956
2026 12962
2027 12968
2028 12974
2029 12980
2030 12986
2031 12992
2032 12998
2033 13004
2034 13010
2035 13016
2036 13022
2037 13028
2038 13034
2039 13040
2040 13046
2041 13052
2042 13058
2043 13064
2044 13070
2045 13076
2046 13082
2047 13088
2048 13094
2049 13100
2050 13106
2051 13112
2052 13118
2053 13124
2054 13130
2055 13136
2056 13142
2057 13148
2058 13154
2059 13160
2060 13166
2061 13172
2062 13178
2063 13184
2064 13190
2065 13196
2066 13202
2067 13208
2068 13214
2069 13220
2070 13226
2071 13232
2072 13238
2073 13244
2074 13250
2075 13256
2076 13262
2077 13268
2078 13274
2079 13280
2080 13286
2081 13292
2082 13298
2083 13304
2084 13310
2085 13316
2086 13322
2087 13328
2088 13334
2089 13340
2090 13346
2091 13352
2092 13358
2093 13364
2094 13370
2095 13376
2096 13382
2097 13388
2098 13394
2099 13400
2100 13406
2101 13412
2102 13418
2103 13424
2104 13430
2105 13436
2106 13442
2107 13448
2108 13454
2109 13460
2110 13466
2111 13472
2112 13478
2113 13484
2114 13490
2115 13496
2116 13502
2117 13508
2118 13514
2119 13520
2120 13526
2121 13532
2122 13538
2123 13544
2124 13550
2125 13556
2126 13562
2127 13568
2128 13574
2129 13580
2130 13586
2131 13592
2132 13598
2133 13604
2134 13610
2135 13616
2136 13622
2137 13628
2138 13634
2139 13640
2140 13646
2141 13652
2142 13658
2143 13664
2144 13670
2145 13676
2146 13682
2147 13688
2148 13694
2149 13700
2150 13706
2151 13712
2152 13718
2153 13724
2154 13730
2155 13736
2156 13742
2157 13748
2158 13754
2159 13760
2160 13766
2161 13772
2162 13778
2163 13784
2164 13790
2165 13796
2166 13802
2167 13808
2168 13814
2169 13820
2170 13826
2171 13832
2172 13838
2173 13844
2174 13850
2175 13856
2176 13862
2177 13868
2178 13874
2179 13880
2180 13886
2181 13892
2182 13898
2183 13904
2184 13910
2185 13916
2186 13922
2187 13928
2188 13934
2189 13940
2190 13946
2191 13952
2192 13958
2193 13964
2194 13967
2195 13973
2196 13979
2197 13985
2198 13988
2199 13994
2200 14000
2201 14006
2202 14012
2203 14018
2204 14024
2205 14027
2206 14033
2207 14039
2208 14045
2209 14051
2210 14057
2211 14063
2212 14069
2213 14075
2214 14081
2215 14087
2216 14093
2217 14099
2218 14105
2219 14111
2220 14117
2221 14122
2222 14123
2223 14124
2224 14125
2225 14126
2226 14130
2227 14136
2228 14139
2229 14145
2230 14151
2231 14157
2232 14163
2233 14169
2234 14175
2235 14181
2236 14187
2237 14193
2238 14199
2239 14205
2240 14211
2241 14217
2242 14223
2243 14229
2244 14235
2245 14241
2246 14247
2247 14253
2248 14259
2249 14265
2250 14271
2251 14277
2252 14283
2253 14289
2254 14295
2255 14301
2256 14307
2257 14313
2258 14319
2259 14325
2260 14331
2261 14337
2262 14343
2263 14349
2264 14355
2265 14361
2266 14367
2267 14373
2268 14379
2269 14385
2270 14391
2271 14397
2272 14403
2273 14409
2274 14415
2275 14421
2276 14427
2277 14433
2278 14439
2279 14445
2280 14451
2281 14457
2282 14463
2283 14469
2284 14475
2285 14481
2286 14487
2287 14493
2288 14499
2289 14505
2290 14511
2291 14517
2292 14523
2293 14529
2294 14535
2295 14541
2296 14547
2297 14553
2298 14559
2299 14565
2300 14571
2301 14577
2302 14583
2303 14589
2304 14595
2305 14601
2306 14607
2307 14613
2308 14619
2309 14625
2310 14631
2311 14637
2312 14643
2313 14649
2314 14655
2315 14661
2316 14667
2317 14673
2318 14679
2319 14685
2320 14691
2321 14697
2322 14703
2323 14709
2324 14715
2325 14721
2326 14727
2327 14733
2328 14739
2329 14745
2330 14751
2331 14757
2332 14763
2333 14769
2334 14775
2335 14781
2336 14787
2337 14793
2338 14799
2339 14805
2340 14811
2341 14817
2342 14823
2343 14829
2344 14835
2345 14841
2346 14847
2347 14853
2348 14859
2349 14865
2350 14871
2351 14877
2352 14883
2353 14889
2354 14895
2355 14901
2356 14907
2357 14913
2358 14919
2359 14925
2360 14931
2361 14937
2362 14943
2363 14949
2364 14955
2365 14961
2366 14967
2367 14973
2368 14979
2369 14985
2370 14991
2371 14997
2372 15003
2373 15009
2374 15015
2375 15021
2376 15027
2377 15033
2378 15039
2379 15045
2380 15051
2381 15057
2382 15063
2383 15069
2384 15075
2385 15081
2386 15087
2387 15093
2388 15099
2389 15105
2390 15111
2391 15117
2392 15123
2393 15129
2394 15135
2395 15141
2396 15147
2397 15153
2398 15159
2399 15165
2400 15171
2401 15177
2402 15183
2403 15189
2404 15195
2405 15201
2406 15207
2407 15213
2408 15219
2409 15225
2410 15231
2411 15237
2412 15243
2413 15249
2414 15255
2415 15261
2416 15267
2417 15273
2418 15279
2419 15285
2420 15291
2421 15297
2422 15303
2423 15309
2424 15315
2425 15321
2426 15327
2427 15333
2428 15339
2429 15345
2430 15351
2431 15357
2432 15363
2433 15369
2434 15375
2435 15381
2436 15387
2437 15393
2438 15399
2439 15405
2440 15411
2441 15417
2442 15423
2443 15429
2444 15435
2445 15441
2446 15447
2447 15453
2448 15459
2449 15465
2450 15471
2451 15477
2452 15483
2453 15489
2454 15495
2455 15501
2456 15507
2457 15513
2458 15519
2459 15525
2460 15531
2461 15537
2462 15543
2463 15549
2464 15555
2465 15561
2466 15567
2467 15573
2468 15579
2469 15585
2470 15591
2471 15597
2472 15603
2473 15609
2474 15615
2475 15621
2476 15627
2477 15633
2478 15639
2479 15645
2480 15651
2481 15657
2482 15663
2483 15669
2484 15675
2485 15681
2486 15687
2487 15693
2488 15699
2489 15705
2490 15711
2491 15717
2492 15723
2493 15729
2494 15735
2495 15741
2496 15747
2497 15753
2498 15759
2499 15765
2500 15771
2501 15777
2502 15783
2503 15789
2504 15795
2505 15801
2506 15807
2507 15813
2508 15819
2509 15825
2510 15831
2511 15837
2512 15843
2513 15849
2514 15855
2515 15861
2516 15867
2517 15873
2518 15879
2519 15885
2520 15891
2521 15897
2522 15903
2523 15909
2524 15915
2525 15921
2526 15927
2527 15933
2528 15939
2529 15945
2530 15951
2531 15957
2532 15963
2533 15969
2534 15975
2535 15981
2536 15987
2537 15993
2538 15999
2539 16005
2540 16011
2541 16017
2542 16023
2543 16029
2544 16035
2545 16041
2546 16047
2547 16053
2548 16059
2549 16065
2550 16071
2551 16077
2552 16083
2553 16089
2554 16095
2555 16101
2556 16107
2557 16113
2558 16119
2559 16125
2560 16131
2561 16137
2562 16143
2563 16149
2564 16155
2565 16161
2566 16167
2567 16173
2568 16179
2569 16185
2570 16191
2571 16197
2572 16203
2573 16209
2574 16215
2575 16221
2576 16227
2577 16233
2578 16239
2579 16245
2580 16251
2581 16257
2582 16263
2583 16269
2584 16275
2585 16281
2586 16287
2587 16293
2588 16299
2589 16305
2590 16311
2591 16317
2592 16323
2593 16329
2594 16335
2595 16341
2596 16347
2597 16353
2598 16359
2599 16365
2600 16371
2601 16377
2602 16383
2603 16389
2604 16395
2605 16401
2606 16407
2607 16413
2608 16419
2609 16425
2610 16431
2611 16437
2612 16443
2613 16449
2614 16455
2615 16461
2616 16467
2617 16473
2618 16479
2619 16485
2620 16491
2621 16497
2622 16503
2623 16509
2624 16515
2625 16521
2626 16527
2627 16533
2628 16539
