0 1423
1 1429
2 1435
3 1441
4 1447
5 1453
6 1459
7 1465
8 1471
9 1477
10 1483
11 1489
12 1495
13 1501
14 1507
15 1513
16 1519
17 1525
18 1531
19 1537
20 1543
21 1549
22 1555
23 1561
24 1567
25 1573
26 1579
27 1585
28 1591
29 1597
30 1603
31 1609
32 1615
33 1621
34 1627
35 1633
36 1639
37 1645
38 1651
39 1657
40 1663
41 1669
42 1675
43 1681
44 1687
45 1693
46 1699
47 1705
48 1711
49 1717
50 1723
51 1729
52 1735
53 1741
54 1747
55 1753
56 1759
57 1765
58 1771
59 1777
60 1783
61 1789
62 1795
63 1801
64 1807
65 1813
66 1819
67 1825
68 1831
69 1837
70 1843
71 1849
72 1855
73 1861
74 1867
75 1873
76 1879
77 1885
78 1891
79 1897
80 1903
81 1909
82 1915
83 1921
84 1927
85 1933
86 1939
87 1945
88 1951
89 1957
90 1963
91 1969
92 1975
93 1981
94 1987
95 1993
96 1999
97 2005
98 2011
99 2017
100 2023
101 2029
102 2035
103 2041
104 2047
105 2053
106 2059
107 2065
108 2071
109 2077
110 2083
111 2089
112 2095
113 2101
114 2107
115 2113
116 2119
117 2125
118 2131
119 2137
120 2143
121 2149
122 2155
123 2161
124 2167
125 2173
126 2179
127 2185
128 2191
129 2197
130 2203
131 2209
132 2215
133 2221
134 2227
135 2233
136 2239
137 2245
138 2251
139 2257
140 2263
141 2269
142 2275
143 2281
144 2287
145 2293
146 2299
147 2305
148 2311
149 2317
150 2323
151 2329
152 2335
153 2341
154 2347
155 2353
156 2359
157 2365
158 2371
159 2377
160 2383
161 2389
162 2395
163 2401
164 2407
165 2413
166 2419
167 2425
168 2431
169 2437
170 2443
171 2449
172 2455
173 2461
174 2467
175 2473
176 2479
177 2485
178 2491
179 2497
180 2503
181 2509
182 2515
183 2521
184 2527
185 2533
186 2539
187 2545
188 2551
189 2557
190 2563
191 2569
192 2575
193 2581
194 2587
195 2593
196 2599
197 2605
198 2611
199 2617
200 2623
201 2629
202 2635
203 2641
204 2647
205 2653
206 2659
207 2665
208 2671
209 2677
210 2683
211 2689
212 2695
213 2701
214 2707
215 2713
216 2719
217 2725
218 2731
219 2737
220 2743
221 2749
222 2755
223 2761
224 2767
225 2773
226 2779
227 2785
228 2791
229 2797
230 2803
231 2809
232 2815
233 2821
234 2827
235 2833
236 2839
237 2845
238 2851
239 2857
240 2863
241 2869
242 2875
243 2881
244 2887
245 2893
246 2899
247 2905
248 2911
249 2917
250 2923
251 2929
252 2935
253 2941
254 2947
255 2953
256 2959
257 2965
258 2971
259 2977
260 2983
261 2989
262 2995
263 3001
264 3007
265 3013
266 3019
267 3025
268 3031
269 3037
270 3043
271 3049
272 3055
273 3061
274 3067
275 3073
276 3079
277 3085
278 3091
279 3097
280 3103
281 3109
282 3115
283 3121
284 3127
285 3133
286 3139
287 3145
288 3151
289 3157
290 3163
291 3169
292 3175
293 3181
294 3187
295 3193
296 3199
297 3205
298 3211
299 3217
300 3223
301 3229
302 3235
303 3241
304 3247
305 3253
306 3259
307 3265
308 3271
309 3277
310 3283
311 3289
312 3295
313 3301
314 3307
315 3313
316 3319
317 3325
318 3331
319 3337
320 3343
321 3349
322 3355
323 3361
324 3367
325 3373
326 3379
327 3385
328 3391
329 3397
330 3403
331 3409
332 3415
333 3421
334 3427
335 3433
336 3439
337 3445
338 3451
339 3457
340 3463
341 3469
342 3475
343 3481
344 3487
345 3493
346 3499
347 3505
348 3511
349 3517
350 3523
351 3529
352 3535
353 3541
354 3547
355 3553
356 3559
357 3565
358 3571
359 3577
360 3583
361 3589
362 3595
363 3601
364 3607
365 3613
366 3619
367 3625
368 3631
369 3637
370 3643
371 3649
372 3655
373 3661
374 3667
375 3673
376 3679
377 3685
378 3691
379 3697
380 3703
381 3709
382 3715
383 3721
384 3727
385 3733
386 3739
387 3745
388 3751
389 3757
390 3763
391 3769
392 3775
393 3781
394 3787
395 3793
396 3799
397 3805
398 3811
399 3817
400 3823
401 3829
402 3835
403 3841
404 3847
405 3853
406 3859
407 3865
408 3871
409 3877
410 3883
411 3889
412 3895
413 3901
414 3907
415 3913
416 3919
417 3925
418 3931
419 3937
420 3943
421 3949
422 3955
423 3961
424 3967
425 3973
426 3979
427 3985
428 3991
429 3997
430 4003
431 4009
432 4015
433 4021
434 4027
435 4033
436 4039
437 4045
438 4051
439 4057
440 4063
441 4069
442 4075
443 4081
444 4087
445 4093
446 4099
447 4105
448 4111
449 4117
450 4123
451 4129
452 4135
453 4141
454 4147
455 4153
456 4159
457 4165
458 4171
459 4177
460 4183
461 4189
462 4195
463 4201
464 4207
465 4213
466 4219
467 4225
468 4231
469 4237
470 4243
471 4249
472 4255
473 4261
474 4267
475 4273
476 4279
477 4285
478 4291
479 4297
480 4303
481 4309
482 4315
483 4321
484 4327
485 4333
486 4339
487 4345
488 4351
489 4357
490 4363
491 4369
492 4375
493 4381
494 4387
495 4393
496 4399
497 4405
498 4411
499 4417
500 4423
501 4429
502 4435
503 4441
504 4447
505 4453
506 4459
507 4465
508 4471
509 4477
510 4483
511 4489
512 4495
513 4501
514 4507
515 4513
516 4519
517 4525
518 4531
519 4537
520 4543
521 4549
522 4555
523 4561
524 4567
525 4573
526 4579
527 4585
528 4591
529 4597
530 4603
531 4609
532 4615
533 4621
534 4627
535 4633
536 4639
537 4645
538 4651
539 4657
540 4663
541 4669
542 4675
543 4681
544 4687
545 4693
546 4699
547 4705
548 4711
549 4717
550 4723
551 4729
552 4735
553 4741
554 4747
555 4753
556 4759
557 4765
558 4771
559 4777
560 4783
561 4789
562 4795
563 4801
564 4807
565 4813
566 4819
567 4825
568 4831
569 4837
570 4843
571 4849
572 4855
573 4856
574 4862
575 4868
576 4874
582 4877
583 4881
584 4884
585 4890
586 4895
587 4901
588 4904
589 4907
590 4913
591 4919
592 4925
593 4931
594 4937
595 4943
596 4949
597 4955
598 4961
599 4967
600 4973
601 4979
602 4985
603 4991
604 4997
605 5003
606 5009
607 5015
608 5021
609 5027
610 5033
611 5039
612 5045
613 5051
614 5057
615 5063
616 5069
617 5075
618 5081
619 5087
620 5093
621 5099
622 5105
623 5111
624 5117
625 5123
626 5129
627 5135
628 5141
629 5147
630 5153
631 5159
632 5165
633 5171
634 5177
635 5183
636 5189
637 5195
638 5201
639 5207
640 5213
641 5219
642 5225
643 5231
644 5237
645 5243
646 5249
647 5255
648 5261
649 5267
650 5273
651 5279
652 5285
653 5291
654 5297
655 5303
656 5309
657 5315
658 5321
659 5327
660 5333
661 5339
662 5345
663 5351
664 5357
665 5363
666 5369
667 5375
668 5381
669 5387
670 5393
671 5399
672 5405
673 5411
674 5417
675 5423
676 5429
677 5435
678 5441
679 5447
680 5453
681 5459
682 5465
683 5471
684 5477
685 5483
686 5489
687 5495
688 5501
689 5507
690 5513
691 5519
692 5525
693 5531
694 5537
695 5543
696 5549
697 5555
698 5561
699 5567
700 5573
701 5579
702 5585
703 5591
704 5597
705 5603
706 5609
707 5615
708 5621
709 5627
710 5633
711 5639
712 5645
713 5651
714 5657
715 5663
716 5669
717 5675
718 5681
719 5687
720 5693
721 5699
724 5704
727 5705
728 5710
730 5714
731 5719
732 5725
733 5731
734 5737
735 5743
736 5749
737 5755
738 5761
739 5767
740 5773
741 5779
742 5785
743 5791
744 5797
745 5803
746 5809
747 5815
748 5821
749 5827
750 5833
751 5839
752 5842
753 5848
754 5854
755 5860
756 5866
757 5872
758 5878
759 5884
760 5890
761 5896
762 5902
763 5908
764 5914
765 5920
766 5926
767 5932
768 5938
769 5944
770 5950
771 5956
772 5962
773 5968
774 5974
775 5980
776 5986
777 5992
778 5998
779 6004
780 6010
781 6016
782 6022
783 6028
784 6034
785 6040
786 6046
787 6052
788 6058
789 6064
790 6070
791 6076
792 6082
793 6088
794 6094
795 6100
796 6106
797 6112
798 6118
799 6124
800 6130
801 6136
802 6142
803 6148
804 6154
805 6160
806 6166
807 6172
808 6178
809 6184
810 6190
811 6196
812 6202
813 6208
814 6214
815 6220
816 6226
817 6232
818 6238
819 6244
820 6250
821 6256
822 6262
823 6268
824 6274
825 6280
826 6286
827 6292
828 6298
829 6304
830 6310
831 6316
832 6322
833 6328
834 6334
835 6340
836 6346
837 6352
838 6358
839 6364
840 6370
841 6376
842 6382
843 6388
844 6394
845 6400
846 6406
847 6412
848 6418
849 6424
850 6430
851 6436
852 6442
853 6448
854 6454
855 6460
856 6466
857 6472
858 6478
859 6484
860 6490
861 6496
862 6502
863 6508
864 6514
865 6520
866 6526
867 6532
868 6538
869 6544
870 6550
871 6556
872 6562
873 6567
874 6569
875 6575
876 6581
877 6587
878 6593
880 6600
881 6606
882 6612
883 6618
884 6624
885 6630
886 6636
887 6642
888 6648
889 6654
890 6660
891 6666
892 6672
893 6678
894 6684
895 6691
896 6697
897 6703
898 6709
899 6715
900 6721
901 6727
902 6733
903 6738
904 6744
905 6750
906 6756
907 6762
908 6768
909 6774
910 6780
911 6786
912 6792
913 6798
914 6804
915 6810
916 6816
917 6822
918 6828
919 6834
920 6840
921 6846
922 6852
923 6858
924 6864
925 6870
926 6876
927 6882
928 6888
929 6894
930 6900
931 6906
932 6912
933 6918
934 6924
935 6930
936 6936
937 6942
938 6948
939 6954
940 6960
941 6966
942 6972
943 6978
944 6985
945 6991
946 6997
947 7003
948 7009
949 7015
950 7021
951 7027
952 7033
953 7039
954 7045
955 7051
956 7057
957 7063
958 7069
959 7075
960 7080
961 7086
962 7092
963 7098
964 7104
965 7110
966 7116
967 7122
968 7128
969 7134
970 7140
971 7146
972 7152
973 7158
974 7164
975 7170
976 7176
977 7182
978 7188
979 7194
980 7200
981 7206
982 7212
983 7218
984 7224
985 7230
986 7236
987 7242
988 7248
989 7254
990 7260
991 7266
992 7272
993 7278
994 7284
995 7290
996 7296
997 7302
998 7308
999 7314
1000 7320
1001 7326
1002 7332
1003 7338
1004 7344
1005 7350
1006 7356
1007 7362
1008 7368
1009 7374
1010 7380
1011 7386
1012 7392
1013 7398
1014 7404
1015 7410
1016 7416
1017 7422
1018 7428
1019 7434
1020 7440
1021 7446
1022 7452
1023 7458
1024 7464
1025 7470
1026 7476
1027 7482
1028 7488
1029 7494
1030 7500
1031 7506
1032 7512
1033 7518
1034 7524
1035 7530
1036 7536
1037 7542
1038 7548
1039 7554
1040 7560
1041 7566
1042 7572
1043 7578
1044 7584
1045 7590
1046 7596
1047 7602
1048 7608
1049 7614
1050 7620
1051 7626
1052 7632
1053 7638
1054 7644
1071 7645
1072 7649
1073 7655
1074 7661
1075 7667
1076 7673
1077 7679
1078 7685
1079 7691
1080 7697
1081 7703
1082 7706
1083 7712
1084 7718
1085 7724
1086 7730
1087 7736
1088 7742
1089 7748
1090 7754
1091 7761
1092 7767
1093 7773
1094 7779
1095 7785
1096 7791
1097 7797
1098 7803
1099 7809
1100 7815
1101 7821
1102 7827
1103 7833
1104 7839
1105 7845
1106 7851
1107 7857
1108 7863
1109 7869
1110 7875
1111 7881
1112 7887
1113 7893
1114 7899
1115 7905
1116 7911
1117 7917
1118 7923
1119 7929
1120 7935
1121 7941
1122 7947
1123 7953
1124 7958
1125 7964
1126 7970
1127 7976
1128 7982
1129 7988
1130 7994
1131 8000
1132 8007
1133 8013
1134 8019
1135 8025
1136 8031
1137 8037
1138 8043
1139 8049
1140 8055
1141 8061
1142 8067
1143 8073
1144 8079
1145 8085
1146 8091
1147 8097
1148 8102
1149 8108
1150 8114
1151 8120
1152 8126
1153 8132
1154 8138
1155 8144
1156 8150
1157 8156
1158 8162
1159 8168
1160 8174
1161 8180
1162 8186
1163 8192
1164 8198
1165 8204
1166 8210
1167 8216
1168 8222
1169 8228
1170 8234
1171 8240
1172 8246
1173 8253
1174 8259
1175 8265
1176 8271
1177 8277
1178 8283
1179 8289
1180 8295
1181 8300
1182 8306
1183 8312
1184 8318
1185 8324
1186 8330
1187 8336
1188 8342
1189 8348
1190 8354
1191 8360
1192 8366
1193 8372
1194 8378
1195 8384
1196 8390
1197 8396
1198 8402
1199 8408
1200 8414
1201 8420
1202 8426
1203 8432
1204 8438
1205 8444
1206 8450
1207 8455
1208 8459
1209 8465
1210 8471
1211 8477
1212 8483
1213 8489
1214 8495
1215 8501
1216 8507
1217 8513
1218 8519
1219 8525
1220 8531
1221 8537
1222 8543
1223 8549
1224 8555
1225 8561
1226 8567
1227 8573
1228 8579
1229 8585
1230 8592
1231 8598
1232 8604
1233 8610
1234 8616
1235 8622
1236 8628
1237 8634
1238 8640
1239 8646
1240 8652
1241 8658
1242 8664
1243 8670
1244 8676
1245 8682
1246 8687
1247 8693
1248 8699
1249 8705
1250 8711
1251 8717
1252 8723
1253 8729
1254 8735
1255 8742
1256 8748
1257 8754
1258 8760
1259 8766
1260 8772
1261 8778
1262 8784
1263 8790
1264 8796
1265 8802
1266 8808
1267 8814
1268 8820
1269 8826
1270 8832
1271 8838
1272 8844
1273 8850
1274 8856
1275 8862
1276 8868
1277 8874
1278 8880
1279 8886
1280 8892
1281 8898
1282 8904
1283 8910
1284 8916
1285 8922
1286 8928
1287 8934
1288 8940
1289 8946
1290 8952
1291 8958
1292 8964
1293 8970
1294 8976
1295 8982
1296 8988
1297 8994
1298 9000
1299 9006
1300 9012
1301 9018
1302 9024
1303 9030
1304 9036
1305 9042
1306 9048
1307 9054
1308 9060
1309 9066
1310 9072
1311 9078
1312 9084
1313 9090
1314 9096
1315 9102
1316 9108
1317 9114
1318 9120
1319 9126
1320 9132
1321 9138
1322 9144
1323 9150
1324 9156
1325 9162
1326 9168
1327 9174
1328 9180
1329 9186
1330 9192
1331 9198
1332 9204
1333 9210
1334 9216
1335 9222
1336 9228
1337 9234
1338 9240
1339 9246
1340 9252
1341 9258
1342 9264
1343 9270
1344 9276
1345 9282
1346 9288
1347 9294
1348 9300
1349 9306
1350 9312
1351 9318
1352 9324
1353 9330
1354 9336
1355 9342
1356 9348
1357 9354
1358 9360
1359 9366
1360 9372
1361 9378
1362 9384
1363 9390
1364 9396
1365 9402
1366 9408
1367 9414
1368 9420
1369 9426
1370 9432
1371 9438
1372 9444
1373 9450
1374 9456
1375 9462
1376 9468
1377 9474
1378 9480
1379 9486
1380 9492
1381 9498
1382 9504
1383 9510
1384 9516
1385 9522
1386 9527
1387 9531
1388 9537
1389 9543
1390 9549
1391 9555
1392 9561
1393 9567
1394 9573
1395 9579
1396 9585
1397 9591
1398 9597
1399 9603
1400 9609
1401 9615
1402 9621
1403 9627
1404 9633
1405 9639
1406 9645
1407 9651
1408 9657
1409 9663
1410 9669
1411 9675
1412 9681
1413 9687
1414 9693
1415 9699
1416 9705
1417 9711
1418 9717
1419 9723
1420 9729
1421 9735
1422 9741
1423 9747
1424 9753
1425 9759
1426 9765
1427 9771
1428 9777
1429 9783
1430 9789
1431 9795
1432 9801
1433 9807
1434 9813
1435 9819
1436 9825
1437 9831
1438 9837
1439 9843
1440 9849
1441 9855
1442 9861
1443 9867
1444 9873
1445 9879
1446 9885
1447 9891
1448 9897
1449 9903
1450 9909
1451 9915
1452 9921
1453 9927
1454 9933
1455 9939
1456 9945
1457 9951
1458 9957
1459 9962
1460 9968
1461 9974
1462 9980
1463 9986
1464 9992
1465 9998
1466 10004
1467 10011
1468 10017
1469 10023
1470 10029
1471 10035
1472 10041
1473 10047
1474 10053
1475 10059
1476 10065
1477 10071
1478 10077
1479 10083
1480 10089
1481 10095
1482 10101
1483 10106
1484 10112
1485 10118
1486 10124
1487 10130
1488 10136
1489 10142
1490 10148
1491 10155
1492 10161
1493 10167
1494 10173
1495 10179
1496 10185
1497 10191
1498 10197
1499 10203
1500 10209
1501 10215
1502 10221
1503 10227
1504 10233
1505 10239
1506 10245
1507 10251
1508 10257
1509 10263
1510 10269
1511 10275
1512 10281
1513 10287
1514 10293
1515 10299
1516 10305
1517 10311
1518 10317
1519 10323
1520 10329
1521 10335
1522 10341
1523 10347
1524 10353
1525 10359
1526 10365
1527 10371
1528 10377
1529 10383
1530 10389
1531 10395
1532 10401
1533 10407
1534 10413
1535 10419
1536 10425
1537 10431
1538 10437
1539 10443
1540 10449
1541 10455
1542 10461
1543 10467
1544 10473
1545 10479
1546 10485
1547 10491
1548 10497
1549 10503
1550 10509
1551 10515
1552 10521
1553 10527
1554 10533
1555 10539
1556 10545
1557 10551
1558 10557
1559 10563
1560 10569
1561 10575
1562 10581
1563 10587
1564 10593
1565 10599
1566 10605
1567 10611
1568 10617
1569 10623
1570 10629
1571 10635
1572 10641
1573 10647
1574 10653
1575 10659
1576 10665
1577 10671
1578 10677
1579 10683
1580 10689
1581 10695
1582 10701
1583 10707
1584 10713
1585 10719
1586 10725
1587 10731
1588 10737
1589 10743
1590 10749
1591 10755
1592 10761
1593 10767
1594 10773
1595 10779
1596 10785
1597 10791
1598 10797
1599 10803
1600 10809
1601 10815
1602 10821
1603 10827
1604 10833
1605 10839
1606 10845
1607 10851
1608 10857
1609 10863
1610 10869
1611 10875
1612 10881
1613 10887
1614 10893
1615 10899
1616 10905
1617 10911
1618 10917
1619 10923
1620 10929
1621 10935
1622 10941
1623 10947
1624 10953
1625 10959
1626 10965
1627 10971
1628 10977
1629 10983
1630 10989
1631 10995
1632 11001
1633 11007
1634 11013
1635 11019
1636 11025
1637 11031
1638 11037
1639 11043
1640 11049
1641 11055
1642 11061
1643 11067
1644 11073
1645 11079
1646 11085
1647 11091
1648 11097
1649 11103
1650 11109
1651 11115
1652 11121
1653 11127
1654 11133
1655 11139
1656 11145
1657 11151
1658 11157
1659 11163
1660 11169
1661 11175
1662 11181
1663 11187
1664 11193
1665 11199
1666 11205
1667 11211
1668 11217
1669 11223
1670 11229
1671 11235
1672 11241
1673 11247
1674 11253
1675 11259
1676 11265
1677 11271
1678 11277
1679 11283
1680 11289
1681 11295
1682 11301
1683 11307
1684 11313
1685 11319
1686 11325
1687 11331
1688 11337
1689 11343
1690 11349
1691 11355
1692 11361
1693 11367
1694 11373
1695 11379
1696 11385
1697 11391
1698 11397
1699 11403
1700 11409
1701 11415
1702 11421
1703 11427
1704 11433
1705 11439
1706 11445
1707 11451
1708 11457
1709 11463
1710 11469
1711 11475
1712 11481
1713 11487
1714 11493
1715 11499
1716 11505
1717 11511
1718 11517
1719 11523
1720 11529
1721 11535
1722 11541
1723 11547
1724 11553
1725 11559
1726 11565
1727 11571
1728 11577
1729 11583
1751 11589
1752 11595
1753 11601
1754 11607
1755 11613
1756 11619
1757 11625
1758 11631
1759 11637
1760 11643
1761 11649
1762 11655
1763 11661
1764 11667
1765 11673
1766 11679
1767 11685
1768 11691
1769 11697
1770 11703
1771 11709
1772 11715
1773 11721
1774 11727
1775 11733
1776 11739
1777 11745
1778 11751
1779 11757
1780 11763
1781 11769
1782 11775
1783 11781
1784 11787
1785 11793
1786 11799
1787 11805
1788 11811
1789 11817
1790 11823
1791 11829
1792 11835
1793 11841
1794 11847
1795 11853
1796 11859
1797 11865
1798 11871
1799 11877
1800 11883
1801 11889
1802 11895
1803 11901
1804 11907
1805 11913
1806 11919
1807 11925
1808 11931
1809 11937
1810 11943
1811 11949
1812 11955
1813 11961
1814 11967
1815 11973
1816 11979
1817 11985
1818 11991
1819 11997
1820 12003
1821 12009
1822 12015
1823 12021
1824 12027
1825 12033
1826 12039
1827 12045
1828 12051
1829 12057
1830 12063
1831 12069
1832 12075
1833 12081
1834 12087
1835 12093
1836 12099
1837 12105
1838 12111
1839 12117
1840 12123
1841 12129
1842 12135
1843 12141
1844 12147
1845 12153
1846 12159
1847 12165
1848 12171
1849 12177
1850 12183
1851 12189
1852 12195
1853 12201
1854 12207
1855 12213
1856 12219
1857 12225
1858 12231
1859 12237
1860 12243
1861 12249
1862 12255
1863 12261
1864 12267
1865 12273
1866 12279
1867 12285
1868 12291
1869 12297
1870 12303
1871 12309
1872 12315
1873 12321
1874 12327
1875 12333
1876 12339
1877 12345
1878 12351
1879 12357
1880 12363
1881 12369
1882 12375
1883 12381
1884 12387
1885 12393
1886 12399
1887 12405
1888 12411
1889 12417
1890 12423
1891 12429
1892 12435
1893 12441
1894 12447
1895 12453
1896 12459
1897 12465
1898 12471
1899 12477
1900 12483
1901 12489
1902 12495
1903 12501
1904 12507
1905 12513
1906 12519
1907 12525
1908 12531
1909 12537
1910 12543
1911 12549
1912 12555
1913 12561
1914 12567
1915 12573
1916 12579
1917 12585
1918 12591
1919 12597
1920 12603
1921 12609
1922 12615
1923 12621
1924 12627
1925 12633
1926 12639
1927 12645
1928 12651
1929 12657
1930 12663
1931 12669
1932 12675
1933 12681
1934 12687
1935 12693
1936 12699
1937 12705
1938 12711
1939 12717
1940 12723
1941 12729
1942 12735
1943 12741
1944 12747
1945 12753
1946 12759
1947 12765
1948 12771
1949 12777
1950 12783
1951 12789
1952 12795
1953 12801
1954 12807
1955 12810
1956 12815
1957 12821
1958 12827
1959 12833
1960 12839
1961 12845
1962 12851
1963 12857
1964 12863
1965 12869
1966 12875
1967 12881
1968 12887
1969 12893
1970 12899
1971 12905
1972 12908
1973 12914
1974 12920
1975 12926
1976 12932
1977 12938
1978 12944
1979 12950
1980 12956
1981 12962
1982 12968
1983 12974
1984 12980
1985 12986
1986 12992
1987 12998
1988 13004
1989 13010
1990 13016
1991 13022
1992 13028
1993 13034
1994 13040
1995 13046
1996 13052
1997 13058
1998 13064
1999 13070
2000 13076
2001 13082
2002 13088
2003 13094
2004 13100
2005 13106
2006 13112
2007 13118
2008 13124
2009 13130
2010 13136
2011 13142
2012 13148
2013 13154
2014 13160
2015 13166
2016 13172
2017 13178
2018 13184
2019 13190
2020 13196
2021 13202
2022 13208
2023 13214
2024 13220
2025 13226
2026 13232
2027 13238
2028 13244
2029 13250
2030 13256
2031 13262
2032 13268
2033 13274
2034 13280
2035 13286
2036 13292
2037 13298
2038 13304
2039 13310
2040 13316
2041 13322
2042 13328
2043 13334
2044 13340
2045 13346
2046 13352
2047 13358
2048 13364
2049 13370
2050 13376
2051 13382
2052 13388
2053 13394
2054 13400
2055 13406
2056 13412
2057 13418
2058 13424
2059 13430
2060 13436
2061 13442
2062 13448
2063 13454
2064 13460
2065 13466
2066 13472
2067 13478
2068 13484
2069 13490
2070 13496
2071 13502
2072 13508
2073 13514
2074 13520
2075 13526
2076 13532
2077 13538
2078 13544
2079 13550
2080 13556
2081 13562
2082 13568
2083 13574
2084 13580
2085 13586
2086 13592
2087 13598
2088 13604
2089 13610
2090 13616
2091 13622
2092 13628
2093 13634
2094 13640
2095 13646
2096 13652
2097 13658
2098 13664
2099 13670
2100 13676
2101 13682
2102 13688
2103 13694
2104 13700
2105 13706
2106 13712
2107 13718
2108 13724
2109 13730
2110 13736
2111 13742
2112 13748
2113 13754
2114 13760
2115 13766
2116 13772
2117 13778
2118 13784
2119 13790
2120 13796
2121 13802
2122 13808
2123 13814
2124 13820
2125 13826
2126 13832
2127 13838
2128 13844
2129 13850
2130 13856
2131 13862
2132 13868
2133 13874
2134 13880
2135 13886
2136 13892
2137 13898
2138 13904
2139 13910
2140 13916
2141 13922
2142 13928
2143 13934
2144 13940
2145 13946
2146 13952
2147 13958
2148 13964
2149 13967
2150 13973
2151 13979
2152 13985
2153 13988
2154 13994
2155 14000
2156 14006
2157 14012
2158 14018
2159 14024
2160 14027
2161 14033
2162 14039
2163 14045
2164 14051
2165 14057
2166 14063
2167 14069
2168 14075
2169 14081
2170 14087
2171 14093
2172 14099
2173 14105
2174 14111
2175 14117
2176 14122
2177 14123
2178 14124
2179 14125
2180 14126
2181 14130
2182 14136
2183 14139
2184 14145
2185 14151
2186 14157
2187 14163
2188 14169
2189 14175
2190 14181
2191 14187
2192 14193
2193 14199
2194 14205
2195 14211
2196 14217
2197 14223
2198 14229
2199 14235
2200 14241
2201 14247
2202 14253
2203 14259
2204 14265
2205 14271
2206 14277
2207 14283
2208 14289
2209 14295
2210 14301
2211 14307
2212 14313
2213 14319
2214 14325
2215 14331
2216 14337
2217 14343
2218 14349
2219 14355
2220 14361
2221 14367
2222 14373
2223 14379
2224 14385
2225 14391
2226 14397
2227 14403
2228 14409
2229 14415
2230 14421
2231 14427
2232 14433
2233 14439
2234 14445
2235 14451
2236 14457
2237 14463
2238 14469
2239 14475
2240 14481
2241 14487
2242 14493
2243 14499
2244 14505
2245 14511
2246 14517
2247 14523
2248 14529
2249 14535
2250 14541
2251 14547
2252 14553
2253 14559
2254 14565
2255 14571
2256 14577
2257 14583
2258 14589
2259 14595
2260 14601
2261 14607
2262 14613
2263 14619
2264 14625
2265 14631
2266 14637
2267 14643
2268 14649
2269 14655
2270 14661
2271 14667
2272 14673
2273 14679
2274 14685
2275 14691
2276 14697
2277 14703
2278 14709
2279 14715
2280 14721
2281 14727
2282 14733
2283 14739
2284 14745
2285 14751
2286 14757
2287 14763
2288 14769
2289 14775
2290 14781
2291 14787
2292 14793
2293 14799
2294 14805
2295 14811
2296 14817
2297 14823
2298 14829
2299 14835
2300 14841
2301 14847
2302 14853
2303 14859
2304 14865
2305 14871
2306 14877
2307 14883
2308 14889
2309 14895
2310 14901
2311 14907
2312 14913
2313 14919
2314 14925
2315 14931
2316 14937
2317 14943
2318 14949
2319 14955
2320 14961
2321 14967
2322 14973
2323 14979
2324 14985
2325 14991
2326 14997
2327 15003
2328 15009
2329 15015
2330 15021
2331 15027
2332 15033
2333 15039
2334 15045
2335 15051
2336 15057
2337 15063
2338 15069
2339 15075
2340 15081
2341 15087
2342 15093
2343 15099
2344 15105
2345 15111
2346 15117
2347 15123
2348 15129
2349 15135
2350 15141
2351 15147
2352 15153
2353 15159
2354 15165
2355 15171
2356 15177
2357 15183
2358 15189
2359 15195
2360 15201
2361 15207
2362 15213
2363 15219
2364 15225
2365 15231
2366 15237
2367 15243
2368 15249
2369 15255
2370 15261
2371 15267
2372 15273
2373 15279
2374 15285
2375 15291
2376 15297
2377 15303
2378 15309
2379 15315
2380 15321
2381 15327
2382 15333
2383 15339
2384 15345
2385 15351
2386 15357
2387 15363
2388 15369
2389 15375
2390 15381
2391 15387
2392 15393
2393 15399
2394 15405
2395 15411
2396 15417
2397 15423
2398 15429
2399 15435
2400 15441
2401 15447
2402 15453
2403 15459
2404 15465
2405 15471
2406 15477
2407 15483
2408 15489
2409 15495
2410 15501
2411 15507
2412 15513
2413 15519
2414 15525
2415 15531
2416 15537
2417 15543
2418 15549
2419 15555
2420 15561
2421 15567
2422 15573
2423 15579
2424 15585
2425 15591
2426 15597
2427 15603
2428 15609
2429 15615
2430 15621
2431 15627
2432 15633
2433 15639
2434 15645
2435 15651
2436 15657
2437 15663
2438 15669
2439 15675
2440 15681
2441 15687
2442 15693
2443 15699
2444 15705
2445 15711
2446 15717
2447 15723
2448 15729
2449 15735
2450 15741
2451 15747
2452 15753
2453 15759
2454 15765
2455 15771
2456 15777
2457 15783
2458 15789
2459 15795
2460 15801
2461 15807
2462 15813
2463 15819
2464 15825
2465 15831
2466 15837
2467 15843
2468 15849
2469 15855
2470 15861
2471 15867
2472 15873
2473 15879
2474 15885
2475 15891
2476 15897
2477 15903
2478 15909
2479 15915
2480 15921
2481 15927
2482 15933
2483 15939
2484 15945
2485 15951
2486 15957
2487 15963
2488 15969
2489 15975
2490 15981
2491 15987
2492 15993
2493 15999
2494 16005
2495 16011
2496 16017
2497 16023
2498 16029
2499 16035
2500 16041
2501 16047
2502 16053
2503 16059
2504 16065
2505 16071
2506 16077
2507 16083
2508 16089
2509 16095
2510 16101
2511 16107
2512 16113
2513 16119
2514 16125
2515 16131
2516 16137
2517 16143
2518 16149
2519 16155
2520 16161
2521 16167
2522 16173
2523 16179
2524 16185
2525 16191
2526 16197
2527 16203
2528 16209
2529 16215
2530 16221
2531 16227
2532 16233
2533 16239
2534 16245
2535 16251
2536 16257
2537 16263
2538 16269
2539 16275
2540 16281
2541 16287
2542 16293
2543 16299
2544 16305
2545 16311
2546 16317
2547 16323
2548 16329
2549 16335
2550 16341
2551 16347
2552 16353
2553 16359
2554 16365
2555 16371
2556 16377
2557 16383
2558 16389
2559 16395
2560 16401
2561 16407
2562 16413
2563 16419
2564 16425
2565 16431
2566 16437
2567 16443
2568 16449
2569 16455
2570 16461
2571 16467
2572 16473
2573 16479
2574 16485
2575 16491
2576 16497
2577 16503
2578 16509
2579 16515
2580 16521
2581 16527
2582 16533
2583 16539
