0 937
1 943
2 949
3 955
4 961
5 967
6 973
7 979
8 985
9 991
10 997
11 1003
12 1009
13 1015
14 1021
15 1027
16 1033
17 1039
18 1045
19 1051
20 1057
21 1063
22 1069
23 1075
24 1081
25 1087
26 1093
27 1099
28 1105
29 1111
30 1117
31 1123
32 1129
33 1135
34 1141
35 1147
36 1153
37 1159
38 1165
39 1171
40 1177
41 1183
42 1189
43 1195
44 1201
45 1207
46 1213
47 1219
48 1225
49 1231
50 1237
51 1243
52 1249
53 1255
54 1261
55 1267
56 1273
57 1279
58 1285
59 1291
60 1297
61 1303
62 1309
63 1315
64 1321
65 1327
66 1333
67 1339
68 1345
69 1351
70 1357
71 1363
72 1369
73 1375
74 1381
75 1387
76 1393
77 1399
78 1405
79 1411
80 1417
81 1423
82 1429
83 1435
84 1441
85 1447
86 1453
87 1459
88 1465
89 1471
90 1477
91 1483
92 1489
93 1495
94 1501
95 1507
96 1513
97 1519
98 1525
99 1531
100 1537
101 1543
102 1549
103 1555
104 1561
105 1567
106 1573
107 1579
108 1585
109 1591
110 1597
111 1603
112 1609
113 1615
114 1621
115 1627
116 1633
117 1639
118 1645
119 1651
120 1657
121 1663
122 1669
123 1675
124 1681
125 1687
126 1693
127 1699
128 1705
129 1711
130 1717
131 1723
132 1729
133 1735
134 1741
135 1747
136 1753
137 1759
138 1765
139 1771
140 1777
141 1783
142 1789
143 1795
144 1801
145 1807
146 1813
147 1819
148 1825
149 1831
150 1837
151 1843
152 1849
153 1855
154 1861
155 1867
156 1873
157 1879
158 1885
159 1891
160 1897
161 1903
162 1909
163 1915
164 1921
165 1927
166 1933
167 1939
168 1945
169 1951
170 1957
171 1963
172 1969
173 1975
174 1981
175 1987
176 1993
177 1999
178 2005
179 2011
180 2017
181 2023
182 2029
183 2035
184 2041
185 2047
186 2053
187 2059
188 2065
189 2071
190 2077
191 2083
192 2089
193 2095
194 2101
195 2107
196 2113
197 2119
198 2125
199 2131
200 2137
201 2143
202 2149
203 2155
204 2161
205 2167
206 2173
207 2179
208 2185
209 2191
210 2197
211 2203
212 2209
213 2215
214 2221
215 2227
216 2233
217 2239
218 2245
219 2251
220 2257
221 2263
222 2269
223 2275
224 2281
225 2287
226 2293
227 2299
228 2305
229 2311
230 2317
231 2323
232 2329
233 2335
234 2341
235 2347
236 2353
237 2359
238 2365
239 2371
240 2377
241 2383
242 2389
243 2395
244 2401
245 2407
246 2413
247 2419
248 2425
249 2431
250 2437
251 2443
252 2449
253 2455
254 2461
255 2467
256 2473
257 2479
258 2485
259 2491
260 2497
261 2503
262 2509
263 2515
264 2521
265 2527
266 2533
267 2539
268 2545
269 2551
270 2557
271 2563
272 2569
273 2575
274 2581
275 2587
276 2593
277 2599
278 2605
279 2611
280 2617
281 2623
282 2629
283 2635
284 2641
285 2647
286 2653
287 2659
288 2665
289 2671
290 2677
291 2683
292 2689
293 2695
294 2701
295 2707
296 2713
297 2719
298 2725
299 2731
300 2737
301 2743
302 2749
303 2755
304 2761
305 2767
306 2773
307 2779
308 2785
309 2791
310 2797
311 2803
312 2809
313 2815
314 2821
315 2827
316 2833
317 2839
318 2845
319 2851
320 2857
321 2863
322 2869
323 2875
324 2881
325 2887
326 2893
327 2899
328 2905
329 2911
330 2917
331 2923
332 2929
333 2935
334 2941
335 2947
336 2953
337 2959
338 2965
339 2971
340 2977
341 2983
342 2989
343 2995
344 3001
345 3007
346 3013
347 3019
348 3025
349 3031
350 3037
351 3043
352 3049
353 3055
354 3061
355 3067
356 3073
357 3079
358 3085
359 3091
360 3097
361 3103
362 3109
363 3115
364 3121
365 3127
366 3133
367 3139
368 3145
369 3151
370 3157
371 3163
372 3169
373 3175
374 3181
375 3187
376 3193
377 3199
378 3205
379 3211
380 3217
381 3223
382 3229
383 3235
384 3241
385 3247
386 3253
387 3259
388 3265
389 3271
390 3277
391 3283
392 3289
393 3295
394 3301
395 3307
396 3313
397 3319
398 3325
399 3331
400 3337
401 3343
402 3349
403 3355
404 3361
405 3367
406 3373
407 3379
408 3385
409 3391
410 3397
411 3403
412 3409
413 3415
414 3421
415 3427
416 3433
417 3439
418 3445
419 3451
420 3457
421 3463
422 3469
423 3475
424 3481
425 3487
426 3493
427 3499
428 3505
429 3511
430 3517
431 3523
432 3529
433 3535
434 3541
435 3547
436 3553
437 3559
438 3565
439 3571
440 3577
441 3583
442 3589
443 3595
444 3601
445 3607
446 3613
447 3619
448 3625
449 3631
450 3637
451 3643
452 3649
453 3655
454 3661
455 3667
456 3673
457 3679
458 3685
459 3691
460 3697
461 3703
462 3709
463 3715
464 3721
465 3727
466 3733
467 3739
468 3745
469 3751
470 3757
471 3763
472 3769
473 3775
474 3781
475 3787
476 3793
477 3799
478 3805
479 3811
480 3817
481 3823
482 3829
483 3835
484 3841
485 3847
486 3853
487 3859
488 3865
489 3871
490 3877
491 3883
492 3889
493 3895
494 3901
495 3907
496 3913
497 3919
498 3925
499 3931
500 3937
501 3943
502 3949
503 3955
504 3961
505 3967
506 3973
507 3979
508 3985
509 3991
510 3997
511 4003
512 4009
513 4015
514 4021
515 4027
516 4033
517 4039
518 4045
519 4051
520 4057
521 4063
522 4069
523 4075
524 4081
525 4087
526 4093
527 4099
528 4105
529 4111
530 4117
531 4123
532 4129
533 4135
534 4141
535 4147
536 4153
537 4159
538 4165
539 4171
540 4177
541 4183
542 4189
543 4195
544 4201
545 4207
546 4213
547 4219
548 4225
549 4231
550 4237
551 4243
552 4249
553 4255
554 4261
555 4267
556 4273
557 4279
558 4285
559 4291
560 4297
561 4303
562 4309
563 4315
564 4321
565 4327
566 4333
567 4339
568 4345
569 4351
570 4357
571 4363
572 4369
573 4375
574 4381
575 4387
576 4393
577 4399
578 4405
579 4411
580 4417
581 4423
582 4429
583 4435
584 4441
585 4447
586 4453
587 4459
588 4465
589 4471
590 4477
591 4483
592 4489
593 4495
594 4501
595 4507
596 4513
597 4519
598 4525
599 4531
600 4537
601 4543
602 4549
603 4555
604 4561
605 4567
606 4573
607 4579
608 4585
609 4591
610 4597
611 4603
612 4609
613 4615
614 4621
615 4627
616 4633
617 4639
618 4645
619 4651
620 4657
621 4663
622 4669
623 4675
624 4681
625 4687
626 4693
627 4699
628 4705
629 4711
630 4717
631 4723
632 4729
633 4735
634 4741
635 4747
636 4753
637 4759
638 4765
639 4771
640 4777
641 4783
642 4789
643 4795
644 4801
645 4807
646 4813
647 4819
648 4825
649 4831
650 4837
651 4843
652 4849
653 4855
654 4856
655 4862
656 4868
657 4874
663 4877
664 4881
665 4884
666 4890
667 4895
668 4901
669 4904
670 4907
671 4913
672 4919
673 4925
674 4931
675 4937
676 4943
677 4949
678 4955
679 4961
680 4967
681 4973
682 4979
683 4985
684 4991
685 4997
686 5003
687 5009
688 5015
689 5021
690 5027
691 5033
692 5039
693 5045
694 5051
695 5057
696 5063
697 5069
698 5075
699 5081
700 5087
701 5093
702 5099
703 5105
704 5111
705 5117
706 5123
707 5129
708 5135
709 5141
710 5147
711 5153
712 5159
713 5165
714 5171
715 5177
716 5183
717 5189
718 5195
719 5201
720 5207
721 5213
722 5219
723 5225
724 5231
725 5237
726 5243
727 5249
728 5255
729 5261
730 5267
731 5273
732 5279
733 5285
734 5291
735 5297
736 5303
737 5309
738 5315
739 5321
740 5327
741 5333
742 5339
743 5345
744 5351
745 5357
746 5363
747 5369
748 5375
749 5381
750 5387
751 5393
752 5399
753 5405
754 5411
755 5417
756 5423
757 5429
758 5435
759 5441
760 5447
761 5453
762 5459
763 5465
764 5471
765 5477
766 5483
767 5489
768 5495
769 5501
770 5507
771 5513
772 5519
773 5525
774 5531
775 5537
776 5543
777 5549
778 5555
779 5561
780 5567
781 5573
782 5579
783 5585
784 5591
785 5597
786 5603
787 5609
788 5615
789 5621
790 5627
791 5633
792 5639
793 5645
794 5651
795 5657
796 5663
797 5669
798 5675
799 5681
800 5687
801 5693
802 5699
805 5704
808 5705
809 5710
811 5714
812 5719
813 5725
814 5731
815 5737
816 5743
817 5749
818 5755
819 5761
820 5767
821 5773
822 5779
823 5785
824 5791
825 5797
826 5803
827 5809
828 5815
829 5821
830 5827
831 5833
832 5839
833 5842
834 5848
835 5854
836 5860
837 5866
838 5872
839 5878
840 5884
841 5890
842 5896
843 5902
844 5908
845 5914
846 5920
847 5926
848 5932
849 5938
850 5944
851 5950
852 5956
853 5962
854 5968
855 5974
856 5980
857 5986
858 5992
859 5998
860 6004
861 6010
862 6016
863 6022
864 6028
865 6034
866 6040
867 6046
868 6052
869 6058
870 6064
871 6070
872 6076
873 6082
874 6088
875 6094
876 6100
877 6106
878 6112
879 6118
880 6124
881 6130
882 6136
883 6142
884 6148
885 6154
886 6160
887 6166
888 6172
889 6178
890 6184
891 6190
892 6196
893 6202
894 6208
895 6214
896 6220
897 6226
898 6232
899 6238
900 6244
901 6250
902 6256
903 6262
904 6268
905 6274
906 6280
907 6286
908 6292
909 6298
910 6304
911 6310
912 6316
913 6322
914 6328
915 6334
916 6340
917 6346
918 6352
919 6358
920 6364
921 6370
922 6376
923 6382
924 6388
925 6394
926 6400
927 6406
928 6412
929 6418
930 6424
931 6430
932 6436
933 6442
934 6448
935 6454
936 6460
937 6466
938 6472
939 6478
940 6484
941 6490
942 6496
943 6502
944 6508
945 6514
946 6520
947 6526
948 6532
949 6538
950 6544
951 6550
952 6556
953 6562
954 6567
955 6569
956 6575
957 6581
958 6587
959 6593
961 6600
962 6606
963 6612
964 6618
965 6624
966 6630
967 6636
968 6642
969 6648
970 6654
971 6660
972 6666
973 6672
974 6678
975 6684
976 6691
977 6697
978 6703
979 6709
980 6715
981 6721
982 6727
983 6733
984 6738
985 6744
986 6750
987 6756
988 6762
989 6768
990 6774
991 6780
992 6786
993 6792
994 6798
995 6804
996 6810
997 6816
998 6822
999 6828
1000 6834
1001 6840
1002 6846
1003 6852
1004 6858
1005 6864
1006 6870
1007 6876
1008 6882
1009 6888
1010 6894
1011 6900
1012 6906
1013 6912
1014 6918
1015 6924
1016 6930
1017 6936
1018 6942
1019 6948
1020 6954
1021 6960
1022 6966
1023 6972
1024 6978
1025 6985
1026 6991
1027 6997
1028 7003
1029 7009
1030 7015
1031 7021
1032 7027
1033 7033
1034 7039
1035 7045
1036 7051
1037 7057
1038 7063
1039 7069
1040 7075
1041 7080
1042 7086
1043 7092
1044 7098
1045 7104
1046 7110
1047 7116
1048 7122
1049 7128
1050 7134
1051 7140
1052 7146
1053 7152
1054 7158
1055 7164
1056 7170
1057 7176
1058 7182
1059 7188
1060 7194
1061 7200
1062 7206
1063 7212
1064 7218
1065 7224
1066 7230
1067 7236
1068 7242
1069 7248
1070 7254
1071 7260
1072 7266
1073 7272
1074 7278
1075 7284
1076 7290
1077 7296
1078 7302
1079 7308
1080 7314
1081 7320
1082 7326
1083 7332
1084 7338
1085 7344
1086 7350
1087 7356
1088 7362
1089 7368
1090 7374
1091 7380
1092 7386
1093 7392
1094 7398
1095 7404
1096 7410
1097 7416
1098 7422
1099 7428
1100 7434
1101 7440
1102 7446
1103 7452
1104 7458
1105 7464
1106 7470
1107 7476
1108 7482
1109 7488
1110 7494
1111 7500
1112 7506
1113 7512
1114 7518
1115 7524
1116 7530
1117 7536
1118 7542
1119 7548
1120 7554
1121 7560
1122 7566
1123 7572
1124 7578
1125 7584
1126 7590
1127 7596
1128 7602
1129 7608
1130 7614
1131 7620
1132 7626
1133 7632
1134 7638
1135 7644
1152 7645
1153 7649
1154 7655
1155 7661
1156 7667
1157 7673
1158 7679
1159 7685
1160 7691
1161 7697
1162 7703
1163 7706
1164 7712
1165 7718
1166 7724
1167 7730
1168 7736
1169 7742
1170 7748
1171 7754
1172 7761
1173 7767
1174 7773
1175 7779
1176 7785
1177 7791
1178 7797
1179 7803
1180 7809
1181 7815
1182 7821
1183 7827
1184 7833
1185 7839
1186 7845
1187 7851
1188 7857
1189 7863
1190 7869
1191 7875
1192 7881
1193 7887
1194 7893
1195 7899
1196 7905
1197 7911
1198 7917
1199 7923
1200 7929
1201 7935
1202 7941
1203 7947
1204 7953
1205 7958
1206 7964
1207 7970
1208 7976
1209 7982
1210 7988
1211 7994
1212 8000
1213 8007
1214 8013
1215 8019
1216 8025
1217 8031
1218 8037
1219 8043
1220 8049
1221 8055
1222 8061
1223 8067
1224 8073
1225 8079
1226 8085
1227 8091
1228 8097
1229 8102
1230 8108
1231 8114
1232 8120
1233 8126
1234 8132
1235 8138
1236 8144
1237 8150
1238 8156
1239 8162
1240 8168
1241 8174
1242 8180
1243 8186
1244 8192
1245 8198
1246 8204
1247 8210
1248 8216
1249 8222
1250 8228
1251 8234
1252 8240
1253 8246
1254 8253
1255 8259
1256 8265
1257 8271
1258 8277
1259 8283
1260 8289
1261 8295
1262 8300
1263 8306
1264 8312
1265 8318
1266 8324
1267 8330
1268 8336
1269 8342
1270 8348
1271 8354
1272 8360
1273 8366
1274 8372
1275 8378
1276 8384
1277 8390
1278 8396
1279 8402
1280 8408
1281 8414
1282 8420
1283 8426
1284 8432
1285 8438
1286 8444
1287 8450
1288 8455
1289 8459
1290 8465
1291 8471
1292 8477
1293 8483
1294 8489
1295 8495
1296 8501
1297 8507
1298 8513
1299 8519
1300 8525
1301 8531
1302 8537
1303 8543
1304 8549
1305 8555
1306 8561
1307 8567
1308 8573
1309 8579
1310 8585
1311 8592
1312 8598
1313 8604
1314 8610
1315 8616
1316 8622
1317 8628
1318 8634
1319 8640
1320 8646
1321 8652
1322 8658
1323 8664
1324 8670
1325 8676
1326 8682
1327 8687
1328 8693
1329 8699
1330 8705
1331 8711
1332 8717
1333 8723
1334 8729
1335 8735
1336 8742
1337 8748
1338 8754
1339 8760
1340 8766
1341 8772
1342 8778
1343 8784
1344 8790
1345 8796
1346 8802
1347 8808
1348 8814
1349 8820
1350 8826
1351 8832
1352 8838
1353 8844
1354 8850
1355 8856
1356 8862
1357 8868
1358 8874
1359 8880
1360 8886
1361 8892
1362 8898
1363 8904
1364 8910
1365 8916
1366 8922
1367 8928
1368 8934
1369 8940
1370 8946
1371 8952
1372 8958
1373 8964
1374 8970
1375 8976
1376 8982
1377 8988
1378 8994
1379 9000
1380 9006
1381 9012
1382 9018
1383 9024
1384 9030
1385 9036
1386 9042
1387 9048
1388 9054
1389 9060
1390 9066
1391 9072
1392 9078
1393 9084
1394 9090
1395 9096
1396 9102
1397 9108
1398 9114
1399 9120
1400 9126
1401 9132
1402 9138
1403 9144
1404 9150
1405 9156
1406 9162
1407 9168
1408 9174
1409 9180
1410 9186
1411 9192
1412 9198
1413 9204
1414 9210
1415 9216
1416 9222
1417 9228
1418 9234
1419 9240
1420 9246
1421 9252
1422 9258
1423 9264
1424 9270
1425 9276
1426 9282
1427 9288
1428 9294
1429 9300
1430 9306
1431 9312
1432 9318
1433 9324
1434 9330
1435 9336
1436 9342
1437 9348
1438 9354
1439 9360
1440 9366
1441 9372
1442 9378
1443 9384
1444 9390
1445 9396
1446 9402
1447 9408
1448 9414
1449 9420
1450 9426
1451 9432
1452 9438
1453 9444
1454 9450
1455 9456
1456 9462
1457 9468
1458 9474
1459 9480
1460 9486
1461 9492
1462 9498
1463 9504
1464 9510
1465 9516
1466 9522
1467 9527
1468 9531
1469 9537
1470 9543
1471 9549
1472 9555
1473 9561
1474 9567
1475 9573
1476 9579
1477 9585
1478 9591
1479 9597
1480 9603
1481 9609
1482 9615
1483 9621
1484 9627
1485 9633
1486 9639
1487 9645
1488 9651
1489 9657
1490 9663
1491 9669
1492 9675
1493 9681
1494 9687
1495 9693
1496 9699
1497 9705
1498 9711
1499 9717
1500 9723
1501 9729
1502 9735
1503 9741
1504 9747
1505 9753
1506 9759
1507 9765
1508 9771
1509 9777
1510 9783
1511 9789
1512 9795
1513 9801
1514 9807
1515 9813
1516 9819
1517 9825
1518 9831
1519 9837
1520 9843
1521 9849
1522 9855
1523 9861
1524 9867
1525 9873
1526 9879
1527 9885
1528 9891
1529 9897
1530 9903
1531 9909
1532 9915
1533 9921
1534 9927
1535 9933
1536 9939
1537 9945
1538 9951
1539 9957
1540 9962
1541 9968
1542 9974
1543 9980
1544 9986
1545 9992
1546 9998
1547 10004
1548 10011
1549 10017
1550 10023
1551 10029
1552 10035
1553 10041
1554 10047
1555 10053
1556 10059
1557 10065
1558 10071
1559 10077
1560 10083
1561 10089
1562 10095
1563 10101
1564 10106
1565 10112
1566 10118
1567 10124
1568 10130
1569 10136
1570 10142
1571 10148
1572 10155
1573 10161
1574 10167
1575 10173
1576 10179
1577 10185
1578 10191
1579 10197
1580 10203
1581 10209
1582 10215
1583 10221
1584 10227
1585 10233
1586 10239
1587 10245
1588 10251
1589 10257
1590 10263
1591 10269
1592 10275
1593 10281
1594 10287
1595 10293
1596 10299
1597 10305
1598 10311
1599 10317
1600 10323
1601 10329
1602 10335
1603 10341
1604 10347
1605 10353
1606 10359
1607 10365
1608 10371
1609 10377
1610 10383
1611 10389
1612 10395
1613 10401
1614 10407
1615 10413
1616 10419
1617 10425
1618 10431
1619 10437
1620 10443
1621 10449
1622 10455
1623 10461
1624 10467
1625 10473
1626 10479
1627 10485
1628 10491
1629 10497
1630 10503
1631 10509
1632 10515
1633 10521
1634 10527
1635 10533
1636 10539
1637 10545
1638 10551
1639 10557
1640 10563
1641 10569
1642 10575
1643 10581
1644 10587
1645 10593
1646 10599
1647 10605
1648 10611
1649 10617
1650 10623
1651 10629
1652 10635
1653 10641
1654 10647
1655 10653
1656 10659
1657 10665
1658 10671
1659 10677
1660 10683
1661 10689
1662 10695
1663 10701
1664 10707
1665 10713
1666 10719
1667 10725
1668 10731
1669 10737
1670 10743
1671 10749
1672 10755
1673 10761
1674 10767
1675 10773
1676 10779
1677 10785
1678 10791
1679 10797
1680 10803
1681 10809
1682 10815
1683 10821
1684 10827
1685 10833
1686 10839
1687 10845
1688 10851
1689 10857
1690 10863
1691 10869
1692 10875
1693 10881
1694 10887
1695 10893
1696 10899
1697 10905
1698 10911
1699 10917
1700 10923
1701 10929
1702 10935
1703 10941
1704 10947
1705 10953
1706 10959
1707 10965
1708 10971
1709 10977
1710 10983
1711 10989
1712 10995
1713 11001
1714 11007
1715 11013
1716 11019
1717 11025
1718 11031
1719 11037
1720 11043
1721 11049
1722 11055
1723 11061
1724 11067
1725 11073
1726 11079
1727 11085
1728 11091
1729 11097
1730 11103
1731 11109
1732 11115
1733 11121
1734 11127
1735 11133
1736 11139
1737 11145
1738 11151
1739 11157
1740 11163
1741 11169
1742 11175
1743 11181
1744 11187
1745 11193
1746 11199
1747 11205
1748 11211
1749 11217
1750 11223
1751 11229
1752 11235
1753 11241
1754 11247
1755 11253
1756 11259
1757 11265
1758 11271
1759 11277
1760 11283
1761 11289
1762 11295
1763 11301
1764 11307
1765 11313
1766 11319
1767 11325
1768 11331
1769 11337
1770 11343
1771 11349
1772 11355
1773 11361
1774 11367
1775 11373
1776 11379
1777 11385
1778 11391
1779 11397
1780 11403
1781 11409
1782 11415
1783 11421
1784 11427
1785 11433
1786 11439
1787 11445
1788 11451
1789 11457
1790 11463
1791 11469
1792 11475
1793 11481
1794 11487
1795 11493
1796 11499
1797 11505
1798 11511
1799 11517
1800 11523
1801 11529
1802 11535
1803 11541
1804 11547
1805 11553
1806 11559
1807 11565
1808 11571
1809 11577
1810 11583
1832 11589
1833 11595
1834 11601
1835 11607
1836 11613
1837 11619
1838 11625
1839 11631
1840 11637
1841 11643
1842 11649
1843 11655
1844 11661
1845 11667
1846 11673
1847 11679
1848 11685
1849 11691
1850 11697
1851 11703
1852 11709
1853 11715
1854 11721
1855 11727
1856 11733
1857 11739
1858 11745
1859 11751
1860 11757
1861 11763
1862 11769
1863 11775
1864 11781
1865 11787
1866 11793
1867 11799
1868 11805
1869 11811
1870 11817
1871 11823
1872 11829
1873 11835
1874 11841
1875 11847
1876 11853
1877 11859
1878 11865
1879 11871
1880 11877
1881 11883
1882 11889
1883 11895
1884 11901
1885 11907
1886 11913
1887 11919
1888 11925
1889 11931
1890 11937
1891 11943
1892 11949
1893 11955
1894 11961
1895 11967
1896 11973
1897 11979
1898 11985
1899 11991
1900 11997
1901 12003
1902 12009
1903 12015
1904 12021
1905 12027
1906 12033
1907 12039
1908 12045
1909 12051
1910 12057
1911 12063
1912 12069
1913 12075
1914 12081
1915 12087
1916 12093
1917 12099
1918 12105
1919 12111
1920 12117
1921 12123
1922 12129
1923 12135
1924 12141
1925 12147
1926 12153
1927 12159
1928 12165
1929 12171
1930 12177
1931 12183
1932 12189
1933 12195
1934 12201
1935 12207
1936 12213
1937 12219
1938 12225
1939 12231
1940 12237
1941 12243
1942 12249
1943 12255
1944 12261
1945 12267
1946 12273
1947 12279
1948 12285
1949 12291
1950 12297
1951 12303
1952 12309
1953 12315
1954 12321
1955 12327
1956 12333
1957 12339
1958 12345
1959 12351
1960 12357
1961 12363
1962 12369
1963 12375
1964 12381
1965 12387
1966 12393
1967 12399
1968 12405
1969 12411
1970 12417
1971 12423
1972 12429
1973 12435
1974 12441
1975 12447
1976 12453
1977 12459
1978 12465
1979 12471
1980 12477
1981 12483
1982 12489
1983 12495
1984 12501
1985 12507
1986 12513
1987 12519
1988 12525
1989 12531
1990 12537
1991 12543
1992 12549
1993 12555
1994 12561
1995 12567
1996 12573
1997 12579
1998 12585
1999 12591
2000 12597
2001 12603
2002 12609
2003 12615
2004 12621
2005 12627
2006 12633
2007 12639
2008 12645
2009 12651
2010 12657
2011 12663
2012 12669
2013 12675
2014 12681
2015 12687
2016 12693
2017 12699
2018 12705
2019 12711
2020 12717
2021 12723
2022 12729
2023 12735
2024 12741
2025 12747
2026 12753
2027 12759
2028 12765
2029 12771
2030 12777
2031 12783
2032 12789
2033 12795
2034 12801
2035 12807
2036 12810
2037 12815
2038 12821
2039 12827
2040 12833
2041 12839
2042 12845
2043 12851
2044 12857
2045 12863
2046 12869
2047 12875
2048 12881
2049 12887
2050 12893
2051 12899
2052 12905
2053 12908
2054 12914
2055 12920
2056 12926
2057 12932
2058 12938
2059 12944
2060 12950
2061 12956
2062 12962
2063 12968
2064 12974
2065 12980
2066 12986
2067 12992
2068 12998
2069 13004
2070 13010
2071 13016
2072 13022
2073 13028
2074 13034
2075 13040
2076 13046
2077 13052
2078 13058
2079 13064
2080 13070
2081 13076
2082 13082
2083 13088
2084 13094
2085 13100
2086 13106
2087 13112
2088 13118
2089 13124
2090 13130
2091 13136
2092 13142
2093 13148
2094 13154
2095 13160
2096 13166
2097 13172
2098 13178
2099 13184
2100 13190
2101 13196
2102 13202
2103 13208
2104 13214
2105 13220
2106 13226
2107 13232
2108 13238
2109 13244
2110 13250
2111 13256
2112 13262
2113 13268
2114 13274
2115 13280
2116 13286
2117 13292
2118 13298
2119 13304
2120 13310
2121 13316
2122 13322
2123 13328
2124 13334
2125 13340
2126 13346
2127 13352
2128 13358
2129 13364
2130 13370
2131 13376
2132 13382
2133 13388
2134 13394
2135 13400
2136 13406
2137 13412
2138 13418
2139 13424
2140 13430
2141 13436
2142 13442
2143 13448
2144 13454
2145 13460
2146 13466
2147 13472
2148 13478
2149 13484
2150 13490
2151 13496
2152 13502
2153 13508
2154 13514
2155 13520
2156 13526
2157 13532
2158 13538
2159 13544
2160 13550
2161 13556
2162 13562
2163 13568
2164 13574
2165 13580
2166 13586
2167 13592
2168 13598
2169 13604
2170 13610
2171 13616
2172 13622
2173 13628
2174 13634
2175 13640
2176 13646
2177 13652
2178 13658
2179 13664
2180 13670
2181 13676
2182 13682
2183 13688
2184 13694
2185 13700
2186 13706
2187 13712
2188 13718
2189 13724
2190 13730
2191 13736
2192 13742
2193 13748
2194 13754
2195 13760
2196 13766
2197 13772
2198 13778
2199 13784
2200 13790
2201 13796
2202 13802
2203 13808
2204 13814
2205 13820
2206 13826
2207 13832
2208 13838
2209 13844
2210 13850
2211 13856
2212 13862
2213 13868
2214 13874
2215 13880
2216 13886
2217 13892
2218 13898
2219 13904
2220 13910
2221 13916
2222 13922
2223 13928
2224 13934
2225 13940
2226 13946
2227 13952
2228 13958
2229 13964
2230 13967
2231 13973
2232 13979
2233 13985
2234 13988
2235 13994
2236 14000
2237 14006
2238 14012
2239 14018
2240 14024
2241 14027
2242 14033
2243 14039
2244 14045
2245 14051
2246 14057
2247 14063
2248 14069
2249 14075
2250 14081
2251 14087
2252 14093
2253 14099
2254 14105
2255 14111
2256 14117
2257 14122
2258 14123
2259 14124
2260 14125
2261 14126
2262 14130
2263 14136
2264 14139
2265 14145
2266 14151
2267 14157
2268 14163
2269 14169
2270 14175
2271 14181
2272 14187
2273 14193
2274 14199
2275 14205
2276 14211
2277 14217
2278 14223
2279 14229
2280 14235
2281 14241
2282 14247
2283 14253
2284 14259
2285 14265
2286 14271
2287 14277
2288 14283
2289 14289
2290 14295
2291 14301
2292 14307
2293 14313
2294 14319
2295 14325
2296 14331
2297 14337
2298 14343
2299 14349
2300 14355
2301 14361
2302 14367
2303 14373
2304 14379
2305 14385
2306 14391
2307 14397
2308 14403
2309 14409
2310 14415
2311 14421
2312 14427
2313 14433
2314 14439
2315 14445
2316 14451
2317 14457
2318 14463
2319 14469
2320 14475
2321 14481
2322 14487
2323 14493
2324 14499
2325 14505
2326 14511
2327 14517
2328 14523
2329 14529
2330 14535
2331 14541
2332 14547
2333 14553
2334 14559
2335 14565
2336 14571
2337 14577
2338 14583
2339 14589
2340 14595
2341 14601
2342 14607
2343 14613
2344 14619
2345 14625
2346 14631
2347 14637
2348 14643
2349 14649
2350 14655
2351 14661
2352 14667
2353 14673
2354 14679
2355 14685
2356 14691
2357 14697
2358 14703
2359 14709
2360 14715
2361 14721
2362 14727
2363 14733
2364 14739
2365 14745
2366 14751
2367 14757
2368 14763
2369 14769
2370 14775
2371 14781
2372 14787
2373 14793
2374 14799
2375 14805
2376 14811
2377 14817
2378 14823
2379 14829
2380 14835
2381 14841
2382 14847
2383 14853
2384 14859
2385 14865
2386 14871
2387 14877
2388 14883
2389 14889
2390 14895
2391 14901
2392 14907
2393 14913
2394 14919
2395 14925
2396 14931
2397 14937
2398 14943
2399 14949
2400 14955
2401 14961
2402 14967
2403 14973
2404 14979
2405 14985
2406 14991
2407 14997
2408 15003
2409 15009
2410 15015
2411 15021
2412 15027
2413 15033
2414 15039
2415 15045
2416 15051
2417 15057
2418 15063
2419 15069
2420 15075
2421 15081
2422 15087
2423 15093
2424 15099
2425 15105
2426 15111
2427 15117
2428 15123
2429 15129
2430 15135
2431 15141
2432 15147
2433 15153
2434 15159
2435 15165
2436 15171
2437 15177
2438 15183
2439 15189
2440 15195
2441 15201
2442 15207
2443 15213
2444 15219
2445 15225
2446 15231
2447 15237
2448 15243
2449 15249
2450 15255
2451 15261
2452 15267
2453 15273
2454 15279
2455 15285
2456 15291
2457 15297
2458 15303
2459 15309
2460 15315
2461 15321
2462 15327
2463 15333
2464 15339
2465 15345
2466 15351
2467 15357
2468 15363
2469 15369
2470 15375
2471 15381
2472 15387
2473 15393
2474 15399
2475 15405
2476 15411
2477 15417
2478 15423
2479 15429
2480 15435
2481 15441
2482 15447
2483 15453
2484 15459
2485 15465
2486 15471
2487 15477
2488 15483
2489 15489
2490 15495
2491 15501
2492 15507
2493 15513
2494 15519
2495 15525
2496 15531
2497 15537
2498 15543
2499 15549
2500 15555
2501 15561
2502 15567
2503 15573
2504 15579
2505 15585
2506 15591
2507 15597
2508 15603
2509 15609
2510 15615
2511 15621
2512 15627
2513 15633
2514 15639
2515 15645
2516 15651
2517 15657
2518 15663
2519 15669
2520 15675
2521 15681
2522 15687
2523 15693
2524 15699
2525 15705
2526 15711
2527 15717
2528 15723
2529 15729
2530 15735
2531 15741
2532 15747
2533 15753
2534 15759
2535 15765
2536 15771
2537 15777
2538 15783
2539 15789
2540 15795
2541 15801
2542 15807
2543 15813
2544 15819
2545 15825
2546 15831
2547 15837
2548 15843
2549 15849
2550 15855
2551 15861
2552 15867
2553 15873
2554 15879
2555 15885
2556 15891
2557 15897
2558 15903
2559 15909
2560 15915
2561 15921
2562 15927
2563 15933
2564 15939
2565 15945
2566 15951
2567 15957
2568 15963
2569 15969
2570 15975
2571 15981
2572 15987
2573 15993
2574 15999
2575 16005
2576 16011
2577 16017
2578 16023
2579 16029
2580 16035
2581 16041
2582 16047
2583 16053
2584 16059
2585 16065
2586 16071
2587 16077
2588 16083
2589 16089
2590 16095
2591 16101
2592 16107
2593 16113
2594 16119
2595 16125
2596 16131
2597 16137
2598 16143
2599 16149
2600 16155
2601 16161
2602 16167
2603 16173
2604 16179
2605 16185
2606 16191
2607 16197
2608 16203
2609 16209
2610 16215
2611 16221
2612 16227
2613 16233
2614 16239
2615 16245
2616 16251
2617 16257
2618 16263
2619 16269
2620 16275
2621 16281
2622 16287
2623 16293
2624 16299
2625 16305
2626 16311
2627 16317
2628 16323
2629 16329
2630 16335
2631 16341
2632 16347
2633 16353
2634 16359
2635 16365
2636 16371
2637 16377
2638 16383
2639 16389
2640 16395
2641 16401
2642 16407
2643 16413
2644 16419
2645 16425
2646 16431
2647 16437
2648 16443
2649 16449
2650 16455
2651 16461
2652 16467
2653 16473
2654 16479
2655 16485
2656 16491
2657 16497
2658 16503
2659 16509
2660 16515
2661 16521
2662 16527
2663 16533
2664 16539
