0 613
1 619
2 625
3 631
4 637
5 643
6 649
7 655
8 661
9 667
10 673
11 679
12 685
13 691
14 697
15 703
16 709
17 715
18 721
19 727
20 733
21 739
22 745
23 751
24 757
25 763
26 769
27 775
28 781
29 787
30 793
31 799
32 805
33 811
34 817
35 823
36 829
37 835
38 841
39 847
40 853
41 859
42 865
43 871
44 877
45 883
46 889
47 895
48 901
49 907
50 913
51 919
52 925
53 931
54 937
55 943
56 949
57 955
58 961
59 967
60 973
61 979
62 985
63 991
64 997
65 1003
66 1009
67 1015
68 1021
69 1027
70 1033
71 1039
72 1045
73 1051
74 1057
75 1063
76 1069
77 1075
78 1081
79 1087
80 1093
81 1099
82 1105
83 1111
84 1117
85 1123
86 1129
87 1135
88 1141
89 1147
90 1153
91 1159
92 1165
93 1171
94 1177
95 1183
96 1189
97 1195
98 1201
99 1207
100 1213
101 1219
102 1225
103 1231
104 1237
105 1243
106 1249
107 1255
108 1261
109 1267
110 1273
111 1279
112 1285
113 1291
114 1297
115 1303
116 1309
117 1315
118 1321
119 1327
120 1333
121 1339
122 1345
123 1351
124 1357
125 1363
126 1369
127 1375
128 1381
129 1387
130 1393
131 1399
132 1405
133 1411
134 1417
135 1423
136 1429
137 1435
138 1441
139 1447
140 1453
141 1459
142 1465
143 1471
144 1477
145 1483
146 1489
147 1495
148 1501
149 1507
150 1513
151 1519
152 1525
153 1531
154 1537
155 1543
156 1549
157 1555
158 1561
159 1567
160 1573
161 1579
162 1585
163 1591
164 1597
165 1603
166 1609
167 1615
168 1621
169 1627
170 1633
171 1639
172 1645
173 1651
174 1657
175 1663
176 1669
177 1675
178 1681
179 1687
180 1693
181 1699
182 1705
183 1711
184 1717
185 1723
186 1729
187 1735
188 1741
189 1747
190 1753
191 1759
192 1765
193 1771
194 1777
195 1783
196 1789
197 1795
198 1801
199 1807
200 1813
201 1819
202 1825
203 1831
204 1837
205 1843
206 1849
207 1855
208 1861
209 1867
210 1873
211 1879
212 1885
213 1891
214 1897
215 1903
216 1909
217 1915
218 1921
219 1927
220 1933
221 1939
222 1945
223 1951
224 1957
225 1963
226 1969
227 1975
228 1981
229 1987
230 1993
231 1999
232 2005
233 2011
234 2017
235 2023
236 2029
237 2035
238 2041
239 2047
240 2053
241 2059
242 2065
243 2071
244 2077
245 2083
246 2089
247 2095
248 2101
249 2107
250 2113
251 2119
252 2125
253 2131
254 2137
255 2143
256 2149
257 2155
258 2161
259 2167
260 2173
261 2179
262 2185
263 2191
264 2197
265 2203
266 2209
267 2215
268 2221
269 2227
270 2233
271 2239
272 2245
273 2251
274 2257
275 2263
276 2269
277 2275
278 2281
279 2287
280 2293
281 2299
282 2305
283 2311
284 2317
285 2323
286 2329
287 2335
288 2341
289 2347
290 2353
291 2359
292 2365
293 2371
294 2377
295 2383
296 2389
297 2395
298 2401
299 2407
300 2413
301 2419
302 2425
303 2431
304 2437
305 2443
306 2449
307 2455
308 2461
309 2467
310 2473
311 2479
312 2485
313 2491
314 2497
315 2503
316 2509
317 2515
318 2521
319 2527
320 2533
321 2539
322 2545
323 2551
324 2557
325 2563
326 2569
327 2575
328 2581
329 2587
330 2593
331 2599
332 2605
333 2611
334 2617
335 2623
336 2629
337 2635
338 2641
339 2647
340 2653
341 2659
342 2665
343 2671
344 2677
345 2683
346 2689
347 2695
348 2701
349 2707
350 2713
351 2719
352 2725
353 2731
354 2737
355 2743
356 2749
357 2755
358 2761
359 2767
360 2773
361 2779
362 2785
363 2791
364 2797
365 2803
366 2809
367 2815
368 2821
369 2827
370 2833
371 2839
372 2845
373 2851
374 2857
375 2863
376 2869
377 2875
378 2881
379 2887
380 2893
381 2899
382 2905
383 2911
384 2917
385 2923
386 2929
387 2935
388 2941
389 2947
390 2953
391 2959
392 2965
393 2971
394 2977
395 2983
396 2989
397 2995
398 3001
399 3007
400 3013
401 3019
402 3025
403 3031
404 3037
405 3043
406 3049
407 3055
408 3061
409 3067
410 3073
411 3079
412 3085
413 3091
414 3097
415 3103
416 3109
417 3115
418 3121
419 3127
420 3133
421 3139
422 3145
423 3151
424 3157
425 3163
426 3169
427 3175
428 3181
429 3187
430 3193
431 3199
432 3205
433 3211
434 3217
435 3223
436 3229
437 3235
438 3241
439 3247
440 3253
441 3259
442 3265
443 3271
444 3277
445 3283
446 3289
447 3295
448 3301
449 3307
450 3313
451 3319
452 3325
453 3331
454 3337
455 3343
456 3349
457 3355
458 3361
459 3367
460 3373
461 3379
462 3385
463 3391
464 3397
465 3403
466 3409
467 3415
468 3421
469 3427
470 3433
471 3439
472 3445
473 3451
474 3457
475 3463
476 3469
477 3475
478 3481
479 3487
480 3493
481 3499
482 3505
483 3511
484 3517
485 3523
486 3529
487 3535
488 3541
489 3547
490 3553
491 3559
492 3565
493 3571
494 3577
495 3583
496 3589
497 3595
498 3601
499 3607
500 3613
501 3619
502 3625
503 3631
504 3637
505 3643
506 3649
507 3655
508 3661
509 3667
510 3673
511 3679
512 3685
513 3691
514 3697
515 3703
516 3709
517 3715
518 3721
519 3727
520 3733
521 3739
522 3745
523 3751
524 3757
525 3763
526 3769
527 3775
528 3781
529 3787
530 3793
531 3799
532 3805
533 3811
534 3817
535 3823
536 3829
537 3835
538 3841
539 3847
540 3853
541 3859
542 3865
543 3871
544 3877
545 3883
546 3889
547 3895
548 3901
549 3907
550 3913
551 3919
552 3925
553 3931
554 3937
555 3943
556 3949
557 3955
558 3961
559 3967
560 3973
561 3979
562 3985
563 3991
564 3997
565 4003
566 4009
567 4015
568 4021
569 4027
570 4033
571 4039
572 4045
573 4051
574 4057
575 4063
576 4069
577 4075
578 4081
579 4087
580 4093
581 4099
582 4105
583 4111
584 4117
585 4123
586 4129
587 4135
588 4141
589 4147
590 4153
591 4159
592 4165
593 4171
594 4177
595 4183
596 4189
597 4195
598 4201
599 4207
600 4213
601 4219
602 4225
603 4231
604 4237
605 4243
606 4249
607 4255
608 4261
609 4267
610 4273
611 4279
612 4285
613 4291
614 4297
615 4303
616 4309
617 4315
618 4321
619 4327
620 4333
621 4339
622 4345
623 4351
624 4357
625 4363
626 4369
627 4375
628 4381
629 4387
630 4393
631 4399
632 4405
633 4411
634 4417
635 4423
636 4429
637 4435
638 4441
639 4447
640 4453
641 4459
642 4465
643 4471
644 4477
645 4483
646 4489
647 4495
648 4501
649 4507
650 4513
651 4519
652 4525
653 4531
654 4537
655 4543
656 4549
657 4555
658 4561
659 4567
660 4573
661 4579
662 4585
663 4591
664 4597
665 4603
666 4609
667 4615
668 4621
669 4627
670 4633
671 4639
672 4645
673 4651
674 4657
675 4663
676 4669
677 4675
678 4681
679 4687
680 4693
681 4699
682 4705
683 4711
684 4717
685 4723
686 4729
687 4735
688 4741
689 4747
690 4753
691 4759
692 4765
693 4771
694 4777
695 4783
696 4789
697 4795
698 4801
699 4807
700 4813
701 4819
702 4825
703 4831
704 4837
705 4843
706 4849
707 4855
708 4856
709 4862
710 4868
711 4874
717 4877
718 4881
719 4884
720 4890
721 4895
722 4901
723 4904
724 4907
725 4913
726 4919
727 4925
728 4931
729 4937
730 4943
731 4949
732 4955
733 4961
734 4967
735 4973
736 4979
737 4985
738 4991
739 4997
740 5003
741 5009
742 5015
743 5021
744 5027
745 5033
746 5039
747 5045
748 5051
749 5057
750 5063
751 5069
752 5075
753 5081
754 5087
755 5093
756 5099
757 5105
758 5111
759 5117
760 5123
761 5129
762 5135
763 5141
764 5147
765 5153
766 5159
767 5165
768 5171
769 5177
770 5183
771 5189
772 5195
773 5201
774 5207
775 5213
776 5219
777 5225
778 5231
779 5237
780 5243
781 5249
782 5255
783 5261
784 5267
785 5273
786 5279
787 5285
788 5291
789 5297
790 5303
791 5309
792 5315
793 5321
794 5327
795 5333
796 5339
797 5345
798 5351
799 5357
800 5363
801 5369
802 5375
803 5381
804 5387
805 5393
806 5399
807 5405
808 5411
809 5417
810 5423
811 5429
812 5435
813 5441
814 5447
815 5453
816 5459
817 5465
818 5471
819 5477
820 5483
821 5489
822 5495
823 5501
824 5507
825 5513
826 5519
827 5525
828 5531
829 5537
830 5543
831 5549
832 5555
833 5561
834 5567
835 5573
836 5579
837 5585
838 5591
839 5597
840 5603
841 5609
842 5615
843 5621
844 5627
845 5633
846 5639
847 5645
848 5651
849 5657
850 5663
851 5669
852 5675
853 5681
854 5687
855 5693
856 5699
859 5704
862 5705
863 5710
865 5714
866 5719
867 5725
868 5731
869 5737
870 5743
871 5749
872 5755
873 5761
874 5767
875 5773
876 5779
877 5785
878 5791
879 5797
880 5803
881 5809
882 5815
883 5821
884 5827
885 5833
886 5839
887 5842
888 5848
889 5854
890 5860
891 5866
892 5872
893 5878
894 5884
895 5890
896 5896
897 5902
898 5908
899 5914
900 5920
901 5926
902 5932
903 5938
904 5944
905 5950
906 5956
907 5962
908 5968
909 5974
910 5980
911 5986
912 5992
913 5998
914 6004
915 6010
916 6016
917 6022
918 6028
919 6034
920 6040
921 6046
922 6052
923 6058
924 6064
925 6070
926 6076
927 6082
928 6088
929 6094
930 6100
931 6106
932 6112
933 6118
934 6124
935 6130
936 6136
937 6142
938 6148
939 6154
940 6160
941 6166
942 6172
943 6178
944 6184
945 6190
946 6196
947 6202
948 6208
949 6214
950 6220
951 6226
952 6232
953 6238
954 6244
955 6250
956 6256
957 6262
958 6268
959 6274
960 6280
961 6286
962 6292
963 6298
964 6304
965 6310
966 6316
967 6322
968 6328
969 6334
970 6340
971 6346
972 6352
973 6358
974 6364
975 6370
976 6376
977 6382
978 6388
979 6394
980 6400
981 6406
982 6412
983 6418
984 6424
985 6430
986 6436
987 6442
988 6448
989 6454
990 6460
991 6466
992 6472
993 6478
994 6484
995 6490
996 6496
997 6502
998 6508
999 6514
1000 6520
1001 6526
1002 6532
1003 6538
1004 6544
1005 6550
1006 6556
1007 6562
1008 6567
1009 6569
1010 6575
1011 6581
1012 6587
1013 6593
1015 6600
1016 6606
1017 6612
1018 6618
1019 6624
1020 6630
1021 6636
1022 6642
1023 6648
1024 6654
1025 6660
1026 6666
1027 6672
1028 6678
1029 6684
1030 6691
1031 6697
1032 6703
1033 6709
1034 6715
1035 6721
1036 6727
1037 6733
1038 6738
1039 6744
1040 6750
1041 6756
1042 6762
1043 6768
1044 6774
1045 6780
1046 6786
1047 6792
1048 6798
1049 6804
1050 6810
1051 6816
1052 6822
1053 6828
1054 6834
1055 6840
1056 6846
1057 6852
1058 6858
1059 6864
1060 6870
1061 6876
1062 6882
1063 6888
1064 6894
1065 6900
1066 6906
1067 6912
1068 6918
1069 6924
1070 6930
1071 6936
1072 6942
1073 6948
1074 6954
1075 6960
1076 6966
1077 6972
1078 6978
1079 6985
1080 6991
1081 6997
1082 7003
1083 7009
1084 7015
1085 7021
1086 7027
1087 7033
1088 7039
1089 7045
1090 7051
1091 7057
1092 7063
1093 7069
1094 7075
1095 7080
1096 7086
1097 7092
1098 7098
1099 7104
1100 7110
1101 7116
1102 7122
1103 7128
1104 7134
1105 7140
1106 7146
1107 7152
1108 7158
1109 7164
1110 7170
1111 7176
1112 7182
1113 7188
1114 7194
1115 7200
1116 7206
1117 7212
1118 7218
1119 7224
1120 7230
1121 7236
1122 7242
1123 7248
1124 7254
1125 7260
1126 7266
1127 7272
1128 7278
1129 7284
1130 7290
1131 7296
1132 7302
1133 7308
1134 7314
1135 7320
1136 7326
1137 7332
1138 7338
1139 7344
1140 7350
1141 7356
1142 7362
1143 7368
1144 7374
1145 7380
1146 7386
1147 7392
1148 7398
1149 7404
1150 7410
1151 7416
1152 7422
1153 7428
1154 7434
1155 7440
1156 7446
1157 7452
1158 7458
1159 7464
1160 7470
1161 7476
1162 7482
1163 7488
1164 7494
1165 7500
1166 7506
1167 7512
1168 7518
1169 7524
1170 7530
1171 7536
1172 7542
1173 7548
1174 7554
1175 7560
1176 7566
1177 7572
1178 7578
1179 7584
1180 7590
1181 7596
1182 7602
1183 7608
1184 7614
1185 7620
1186 7626
1187 7632
1188 7638
1189 7644
1206 7645
1207 7649
1208 7655
1209 7661
1210 7667
1211 7673
1212 7679
1213 7685
1214 7691
1215 7697
1216 7703
1217 7706
1218 7712
1219 7718
1220 7724
1221 7730
1222 7736
1223 7742
1224 7748
1225 7754
1226 7761
1227 7767
1228 7773
1229 7779
1230 7785
1231 7791
1232 7797
1233 7803
1234 7809
1235 7815
1236 7821
1237 7827
1238 7833
1239 7839
1240 7845
1241 7851
1242 7857
1243 7863
1244 7869
1245 7875
1246 7881
1247 7887
1248 7893
1249 7899
1250 7905
1251 7911
1252 7917
1253 7923
1254 7929
1255 7935
1256 7941
1257 7947
1258 7953
1259 7958
1260 7964
1261 7970
1262 7976
1263 7982
1264 7988
1265 7994
1266 8000
1267 8007
1268 8013
1269 8019
1270 8025
1271 8031
1272 8037
1273 8043
1274 8049
1275 8055
1276 8061
1277 8067
1278 8073
1279 8079
1280 8085
1281 8091
1282 8097
1283 8102
1284 8108
1285 8114
1286 8120
1287 8126
1288 8132
1289 8138
1290 8144
1291 8150
1292 8156
1293 8162
1294 8168
1295 8174
1296 8180
1297 8186
1298 8192
1299 8198
1300 8204
1301 8210
1302 8216
1303 8222
1304 8228
1305 8234
1306 8240
1307 8246
1308 8253
1309 8259
1310 8265
1311 8271
1312 8277
1313 8283
1314 8289
1315 8295
1316 8300
1317 8306
1318 8312
1319 8318
1320 8324
1321 8330
1322 8336
1323 8342
1324 8348
1325 8354
1326 8360
1327 8366
1328 8372
1329 8378
1330 8384
1331 8390
1332 8396
1333 8402
1334 8408
1335 8414
1336 8420
1337 8426
1338 8432
1339 8438
1340 8444
1341 8450
1342 8455
1343 8459
1344 8465
1345 8471
1346 8477
1347 8483
1348 8489
1349 8495
1350 8501
1351 8507
1352 8513
1353 8519
1354 8525
1355 8531
1356 8537
1357 8543
1358 8549
1359 8555
1360 8561
1361 8567
1362 8573
1363 8579
1364 8585
1365 8592
1366 8598
1367 8604
1368 8610
1369 8616
1370 8622
1371 8628
1372 8634
1373 8640
1374 8646
1375 8652
1376 8658
1377 8664
1378 8670
1379 8676
1380 8682
1381 8687
1382 8693
1383 8699
1384 8705
1385 8711
1386 8717
1387 8723
1388 8729
1389 8735
1390 8742
1391 8748
1392 8754
1393 8760
1394 8766
1395 8772
1396 8778
1397 8784
1398 8790
1399 8796
1400 8802
1401 8808
1402 8814
1403 8820
1404 8826
1405 8832
1406 8838
1407 8844
1408 8850
1409 8856
1410 8862
1411 8868
1412 8874
1413 8880
1414 8886
1415 8892
1416 8898
1417 8904
1418 8910
1419 8916
1420 8922
1421 8928
1422 8934
1423 8940
1424 8946
1425 8952
1426 8958
1427 8964
1428 8970
1429 8976
1430 8982
1431 8988
1432 8994
1433 9000
1434 9006
1435 9012
1436 9018
1437 9024
1438 9030
1439 9036
1440 9042
1441 9048
1442 9054
1443 9060
1444 9066
1445 9072
1446 9078
1447 9084
1448 9090
1449 9096
1450 9102
1451 9108
1452 9114
1453 9120
1454 9126
1455 9132
1456 9138
1457 9144
1458 9150
1459 9156
1460 9162
1461 9168
1462 9174
1463 9180
1464 9186
1465 9192
1466 9198
1467 9204
1468 9210
1469 9216
1470 9222
1471 9228
1472 9234
1473 9240
1474 9246
1475 9252
1476 9258
1477 9264
1478 9270
1479 9276
1480 9282
1481 9288
1482 9294
1483 9300
1484 9306
1485 9312
1486 9318
1487 9324
1488 9330
1489 9336
1490 9342
1491 9348
1492 9354
1493 9360
1494 9366
1495 9372
1496 9378
1497 9384
1498 9390
1499 9396
1500 9402
1501 9408
1502 9414
1503 9420
1504 9426
1505 9432
1506 9438
1507 9444
1508 9450
1509 9456
1510 9462
1511 9468
1512 9474
1513 9480
1514 9486
1515 9492
1516 9498
1517 9504
1518 9510
1519 9516
1520 9522
1521 9527
1522 9531
1523 9537
1524 9543
1525 9549
1526 9555
1527 9561
1528 9567
1529 9573
1530 9579
1531 9585
1532 9591
1533 9597
1534 9603
1535 9609
1536 9615
1537 9621
1538 9627
1539 9633
1540 9639
1541 9645
1542 9651
1543 9657
1544 9663
1545 9669
1546 9675
1547 9681
1548 9687
1549 9693
1550 9699
1551 9705
1552 9711
1553 9717
1554 9723
1555 9729
1556 9735
1557 9741
1558 9747
1559 9753
1560 9759
1561 9765
1562 9771
1563 9777
1564 9783
1565 9789
1566 9795
1567 9801
1568 9807
1569 9813
1570 9819
1571 9825
1572 9831
1573 9837
1574 9843
1575 9849
1576 9855
1577 9861
1578 9867
1579 9873
1580 9879
1581 9885
1582 9891
1583 9897
1584 9903
1585 9909
1586 9915
1587 9921
1588 9927
1589 9933
1590 9939
1591 9945
1592 9951
1593 9957
1594 9962
1595 9968
1596 9974
1597 9980
1598 9986
1599 9992
1600 9998
1601 10004
1602 10011
1603 10017
1604 10023
1605 10029
1606 10035
1607 10041
1608 10047
1609 10053
1610 10059
1611 10065
1612 10071
1613 10077
1614 10083
1615 10089
1616 10095
1617 10101
1618 10106
1619 10112
1620 10118
1621 10124
1622 10130
1623 10136
1624 10142
1625 10148
1626 10155
1627 10161
1628 10167
1629 10173
1630 10179
1631 10185
1632 10191
1633 10197
1634 10203
1635 10209
1636 10215
1637 10221
1638 10227
1639 10233
1640 10239
1641 10245
1642 10251
1643 10257
1644 10263
1645 10269
1646 10275
1647 10281
1648 10287
1649 10293
1650 10299
1651 10305
1652 10311
1653 10317
1654 10323
1655 10329
1656 10335
1657 10341
1658 10347
1659 10353
1660 10359
1661 10365
1662 10371
1663 10377
1664 10383
1665 10389
1666 10395
1667 10401
1668 10407
1669 10413
1670 10419
1671 10425
1672 10431
1673 10437
1674 10443
1675 10449
1676 10455
1677 10461
1678 10467
1679 10473
1680 10479
1681 10485
1682 10491
1683 10497
1684 10503
1685 10509
1686 10515
1687 10521
1688 10527
1689 10533
1690 10539
1691 10545
1692 10551
1693 10557
1694 10563
1695 10569
1696 10575
1697 10581
1698 10587
1699 10593
1700 10599
1701 10605
1702 10611
1703 10617
1704 10623
1705 10629
1706 10635
1707 10641
1708 10647
1709 10653
1710 10659
1711 10665
1712 10671
1713 10677
1714 10683
1715 10689
1716 10695
1717 10701
1718 10707
1719 10713
1720 10719
1721 10725
1722 10731
1723 10737
1724 10743
1725 10749
1726 10755
1727 10761
1728 10767
1729 10773
1730 10779
1731 10785
1732 10791
1733 10797
1734 10803
1735 10809
1736 10815
1737 10821
1738 10827
1739 10833
1740 10839
1741 10845
1742 10851
1743 10857
1744 10863
1745 10869
1746 10875
1747 10881
1748 10887
1749 10893
1750 10899
1751 10905
1752 10911
1753 10917
1754 10923
1755 10929
1756 10935
1757 10941
1758 10947
1759 10953
1760 10959
1761 10965
1762 10971
1763 10977
1764 10983
1765 10989
1766 10995
1767 11001
1768 11007
1769 11013
1770 11019
1771 11025
1772 11031
1773 11037
1774 11043
1775 11049
1776 11055
1777 11061
1778 11067
1779 11073
1780 11079
1781 11085
1782 11091
1783 11097
1784 11103
1785 11109
1786 11115
1787 11121
1788 11127
1789 11133
1790 11139
1791 11145
1792 11151
1793 11157
1794 11163
1795 11169
1796 11175
1797 11181
1798 11187
1799 11193
1800 11199
1801 11205
1802 11211
1803 11217
1804 11223
1805 11229
1806 11235
1807 11241
1808 11247
1809 11253
1810 11259
1811 11265
1812 11271
1813 11277
1814 11283
1815 11289
1816 11295
1817 11301
1818 11307
1819 11313
1820 11319
1821 11325
1822 11331
1823 11337
1824 11343
1825 11349
1826 11355
1827 11361
1828 11367
1829 11373
1830 11379
1831 11385
1832 11391
1833 11397
1834 11403
1835 11409
1836 11415
1837 11421
1838 11427
1839 11433
1840 11439
1841 11445
1842 11451
1843 11457
1844 11463
1845 11469
1846 11475
1847 11481
1848 11487
1849 11493
1850 11499
1851 11505
1852 11511
1853 11517
1854 11523
1855 11529
1856 11535
1857 11541
1858 11547
1859 11553
1860 11559
1861 11565
1862 11571
1863 11577
1864 11583
1886 11589
1887 11595
1888 11601
1889 11607
1890 11613
1891 11619
1892 11625
1893 11631
1894 11637
1895 11643
1896 11649
1897 11655
1898 11661
1899 11667
1900 11673
1901 11679
1902 11685
1903 11691
1904 11697
1905 11703
1906 11709
1907 11715
1908 11721
1909 11727
1910 11733
1911 11739
1912 11745
1913 11751
1914 11757
1915 11763
1916 11769
1917 11775
1918 11781
1919 11787
1920 11793
1921 11799
1922 11805
1923 11811
1924 11817
1925 11823
1926 11829
1927 11835
1928 11841
1929 11847
1930 11853
1931 11859
1932 11865
1933 11871
1934 11877
1935 11883
1936 11889
1937 11895
1938 11901
1939 11907
1940 11913
1941 11919
1942 11925
1943 11931
1944 11937
1945 11943
1946 11949
1947 11955
1948 11961
1949 11967
1950 11973
1951 11979
1952 11985
1953 11991
1954 11997
1955 12003
1956 12009
1957 12015
1958 12021
1959 12027
1960 12033
1961 12039
1962 12045
1963 12051
1964 12057
1965 12063
1966 12069
1967 12075
1968 12081
1969 12087
1970 12093
1971 12099
1972 12105
1973 12111
1974 12117
1975 12123
1976 12129
1977 12135
1978 12141
1979 12147
1980 12153
1981 12159
1982 12165
1983 12171
1984 12177
1985 12183
1986 12189
1987 12195
1988 12201
1989 12207
1990 12213
1991 12219
1992 12225
1993 12231
1994 12237
1995 12243
1996 12249
1997 12255
1998 12261
1999 12267
2000 12273
2001 12279
2002 12285
2003 12291
2004 12297
2005 12303
2006 12309
2007 12315
2008 12321
2009 12327
2010 12333
2011 12339
2012 12345
2013 12351
2014 12357
2015 12363
2016 12369
2017 12375
2018 12381
2019 12387
2020 12393
2021 12399
2022 12405
2023 12411
2024 12417
2025 12423
2026 12429
2027 12435
2028 12441
2029 12447
2030 12453
2031 12459
2032 12465
2033 12471
2034 12477
2035 12483
2036 12489
2037 12495
2038 12501
2039 12507
2040 12513
2041 12519
2042 12525
2043 12531
2044 12537
2045 12543
2046 12549
2047 12555
2048 12561
2049 12567
2050 12573
2051 12579
2052 12585
2053 12591
2054 12597
2055 12603
2056 12609
2057 12615
2058 12621
2059 12627
2060 12633
2061 12639
2062 12645
2063 12651
2064 12657
2065 12663
2066 12669
2067 12675
2068 12681
2069 12687
2070 12693
2071 12699
2072 12705
2073 12711
2074 12717
2075 12723
2076 12729
2077 12735
2078 12741
2079 12747
2080 12753
2081 12759
2082 12765
2083 12771
2084 12777
2085 12783
2086 12789
2087 12795
2088 12801
2089 12807
2090 12810
2091 12815
2092 12821
2093 12827
2094 12833
2095 12839
2096 12845
2097 12851
2098 12857
2099 12863
2100 12869
2101 12875
2102 12881
2103 12887
2104 12893
2105 12899
2106 12905
2107 12908
2108 12914
2109 12920
2110 12926
2111 12932
2112 12938
2113 12944
2114 12950
2115 12956
2116 12962
2117 12968
2118 12974
2119 12980
2120 12986
2121 12992
2122 12998
2123 13004
2124 13010
2125 13016
2126 13022
2127 13028
2128 13034
2129 13040
2130 13046
2131 13052
2132 13058
2133 13064
2134 13070
2135 13076
2136 13082
2137 13088
2138 13094
2139 13100
2140 13106
2141 13112
2142 13118
2143 13124
2144 13130
2145 13136
2146 13142
2147 13148
2148 13154
2149 13160
2150 13166
2151 13172
2152 13178
2153 13184
2154 13190
2155 13196
2156 13202
2157 13208
2158 13214
2159 13220
2160 13226
2161 13232
2162 13238
2163 13244
2164 13250
2165 13256
2166 13262
2167 13268
2168 13274
2169 13280
2170 13286
2171 13292
2172 13298
2173 13304
2174 13310
2175 13316
2176 13322
2177 13328
2178 13334
2179 13340
2180 13346
2181 13352
2182 13358
2183 13364
2184 13370
2185 13376
2186 13382
2187 13388
2188 13394
2189 13400
2190 13406
2191 13412
2192 13418
2193 13424
2194 13430
2195 13436
2196 13442
2197 13448
2198 13454
2199 13460
2200 13466
2201 13472
2202 13478
2203 13484
2204 13490
2205 13496
2206 13502
2207 13508
2208 13514
2209 13520
2210 13526
2211 13532
2212 13538
2213 13544
2214 13550
2215 13556
2216 13562
2217 13568
2218 13574
2219 13580
2220 13586
2221 13592
2222 13598
2223 13604
2224 13610
2225 13616
2226 13622
2227 13628
2228 13634
2229 13640
2230 13646
2231 13652
2232 13658
2233 13664
2234 13670
2235 13676
2236 13682
2237 13688
2238 13694
2239 13700
2240 13706
2241 13712
2242 13718
2243 13724
2244 13730
2245 13736
2246 13742
2247 13748
2248 13754
2249 13760
2250 13766
2251 13772
2252 13778
2253 13784
2254 13790
2255 13796
2256 13802
2257 13808
2258 13814
2259 13820
2260 13826
2261 13832
2262 13838
2263 13844
2264 13850
2265 13856
2266 13862
2267 13868
2268 13874
2269 13880
2270 13886
2271 13892
2272 13898
2273 13904
2274 13910
2275 13916
2276 13922
2277 13928
2278 13934
2279 13940
2280 13946
2281 13952
2282 13958
2283 13964
2284 13967
2285 13973
2286 13979
2287 13985
2288 13988
2289 13994
2290 14000
2291 14006
2292 14012
2293 14018
2294 14024
2295 14027
2296 14033
2297 14039
2298 14045
2299 14051
2300 14057
2301 14063
2302 14069
2303 14075
2304 14081
2305 14087
2306 14093
2307 14099
2308 14105
2309 14111
2310 14117
2311 14122
2312 14123
2313 14124
2314 14125
2315 14126
2316 14130
2317 14136
2318 14139
2319 14145
2320 14151
2321 14157
2322 14163
2323 14169
2324 14175
2325 14181
2326 14187
2327 14193
2328 14199
2329 14205
2330 14211
2331 14217
2332 14223
2333 14229
2334 14235
2335 14241
2336 14247
2337 14253
2338 14259
2339 14265
2340 14271
2341 14277
2342 14283
2343 14289
2344 14295
2345 14301
2346 14307
2347 14313
2348 14319
2349 14325
2350 14331
2351 14337
2352 14343
2353 14349
2354 14355
2355 14361
2356 14367
2357 14373
2358 14379
2359 14385
2360 14391
2361 14397
2362 14403
2363 14409
2364 14415
2365 14421
2366 14427
2367 14433
2368 14439
2369 14445
2370 14451
2371 14457
2372 14463
2373 14469
2374 14475
2375 14481
2376 14487
2377 14493
2378 14499
2379 14505
2380 14511
2381 14517
2382 14523
2383 14529
2384 14535
2385 14541
2386 14547
2387 14553
2388 14559
2389 14565
2390 14571
2391 14577
2392 14583
2393 14589
2394 14595
2395 14601
2396 14607
2397 14613
2398 14619
2399 14625
2400 14631
2401 14637
2402 14643
2403 14649
2404 14655
2405 14661
2406 14667
2407 14673
2408 14679
2409 14685
2410 14691
2411 14697
2412 14703
2413 14709
2414 14715
2415 14721
2416 14727
2417 14733
2418 14739
2419 14745
2420 14751
2421 14757
2422 14763
2423 14769
2424 14775
2425 14781
2426 14787
2427 14793
2428 14799
2429 14805
2430 14811
2431 14817
2432 14823
2433 14829
2434 14835
2435 14841
2436 14847
2437 14853
2438 14859
2439 14865
2440 14871
2441 14877
2442 14883
2443 14889
2444 14895
2445 14901
2446 14907
2447 14913
2448 14919
2449 14925
2450 14931
2451 14937
2452 14943
2453 14949
2454 14955
2455 14961
2456 14967
2457 14973
2458 14979
2459 14985
2460 14991
2461 14997
2462 15003
2463 15009
2464 15015
2465 15021
2466 15027
2467 15033
2468 15039
2469 15045
2470 15051
2471 15057
2472 15063
2473 15069
2474 15075
2475 15081
2476 15087
2477 15093
2478 15099
2479 15105
2480 15111
2481 15117
2482 15123
2483 15129
2484 15135
2485 15141
2486 15147
2487 15153
2488 15159
2489 15165
2490 15171
2491 15177
2492 15183
2493 15189
2494 15195
2495 15201
2496 15207
2497 15213
2498 15219
2499 15225
2500 15231
2501 15237
2502 15243
2503 15249
2504 15255
2505 15261
2506 15267
2507 15273
2508 15279
2509 15285
2510 15291
2511 15297
2512 15303
2513 15309
2514 15315
2515 15321
2516 15327
2517 15333
2518 15339
2519 15345
2520 15351
2521 15357
2522 15363
2523 15369
2524 15375
2525 15381
2526 15387
2527 15393
2528 15399
2529 15405
2530 15411
2531 15417
2532 15423
2533 15429
2534 15435
2535 15441
2536 15447
2537 15453
2538 15459
2539 15465
2540 15471
2541 15477
2542 15483
2543 15489
2544 15495
2545 15501
2546 15507
2547 15513
2548 15519
2549 15525
2550 15531
2551 15537
2552 15543
2553 15549
2554 15555
2555 15561
2556 15567
2557 15573
2558 15579
2559 15585
2560 15591
2561 15597
2562 15603
2563 15609
2564 15615
2565 15621
2566 15627
2567 15633
2568 15639
2569 15645
2570 15651
2571 15657
2572 15663
2573 15669
2574 15675
2575 15681
2576 15687
2577 15693
2578 15699
2579 15705
2580 15711
2581 15717
2582 15723
2583 15729
2584 15735
2585 15741
2586 15747
2587 15753
2588 15759
2589 15765
2590 15771
2591 15777
2592 15783
2593 15789
2594 15795
2595 15801
2596 15807
2597 15813
2598 15819
2599 15825
2600 15831
2601 15837
2602 15843
2603 15849
2604 15855
2605 15861
2606 15867
2607 15873
2608 15879
2609 15885
2610 15891
2611 15897
2612 15903
2613 15909
2614 15915
2615 15921
2616 15927
2617 15933
2618 15939
2619 15945
2620 15951
2621 15957
2622 15963
2623 15969
2624 15975
2625 15981
2626 15987
2627 15993
2628 15999
2629 16005
2630 16011
2631 16017
2632 16023
2633 16029
2634 16035
2635 16041
2636 16047
2637 16053
2638 16059
2639 16065
2640 16071
2641 16077
2642 16083
2643 16089
2644 16095
2645 16101
2646 16107
2647 16113
2648 16119
2649 16125
2650 16131
2651 16137
2652 16143
2653 16149
2654 16155
2655 16161
2656 16167
2657 16173
2658 16179
2659 16185
2660 16191
2661 16197
2662 16203
2663 16209
2664 16215
2665 16221
2666 16227
2667 16233
2668 16239
2669 16245
2670 16251
2671 16257
2672 16263
2673 16269
2674 16275
2675 16281
2676 16287
2677 16293
2678 16299
2679 16305
2680 16311
2681 16317
2682 16323
2683 16329
2684 16335
2685 16341
2686 16347
2687 16353
2688 16359
2689 16365
2690 16371
2691 16377
2692 16383
2693 16389
2694 16395
2695 16401
2696 16407
2697 16413
2698 16419
2699 16425
2700 16431
2701 16437
2702 16443
2703 16449
2704 16455
2705 16461
2706 16467
2707 16473
2708 16479
2709 16485
2710 16491
2711 16497
2712 16503
2713 16509
2714 16515
2715 16521
2716 16527
2717 16533
2718 16539
