0 589
1 595
2 601
3 607
4 613
5 619
6 625
7 631
8 637
9 643
10 649
11 655
12 661
13 667
14 673
15 679
16 685
17 691
18 697
19 703
20 709
21 715
22 721
23 727
24 733
25 739
26 745
27 751
28 757
29 763
30 769
31 775
32 781
33 787
34 793
35 799
36 805
37 811
38 817
39 823
40 829
41 835
42 841
43 847
44 853
45 859
46 865
47 871
48 877
49 883
50 889
51 895
52 901
53 907
54 913
55 919
56 925
57 931
58 937
59 943
60 949
61 955
62 961
63 967
64 973
65 979
66 985
67 991
68 997
69 1003
70 1009
71 1015
72 1021
73 1027
74 1033
75 1039
76 1045
77 1051
78 1057
79 1063
80 1069
81 1075
82 1081
83 1087
84 1093
85 1099
86 1105
87 1111
88 1117
89 1123
90 1129
91 1135
92 1141
93 1147
94 1153
95 1159
96 1165
97 1171
98 1177
99 1183
100 1189
101 1195
102 1201
103 1207
104 1213
105 1219
106 1225
107 1231
108 1237
109 1243
110 1249
111 1255
112 1261
113 1267
114 1273
115 1279
116 1285
117 1291
118 1297
119 1303
120 1309
121 1315
122 1321
123 1327
124 1333
125 1339
126 1345
127 1351
128 1357
129 1363
130 1369
131 1375
132 1381
133 1387
134 1393
135 1399
136 1405
137 1411
138 1417
139 1423
140 1429
141 1435
142 1441
143 1447
144 1453
145 1459
146 1465
147 1471
148 1477
149 1483
150 1489
151 1495
152 1501
153 1507
154 1513
155 1519
156 1525
157 1531
158 1537
159 1543
160 1549
161 1555
162 1561
163 1567
164 1573
165 1579
166 1585
167 1591
168 1597
169 1603
170 1609
171 1615
172 1621
173 1627
174 1633
175 1639
176 1645
177 1651
178 1657
179 1663
180 1669
181 1675
182 1681
183 1687
184 1693
185 1699
186 1705
187 1711
188 1717
189 1723
190 1729
191 1735
192 1741
193 1747
194 1753
195 1759
196 1765
197 1771
198 1777
199 1783
200 1789
201 1795
202 1801
203 1807
204 1813
205 1819
206 1825
207 1831
208 1837
209 1843
210 1849
211 1855
212 1861
213 1867
214 1873
215 1879
216 1885
217 1891
218 1897
219 1903
220 1909
221 1915
222 1921
223 1927
224 1933
225 1939
226 1945
227 1951
228 1957
229 1963
230 1969
231 1975
232 1981
233 1987
234 1993
235 1999
236 2005
237 2011
238 2017
239 2023
240 2029
241 2035
242 2041
243 2047
244 2053
245 2059
246 2065
247 2071
248 2077
249 2083
250 2089
251 2095
252 2101
253 2107
254 2113
255 2119
256 2125
257 2131
258 2137
259 2143
260 2149
261 2155
262 2161
263 2167
264 2173
265 2179
266 2185
267 2191
268 2197
269 2203
270 2209
271 2215
272 2221
273 2227
274 2233
275 2239
276 2245
277 2251
278 2257
279 2263
280 2269
281 2275
282 2281
283 2287
284 2293
285 2299
286 2305
287 2311
288 2317
289 2323
290 2329
291 2335
292 2341
293 2347
294 2353
295 2359
296 2365
297 2371
298 2377
299 2383
300 2389
301 2395
302 2401
303 2407
304 2413
305 2419
306 2425
307 2431
308 2437
309 2443
310 2449
311 2455
312 2461
313 2467
314 2473
315 2479
316 2485
317 2491
318 2497
319 2503
320 2509
321 2515
322 2521
323 2527
324 2533
325 2539
326 2545
327 2551
328 2557
329 2563
330 2569
331 2575
332 2581
333 2587
334 2593
335 2599
336 2605
337 2611
338 2617
339 2623
340 2629
341 2635
342 2641
343 2647
344 2653
345 2659
346 2665
347 2671
348 2677
349 2683
350 2689
351 2695
352 2701
353 2707
354 2713
355 2719
356 2725
357 2731
358 2737
359 2743
360 2749
361 2755
362 2761
363 2767
364 2773
365 2779
366 2785
367 2791
368 2797
369 2803
370 2809
371 2815
372 2821
373 2827
374 2833
375 2839
376 2845
377 2851
378 2857
379 2863
380 2869
381 2875
382 2881
383 2887
384 2893
385 2899
386 2905
387 2911
388 2917
389 2923
390 2929
391 2935
392 2941
393 2947
394 2953
395 2959
396 2965
397 2971
398 2977
399 2983
400 2989
401 2995
402 3001
403 3007
404 3013
405 3019
406 3025
407 3031
408 3037
409 3043
410 3049
411 3055
412 3061
413 3067
414 3073
415 3079
416 3085
417 3091
418 3097
419 3103
420 3109
421 3115
422 3121
423 3127
424 3133
425 3139
426 3145
427 3151
428 3157
429 3163
430 3169
431 3175
432 3181
433 3187
434 3193
435 3199
436 3205
437 3211
438 3217
439 3223
440 3229
441 3235
442 3241
443 3247
444 3253
445 3259
446 3265
447 3271
448 3277
449 3283
450 3289
451 3295
452 3301
453 3307
454 3313
455 3319
456 3325
457 3331
458 3337
459 3343
460 3349
461 3355
462 3361
463 3367
464 3373
465 3379
466 3385
467 3391
468 3397
469 3403
470 3409
471 3415
472 3421
473 3427
474 3433
475 3439
476 3445
477 3451
478 3457
479 3463
480 3469
481 3475
482 3481
483 3487
484 3493
485 3499
486 3505
487 3511
488 3517
489 3523
490 3529
491 3535
492 3541
493 3547
494 3553
495 3559
496 3565
497 3571
498 3577
499 3583
500 3589
501 3595
502 3601
503 3607
504 3613
505 3619
506 3625
507 3631
508 3637
509 3643
510 3649
511 3655
512 3661
513 3667
514 3673
515 3679
516 3685
517 3691
518 3697
519 3703
520 3709
521 3715
522 3721
523 3727
524 3733
525 3739
526 3745
527 3751
528 3757
529 3763
530 3769
531 3775
532 3781
533 3787
534 3793
535 3799
536 3805
537 3811
538 3817
539 3823
540 3829
541 3835
542 3841
543 3847
544 3853
545 3859
546 3865
547 3871
548 3877
549 3883
550 3889
551 3895
552 3901
553 3907
554 3913
555 3919
556 3925
557 3931
558 3937
559 3943
560 3949
561 3955
562 3961
563 3967
564 3973
565 3979
566 3985
567 3991
568 3997
569 4003
570 4009
571 4015
572 4021
573 4027
574 4033
575 4039
576 4045
577 4051
578 4057
579 4063
580 4069
581 4075
582 4081
583 4087
584 4093
585 4099
586 4105
587 4111
588 4117
589 4123
590 4129
591 4135
592 4141
593 4147
594 4153
595 4159
596 4165
597 4171
598 4177
599 4183
600 4189
601 4195
602 4201
603 4207
604 4213
605 4219
606 4225
607 4231
608 4237
609 4243
610 4249
611 4255
612 4261
613 4267
614 4273
615 4279
616 4285
617 4291
618 4297
619 4303
620 4309
621 4315
622 4321
623 4327
624 4333
625 4339
626 4345
627 4351
628 4357
629 4363
630 4369
631 4375
632 4381
633 4387
634 4393
635 4399
636 4405
637 4411
638 4417
639 4423
640 4429
641 4435
642 4441
643 4447
644 4453
645 4459
646 4465
647 4471
648 4477
649 4483
650 4489
651 4495
652 4501
653 4507
654 4513
655 4519
656 4525
657 4531
658 4537
659 4543
660 4549
661 4555
662 4561
663 4567
664 4573
665 4579
666 4585
667 4591
668 4597
669 4603
670 4609
671 4615
672 4621
673 4627
674 4633
675 4639
676 4645
677 4651
678 4657
679 4663
680 4669
681 4675
682 4681
683 4687
684 4693
685 4699
686 4705
687 4711
688 4717
689 4723
690 4729
691 4735
692 4741
693 4747
694 4753
695 4759
696 4765
697 4771
698 4777
699 4783
700 4789
701 4795
702 4801
703 4807
704 4813
705 4819
706 4825
707 4831
708 4837
709 4843
710 4849
711 4855
712 4856
713 4862
714 4868
715 4874
721 4877
722 4881
723 4884
724 4890
725 4895
726 4901
727 4904
728 4907
729 4913
730 4919
731 4925
732 4931
733 4937
734 4943
735 4949
736 4955
737 4961
738 4967
739 4973
740 4979
741 4985
742 4991
743 4997
744 5003
745 5009
746 5015
747 5021
748 5027
749 5033
750 5039
751 5045
752 5051
753 5057
754 5063
755 5069
756 5075
757 5081
758 5087
759 5093
760 5099
761 5105
762 5111
763 5117
764 5123
765 5129
766 5135
767 5141
768 5147
769 5153
770 5159
771 5165
772 5171
773 5177
774 5183
775 5189
776 5195
777 5201
778 5207
779 5213
780 5219
781 5225
782 5231
783 5237
784 5243
785 5249
786 5255
787 5261
788 5267
789 5273
790 5279
791 5285
792 5291
793 5297
794 5303
795 5309
796 5315
797 5321
798 5327
799 5333
800 5339
801 5345
802 5351
803 5357
804 5363
805 5369
806 5375
807 5381
808 5387
809 5393
810 5399
811 5405
812 5411
813 5417
814 5423
815 5429
816 5435
817 5441
818 5447
819 5453
820 5459
821 5465
822 5471
823 5477
824 5483
825 5489
826 5495
827 5501
828 5507
829 5513
830 5519
831 5525
832 5531
833 5537
834 5543
835 5549
836 5555
837 5561
838 5567
839 5573
840 5579
841 5585
842 5591
843 5597
844 5603
845 5609
846 5615
847 5621
848 5627
849 5633
850 5639
851 5645
852 5651
853 5657
854 5663
855 5669
856 5675
857 5681
858 5687
859 5693
860 5699
863 5704
866 5705
867 5710
869 5714
870 5719
871 5725
872 5731
873 5737
874 5743
875 5749
876 5755
877 5761
878 5767
879 5773
880 5779
881 5785
882 5791
883 5797
884 5803
885 5809
886 5815
887 5821
888 5827
889 5833
890 5839
891 5842
892 5848
893 5854
894 5860
895 5866
896 5872
897 5878
898 5884
899 5890
900 5896
901 5902
902 5908
903 5914
904 5920
905 5926
906 5932
907 5938
908 5944
909 5950
910 5956
911 5962
912 5968
913 5974
914 5980
915 5986
916 5992
917 5998
918 6004
919 6010
920 6016
921 6022
922 6028
923 6034
924 6040
925 6046
926 6052
927 6058
928 6064
929 6070
930 6076
931 6082
932 6088
933 6094
934 6100
935 6106
936 6112
937 6118
938 6124
939 6130
940 6136
941 6142
942 6148
943 6154
944 6160
945 6166
946 6172
947 6178
948 6184
949 6190
950 6196
951 6202
952 6208
953 6214
954 6220
955 6226
956 6232
957 6238
958 6244
959 6250
960 6256
961 6262
962 6268
963 6274
964 6280
965 6286
966 6292
967 6298
968 6304
969 6310
970 6316
971 6322
972 6328
973 6334
974 6340
975 6346
976 6352
977 6358
978 6364
979 6370
980 6376
981 6382
982 6388
983 6394
984 6400
985 6406
986 6412
987 6418
988 6424
989 6430
990 6436
991 6442
992 6448
993 6454
994 6460
995 6466
996 6472
997 6478
998 6484
999 6490
1000 6496
1001 6502
1002 6508
1003 6514
1004 6520
1005 6526
1006 6532
1007 6538
1008 6544
1009 6550
1010 6556
1011 6562
1012 6567
1013 6569
1014 6575
1015 6581
1016 6587
1017 6593
1019 6600
1020 6606
1021 6612
1022 6618
1023 6624
1024 6630
1025 6636
1026 6642
1027 6648
1028 6654
1029 6660
1030 6666
1031 6672
1032 6678
1033 6684
1034 6691
1035 6697
1036 6703
1037 6709
1038 6715
1039 6721
1040 6727
1041 6733
1042 6738
1043 6744
1044 6750
1045 6756
1046 6762
1047 6768
1048 6774
1049 6780
1050 6786
1051 6792
1052 6798
1053 6804
1054 6810
1055 6816
1056 6822
1057 6828
1058 6834
1059 6840
1060 6846
1061 6852
1062 6858
1063 6864
1064 6870
1065 6876
1066 6882
1067 6888
1068 6894
1069 6900
1070 6906
1071 6912
1072 6918
1073 6924
1074 6930
1075 6936
1076 6942
1077 6948
1078 6954
1079 6960
1080 6966
1081 6972
1082 6978
1083 6985
1084 6991
1085 6997
1086 7003
1087 7009
1088 7015
1089 7021
1090 7027
1091 7033
1092 7039
1093 7045
1094 7051
1095 7057
1096 7063
1097 7069
1098 7075
1099 7080
1100 7086
1101 7092
1102 7098
1103 7104
1104 7110
1105 7116
1106 7122
1107 7128
1108 7134
1109 7140
1110 7146
1111 7152
1112 7158
1113 7164
1114 7170
1115 7176
1116 7182
1117 7188
1118 7194
1119 7200
1120 7206
1121 7212
1122 7218
1123 7224
1124 7230
1125 7236
1126 7242
1127 7248
1128 7254
1129 7260
1130 7266
1131 7272
1132 7278
1133 7284
1134 7290
1135 7296
1136 7302
1137 7308
1138 7314
1139 7320
1140 7326
1141 7332
1142 7338
1143 7344
1144 7350
1145 7356
1146 7362
1147 7368
1148 7374
1149 7380
1150 7386
1151 7392
1152 7398
1153 7404
1154 7410
1155 7416
1156 7422
1157 7428
1158 7434
1159 7440
1160 7446
1161 7452
1162 7458
1163 7464
1164 7470
1165 7476
1166 7482
1167 7488
1168 7494
1169 7500
1170 7506
1171 7512
1172 7518
1173 7524
1174 7530
1175 7536
1176 7542
1177 7548
1178 7554
1179 7560
1180 7566
1181 7572
1182 7578
1183 7584
1184 7590
1185 7596
1186 7602
1187 7608
1188 7614
1189 7620
1190 7626
1191 7632
1192 7638
1193 7644
1210 7645
1211 7649
1212 7655
1213 7661
1214 7667
1215 7673
1216 7679
1217 7685
1218 7691
1219 7697
1220 7703
1221 7706
1222 7712
1223 7718
1224 7724
1225 7730
1226 7736
1227 7742
1228 7748
1229 7754
1230 7761
1231 7767
1232 7773
1233 7779
1234 7785
1235 7791
1236 7797
1237 7803
1238 7809
1239 7815
1240 7821
1241 7827
1242 7833
1243 7839
1244 7845
1245 7851
1246 7857
1247 7863
1248 7869
1249 7875
1250 7881
1251 7887
1252 7893
1253 7899
1254 7905
1255 7911
1256 7917
1257 7923
1258 7929
1259 7935
1260 7941
1261 7947
1262 7953
1263 7958
1264 7964
1265 7970
1266 7976
1267 7982
1268 7988
1269 7994
1270 8000
1271 8007
1272 8013
1273 8019
1274 8025
1275 8031
1276 8037
1277 8043
1278 8049
1279 8055
1280 8061
1281 8067
1282 8073
1283 8079
1284 8085
1285 8091
1286 8097
1287 8102
1288 8108
1289 8114
1290 8120
1291 8126
1292 8132
1293 8138
1294 8144
1295 8150
1296 8156
1297 8162
1298 8168
1299 8174
1300 8180
1301 8186
1302 8192
1303 8198
1304 8204
1305 8210
1306 8216
1307 8222
1308 8228
1309 8234
1310 8240
1311 8246
1312 8253
1313 8259
1314 8265
1315 8271
1316 8277
1317 8283
1318 8289
1319 8295
1320 8300
1321 8306
1322 8312
1323 8318
1324 8324
1325 8330
1326 8336
1327 8342
1328 8348
1329 8354
1330 8360
1331 8366
1332 8372
1333 8378
1334 8384
1335 8390
1336 8396
1337 8402
1338 8408
1339 8414
1340 8420
1341 8426
1342 8432
1343 8438
1344 8444
1345 8450
1346 8455
1347 8459
1348 8465
1349 8471
1350 8477
1351 8483
1352 8489
1353 8495
1354 8501
1355 8507
1356 8513
1357 8519
1358 8525
1359 8531
1360 8537
1361 8543
1362 8549
1363 8555
1364 8561
1365 8567
1366 8573
1367 8579
1368 8585
1369 8592
1370 8598
1371 8604
1372 8610
1373 8616
1374 8622
1375 8628
1376 8634
1377 8640
1378 8646
1379 8652
1380 8658
1381 8664
1382 8670
1383 8676
1384 8682
1385 8687
1386 8693
1387 8699
1388 8705
1389 8711
1390 8717
1391 8723
1392 8729
1393 8735
1394 8742
1395 8748
1396 8754
1397 8760
1398 8766
1399 8772
1400 8778
1401 8784
1402 8790
1403 8796
1404 8802
1405 8808
1406 8814
1407 8820
1408 8826
1409 8832
1410 8838
1411 8844
1412 8850
1413 8856
1414 8862
1415 8868
1416 8874
1417 8880
1418 8886
1419 8892
1420 8898
1421 8904
1422 8910
1423 8916
1424 8922
1425 8928
1426 8934
1427 8940
1428 8946
1429 8952
1430 8958
1431 8964
1432 8970
1433 8976
1434 8982
1435 8988
1436 8994
1437 9000
1438 9006
1439 9012
1440 9018
1441 9024
1442 9030
1443 9036
1444 9042
1445 9048
1446 9054
1447 9060
1448 9066
1449 9072
1450 9078
1451 9084
1452 9090
1453 9096
1454 9102
1455 9108
1456 9114
1457 9120
1458 9126
1459 9132
1460 9138
1461 9144
1462 9150
1463 9156
1464 9162
1465 9168
1466 9174
1467 9180
1468 9186
1469 9192
1470 9198
1471 9204
1472 9210
1473 9216
1474 9222
1475 9228
1476 9234
1477 9240
1478 9246
1479 9252
1480 9258
1481 9264
1482 9270
1483 9276
1484 9282
1485 9288
1486 9294
1487 9300
1488 9306
1489 9312
1490 9318
1491 9324
1492 9330
1493 9336
1494 9342
1495 9348
1496 9354
1497 9360
1498 9366
1499 9372
1500 9378
1501 9384
1502 9390
1503 9396
1504 9402
1505 9408
1506 9414
1507 9420
1508 9426
1509 9432
1510 9438
1511 9444
1512 9450
1513 9456
1514 9462
1515 9468
1516 9474
1517 9480
1518 9486
1519 9492
1520 9498
1521 9504
1522 9510
1523 9516
1524 9522
1525 9527
1526 9531
1527 9537
1528 9543
1529 9549
1530 9555
1531 9561
1532 9567
1533 9573
1534 9579
1535 9585
1536 9591
1537 9597
1538 9603
1539 9609
1540 9615
1541 9621
1542 9627
1543 9633
1544 9639
1545 9645
1546 9651
1547 9657
1548 9663
1549 9669
1550 9675
1551 9681
1552 9687
1553 9693
1554 9699
1555 9705
1556 9711
1557 9717
1558 9723
1559 9729
1560 9735
1561 9741
1562 9747
1563 9753
1564 9759
1565 9765
1566 9771
1567 9777
1568 9783
1569 9789
1570 9795
1571 9801
1572 9807
1573 9813
1574 9819
1575 9825
1576 9831
1577 9837
1578 9843
1579 9849
1580 9855
1581 9861
1582 9867
1583 9873
1584 9879
1585 9885
1586 9891
1587 9897
1588 9903
1589 9909
1590 9915
1591 9921
1592 9927
1593 9933
1594 9939
1595 9945
1596 9951
1597 9957
1598 9962
1599 9968
1600 9974
1601 9980
1602 9986
1603 9992
1604 9998
1605 10004
1606 10011
1607 10017
1608 10023
1609 10029
1610 10035
1611 10041
1612 10047
1613 10053
1614 10059
1615 10065
1616 10071
1617 10077
1618 10083
1619 10089
1620 10095
1621 10101
1622 10106
1623 10112
1624 10118
1625 10124
1626 10130
1627 10136
1628 10142
1629 10148
1630 10155
1631 10161
1632 10167
1633 10173
1634 10179
1635 10185
1636 10191
1637 10197
1638 10203
1639 10209
1640 10215
1641 10221
1642 10227
1643 10233
1644 10239
1645 10245
1646 10251
1647 10257
1648 10263
1649 10269
1650 10275
1651 10281
1652 10287
1653 10293
1654 10299
1655 10305
1656 10311
1657 10317
1658 10323
1659 10329
1660 10335
1661 10341
1662 10347
1663 10353
1664 10359
1665 10365
1666 10371
1667 10377
1668 10383
1669 10389
1670 10395
1671 10401
1672 10407
1673 10413
1674 10419
1675 10425
1676 10431
1677 10437
1678 10443
1679 10449
1680 10455
1681 10461
1682 10467
1683 10473
1684 10479
1685 10485
1686 10491
1687 10497
1688 10503
1689 10509
1690 10515
1691 10521
1692 10527
1693 10533
1694 10539
1695 10545
1696 10551
1697 10557
1698 10563
1699 10569
1700 10575
1701 10581
1702 10587
1703 10593
1704 10599
1705 10605
1706 10611
1707 10617
1708 10623
1709 10629
1710 10635
1711 10641
1712 10647
1713 10653
1714 10659
1715 10665
1716 10671
1717 10677
1718 10683
1719 10689
1720 10695
1721 10701
1722 10707
1723 10713
1724 10719
1725 10725
1726 10731
1727 10737
1728 10743
1729 10749
1730 10755
1731 10761
1732 10767
1733 10773
1734 10779
1735 10785
1736 10791
1737 10797
1738 10803
1739 10809
1740 10815
1741 10821
1742 10827
1743 10833
1744 10839
1745 10845
1746 10851
1747 10857
1748 10863
1749 10869
1750 10875
1751 10881
1752 10887
1753 10893
1754 10899
1755 10905
1756 10911
1757 10917
1758 10923
1759 10929
1760 10935
1761 10941
1762 10947
1763 10953
1764 10959
1765 10965
1766 10971
1767 10977
1768 10983
1769 10989
1770 10995
1771 11001
1772 11007
1773 11013
1774 11019
1775 11025
1776 11031
1777 11037
1778 11043
1779 11049
1780 11055
1781 11061
1782 11067
1783 11073
1784 11079
1785 11085
1786 11091
1787 11097
1788 11103
1789 11109
1790 11115
1791 11121
1792 11127
1793 11133
1794 11139
1795 11145
1796 11151
1797 11157
1798 11163
1799 11169
1800 11175
1801 11181
1802 11187
1803 11193
1804 11199
1805 11205
1806 11211
1807 11217
1808 11223
1809 11229
1810 11235
1811 11241
1812 11247
1813 11253
1814 11259
1815 11265
1816 11271
1817 11277
1818 11283
1819 11289
1820 11295
1821 11301
1822 11307
1823 11313
1824 11319
1825 11325
1826 11331
1827 11337
1828 11343
1829 11349
1830 11355
1831 11361
1832 11367
1833 11373
1834 11379
1835 11385
1836 11391
1837 11397
1838 11403
1839 11409
1840 11415
1841 11421
1842 11427
1843 11433
1844 11439
1845 11445
1846 11451
1847 11457
1848 11463
1849 11469
1850 11475
1851 11481
1852 11487
1853 11493
1854 11499
1855 11505
1856 11511
1857 11517
1858 11523
1859 11529
1860 11535
1861 11541
1862 11547
1863 11553
1864 11559
1865 11565
1866 11571
1867 11577
1868 11583
1890 11589
1891 11595
1892 11601
1893 11607
1894 11613
1895 11619
1896 11625
1897 11631
1898 11637
1899 11643
1900 11649
1901 11655
1902 11661
1903 11667
1904 11673
1905 11679
1906 11685
1907 11691
1908 11697
1909 11703
1910 11709
1911 11715
1912 11721
1913 11727
1914 11733
1915 11739
1916 11745
1917 11751
1918 11757
1919 11763
1920 11769
1921 11775
1922 11781
1923 11787
1924 11793
1925 11799
1926 11805
1927 11811
1928 11817
1929 11823
1930 11829
1931 11835
1932 11841
1933 11847
1934 11853
1935 11859
1936 11865
1937 11871
1938 11877
1939 11883
1940 11889
1941 11895
1942 11901
1943 11907
1944 11913
1945 11919
1946 11925
1947 11931
1948 11937
1949 11943
1950 11949
1951 11955
1952 11961
1953 11967
1954 11973
1955 11979
1956 11985
1957 11991
1958 11997
1959 12003
1960 12009
1961 12015
1962 12021
1963 12027
1964 12033
1965 12039
1966 12045
1967 12051
1968 12057
1969 12063
1970 12069
1971 12075
1972 12081
1973 12087
1974 12093
1975 12099
1976 12105
1977 12111
1978 12117
1979 12123
1980 12129
1981 12135
1982 12141
1983 12147
1984 12153
1985 12159
1986 12165
1987 12171
1988 12177
1989 12183
1990 12189
1991 12195
1992 12201
1993 12207
1994 12213
1995 12219
1996 12225
1997 12231
1998 12237
1999 12243
2000 12249
2001 12255
2002 12261
2003 12267
2004 12273
2005 12279
2006 12285
2007 12291
2008 12297
2009 12303
2010 12309
2011 12315
2012 12321
2013 12327
2014 12333
2015 12339
2016 12345
2017 12351
2018 12357
2019 12363
2020 12369
2021 12375
2022 12381
2023 12387
2024 12393
2025 12399
2026 12405
2027 12411
2028 12417
2029 12423
2030 12429
2031 12435
2032 12441
2033 12447
2034 12453
2035 12459
2036 12465
2037 12471
2038 12477
2039 12483
2040 12489
2041 12495
2042 12501
2043 12507
2044 12513
2045 12519
2046 12525
2047 12531
2048 12537
2049 12543
2050 12549
2051 12555
2052 12561
2053 12567
2054 12573
2055 12579
2056 12585
2057 12591
2058 12597
2059 12603
2060 12609
2061 12615
2062 12621
2063 12627
2064 12633
2065 12639
2066 12645
2067 12651
2068 12657
2069 12663
2070 12669
2071 12675
2072 12681
2073 12687
2074 12693
2075 12699
2076 12705
2077 12711
2078 12717
2079 12723
2080 12729
2081 12735
2082 12741
2083 12747
2084 12753
2085 12759
2086 12765
2087 12771
2088 12777
2089 12783
2090 12789
2091 12795
2092 12801
2093 12807
2094 12810
2095 12815
2096 12821
2097 12827
2098 12833
2099 12839
2100 12845
2101 12851
2102 12857
2103 12863
2104 12869
2105 12875
2106 12881
2107 12887
2108 12893
2109 12899
2110 12905
2111 12908
2112 12914
2113 12920
2114 12926
2115 12932
2116 12938
2117 12944
2118 12950
2119 12956
2120 12962
2121 12968
2122 12974
2123 12980
2124 12986
2125 12992
2126 12998
2127 13004
2128 13010
2129 13016
2130 13022
2131 13028
2132 13034
2133 13040
2134 13046
2135 13052
2136 13058
2137 13064
2138 13070
2139 13076
2140 13082
2141 13088
2142 13094
2143 13100
2144 13106
2145 13112
2146 13118
2147 13124
2148 13130
2149 13136
2150 13142
2151 13148
2152 13154
2153 13160
2154 13166
2155 13172
2156 13178
2157 13184
2158 13190
2159 13196
2160 13202
2161 13208
2162 13214
2163 13220
2164 13226
2165 13232
2166 13238
2167 13244
2168 13250
2169 13256
2170 13262
2171 13268
2172 13274
2173 13280
2174 13286
2175 13292
2176 13298
2177 13304
2178 13310
2179 13316
2180 13322
2181 13328
2182 13334
2183 13340
2184 13346
2185 13352
2186 13358
2187 13364
2188 13370
2189 13376
2190 13382
2191 13388
2192 13394
2193 13400
2194 13406
2195 13412
2196 13418
2197 13424
2198 13430
2199 13436
2200 13442
2201 13448
2202 13454
2203 13460
2204 13466
2205 13472
2206 13478
2207 13484
2208 13490
2209 13496
2210 13502
2211 13508
2212 13514
2213 13520
2214 13526
2215 13532
2216 13538
2217 13544
2218 13550
2219 13556
2220 13562
2221 13568
2222 13574
2223 13580
2224 13586
2225 13592
2226 13598
2227 13604
2228 13610
2229 13616
2230 13622
2231 13628
2232 13634
2233 13640
2234 13646
2235 13652
2236 13658
2237 13664
2238 13670
2239 13676
2240 13682
2241 13688
2242 13694
2243 13700
2244 13706
2245 13712
2246 13718
2247 13724
2248 13730
2249 13736
2250 13742
2251 13748
2252 13754
2253 13760
2254 13766
2255 13772
2256 13778
2257 13784
2258 13790
2259 13796
2260 13802
2261 13808
2262 13814
2263 13820
2264 13826
2265 13832
2266 13838
2267 13844
2268 13850
2269 13856
2270 13862
2271 13868
2272 13874
2273 13880
2274 13886
2275 13892
2276 13898
2277 13904
2278 13910
2279 13916
2280 13922
2281 13928
2282 13934
2283 13940
2284 13946
2285 13952
2286 13958
2287 13964
2288 13967
2289 13973
2290 13979
2291 13985
2292 13988
2293 13994
2294 14000
2295 14006
2296 14012
2297 14018
2298 14024
2299 14027
2300 14033
2301 14039
2302 14045
2303 14051
2304 14057
2305 14063
2306 14069
2307 14075
2308 14081
2309 14087
2310 14093
2311 14099
2312 14105
2313 14111
2314 14117
2315 14122
2316 14123
2317 14124
2318 14125
2319 14126
2320 14130
2321 14136
2322 14139
2323 14145
2324 14151
2325 14157
2326 14163
2327 14169
2328 14175
2329 14181
2330 14187
2331 14193
2332 14199
2333 14205
2334 14211
2335 14217
2336 14223
2337 14229
2338 14235
2339 14241
2340 14247
2341 14253
2342 14259
2343 14265
2344 14271
2345 14277
2346 14283
2347 14289
2348 14295
2349 14301
2350 14307
2351 14313
2352 14319
2353 14325
2354 14331
2355 14337
2356 14343
2357 14349
2358 14355
2359 14361
2360 14367
2361 14373
2362 14379
2363 14385
2364 14391
2365 14397
2366 14403
2367 14409
2368 14415
2369 14421
2370 14427
2371 14433
2372 14439
2373 14445
2374 14451
2375 14457
2376 14463
2377 14469
2378 14475
2379 14481
2380 14487
2381 14493
2382 14499
2383 14505
2384 14511
2385 14517
2386 14523
2387 14529
2388 14535
2389 14541
2390 14547
2391 14553
2392 14559
2393 14565
2394 14571
2395 14577
2396 14583
2397 14589
2398 14595
2399 14601
2400 14607
2401 14613
2402 14619
2403 14625
2404 14631
2405 14637
2406 14643
2407 14649
2408 14655
2409 14661
2410 14667
2411 14673
2412 14679
2413 14685
2414 14691
2415 14697
2416 14703
2417 14709
2418 14715
2419 14721
2420 14727
2421 14733
2422 14739
2423 14745
2424 14751
2425 14757
2426 14763
2427 14769
2428 14775
2429 14781
2430 14787
2431 14793
2432 14799
2433 14805
2434 14811
2435 14817
2436 14823
2437 14829
2438 14835
2439 14841
2440 14847
2441 14853
2442 14859
2443 14865
2444 14871
2445 14877
2446 14883
2447 14889
2448 14895
2449 14901
2450 14907
2451 14913
2452 14919
2453 14925
2454 14931
2455 14937
2456 14943
2457 14949
2458 14955
2459 14961
2460 14967
2461 14973
2462 14979
2463 14985
2464 14991
2465 14997
2466 15003
2467 15009
2468 15015
2469 15021
2470 15027
2471 15033
2472 15039
2473 15045
2474 15051
2475 15057
2476 15063
2477 15069
2478 15075
2479 15081
2480 15087
2481 15093
2482 15099
2483 15105
2484 15111
2485 15117
2486 15123
2487 15129
2488 15135
2489 15141
2490 15147
2491 15153
2492 15159
2493 15165
2494 15171
2495 15177
2496 15183
2497 15189
2498 15195
2499 15201
2500 15207
2501 15213
2502 15219
2503 15225
2504 15231
2505 15237
2506 15243
2507 15249
2508 15255
2509 15261
2510 15267
2511 15273
2512 15279
2513 15285
2514 15291
2515 15297
2516 15303
2517 15309
2518 15315
2519 15321
2520 15327
2521 15333
2522 15339
2523 15345
2524 15351
2525 15357
2526 15363
2527 15369
2528 15375
2529 15381
2530 15387
2531 15393
2532 15399
2533 15405
2534 15411
2535 15417
2536 15423
2537 15429
2538 15435
2539 15441
2540 15447
2541 15453
2542 15459
2543 15465
2544 15471
2545 15477
2546 15483
2547 15489
2548 15495
2549 15501
2550 15507
2551 15513
2552 15519
2553 15525
2554 15531
2555 15537
2556 15543
2557 15549
2558 15555
2559 15561
2560 15567
2561 15573
2562 15579
2563 15585
2564 15591
2565 15597
2566 15603
2567 15609
2568 15615
2569 15621
2570 15627
2571 15633
2572 15639
2573 15645
2574 15651
2575 15657
2576 15663
2577 15669
2578 15675
2579 15681
2580 15687
2581 15693
2582 15699
2583 15705
2584 15711
2585 15717
2586 15723
2587 15729
2588 15735
2589 15741
2590 15747
2591 15753
2592 15759
2593 15765
2594 15771
2595 15777
2596 15783
2597 15789
2598 15795
2599 15801
2600 15807
2601 15813
2602 15819
2603 15825
2604 15831
2605 15837
2606 15843
2607 15849
2608 15855
2609 15861
2610 15867
2611 15873
2612 15879
2613 15885
2614 15891
2615 15897
2616 15903
2617 15909
2618 15915
2619 15921
2620 15927
2621 15933
2622 15939
2623 15945
2624 15951
2625 15957
2626 15963
2627 15969
2628 15975
2629 15981
2630 15987
2631 15993
2632 15999
2633 16005
2634 16011
2635 16017
2636 16023
2637 16029
2638 16035
2639 16041
2640 16047
2641 16053
2642 16059
2643 16065
2644 16071
2645 16077
2646 16083
2647 16089
2648 16095
2649 16101
2650 16107
2651 16113
2652 16119
2653 16125
2654 16131
2655 16137
2656 16143
2657 16149
2658 16155
2659 16161
2660 16167
2661 16173
2662 16179
2663 16185
2664 16191
2665 16197
2666 16203
2667 16209
2668 16215
2669 16221
2670 16227
2671 16233
2672 16239
2673 16245
2674 16251
2675 16257
2676 16263
2677 16269
2678 16275
2679 16281
2680 16287
2681 16293
2682 16299
2683 16305
2684 16311
2685 16317
2686 16323
2687 16329
2688 16335
2689 16341
2690 16347
2691 16353
2692 16359
2693 16365
2694 16371
2695 16377
2696 16383
2697 16389
2698 16395
2699 16401
2700 16407
2701 16413
2702 16419
2703 16425
2704 16431
2705 16437
2706 16443
2707 16449
2708 16455
2709 16461
2710 16467
2711 16473
2712 16479
2713 16485
2714 16491
2715 16497
2716 16503
2717 16509
2718 16515
2719 16521
2720 16527
2721 16533
2722 16539
