0 607
1 613
2 619
3 625
4 631
5 637
6 643
7 649
8 655
9 661
10 667
11 673
12 679
13 685
14 691
15 697
16 703
17 709
18 715
19 721
20 727
21 733
22 739
23 745
24 751
25 757
26 763
27 769
28 775
29 781
30 787
31 793
32 799
33 805
34 811
35 817
36 823
37 829
38 835
39 841
40 847
41 853
42 859
43 865
44 871
45 877
46 883
47 889
48 895
49 901
50 907
51 913
52 919
53 925
54 931
55 937
56 943
57 949
58 955
59 961
60 967
61 973
62 979
63 985
64 991
65 997
66 1003
67 1009
68 1015
69 1021
70 1027
71 1033
72 1039
73 1045
74 1051
75 1057
76 1063
77 1069
78 1075
79 1081
80 1087
81 1093
82 1099
83 1105
84 1111
85 1117
86 1123
87 1129
88 1135
89 1141
90 1147
91 1153
92 1159
93 1165
94 1171
95 1177
96 1183
97 1189
98 1195
99 1201
100 1207
101 1213
102 1219
103 1225
104 1231
105 1237
106 1243
107 1249
108 1255
109 1261
110 1267
111 1273
112 1279
113 1285
114 1291
115 1297
116 1303
117 1309
118 1315
119 1321
120 1327
121 1333
122 1339
123 1345
124 1351
125 1357
126 1363
127 1369
128 1375
129 1381
130 1387
131 1393
132 1399
133 1405
134 1411
135 1417
136 1423
137 1429
138 1435
139 1441
140 1447
141 1453
142 1459
143 1465
144 1471
145 1477
146 1483
147 1489
148 1495
149 1501
150 1507
151 1513
152 1519
153 1525
154 1531
155 1537
156 1543
157 1549
158 1555
159 1561
160 1567
161 1573
162 1579
163 1585
164 1591
165 1597
166 1603
167 1609
168 1615
169 1621
170 1627
171 1633
172 1639
173 1645
174 1651
175 1657
176 1663
177 1669
178 1675
179 1681
180 1687
181 1693
182 1699
183 1705
184 1711
185 1717
186 1723
187 1729
188 1735
189 1741
190 1747
191 1753
192 1759
193 1765
194 1771
195 1777
196 1783
197 1789
198 1795
199 1801
200 1807
201 1813
202 1819
203 1825
204 1831
205 1837
206 1843
207 1849
208 1855
209 1861
210 1867
211 1873
212 1879
213 1885
214 1891
215 1897
216 1903
217 1909
218 1915
219 1921
220 1927
221 1933
222 1939
223 1945
224 1951
225 1957
226 1963
227 1969
228 1975
229 1981
230 1987
231 1993
232 1999
233 2005
234 2011
235 2017
236 2023
237 2029
238 2035
239 2041
240 2047
241 2053
242 2059
243 2065
244 2071
245 2077
246 2083
247 2089
248 2095
249 2101
250 2107
251 2113
252 2119
253 2125
254 2131
255 2137
256 2143
257 2149
258 2155
259 2161
260 2167
261 2173
262 2179
263 2185
264 2191
265 2197
266 2203
267 2209
268 2215
269 2221
270 2227
271 2233
272 2239
273 2245
274 2251
275 2257
276 2263
277 2269
278 2275
279 2281
280 2287
281 2293
282 2299
283 2305
284 2311
285 2317
286 2323
287 2329
288 2335
289 2341
290 2347
291 2353
292 2359
293 2365
294 2371
295 2377
296 2383
297 2389
298 2395
299 2401
300 2407
301 2413
302 2419
303 2425
304 2431
305 2437
306 2443
307 2449
308 2455
309 2461
310 2467
311 2473
312 2479
313 2485
314 2491
315 2497
316 2503
317 2509
318 2515
319 2521
320 2527
321 2533
322 2539
323 2545
324 2551
325 2557
326 2563
327 2569
328 2575
329 2581
330 2587
331 2593
332 2599
333 2605
334 2611
335 2617
336 2623
337 2629
338 2635
339 2641
340 2647
341 2653
342 2659
343 2665
344 2671
345 2677
346 2683
347 2689
348 2695
349 2701
350 2707
351 2713
352 2719
353 2725
354 2731
355 2737
356 2743
357 2749
358 2755
359 2761
360 2767
361 2773
362 2779
363 2785
364 2791
365 2797
366 2803
367 2809
368 2815
369 2821
370 2827
371 2833
372 2839
373 2845
374 2851
375 2857
376 2863
377 2869
378 2875
379 2881
380 2887
381 2893
382 2899
383 2905
384 2911
385 2917
386 2923
387 2929
388 2935
389 2941
390 2947
391 2953
392 2959
393 2965
394 2971
395 2977
396 2983
397 2989
398 2995
399 3001
400 3007
401 3013
402 3019
403 3025
404 3031
405 3037
406 3043
407 3049
408 3055
409 3061
410 3067
411 3073
412 3079
413 3085
414 3091
415 3097
416 3103
417 3109
418 3115
419 3121
420 3127
421 3133
422 3139
423 3145
424 3151
425 3157
426 3163
427 3169
428 3175
429 3181
430 3187
431 3193
432 3199
433 3205
434 3211
435 3217
436 3223
437 3229
438 3235
439 3241
440 3247
441 3253
442 3259
443 3265
444 3271
445 3277
446 3283
447 3289
448 3295
449 3301
450 3307
451 3313
452 3319
453 3325
454 3331
455 3337
456 3343
457 3349
458 3355
459 3361
460 3367
461 3373
462 3379
463 3385
464 3391
465 3397
466 3403
467 3409
468 3415
469 3421
470 3427
471 3433
472 3439
473 3445
474 3451
475 3457
476 3463
477 3469
478 3475
479 3481
480 3487
481 3493
482 3499
483 3505
484 3511
485 3517
486 3523
487 3529
488 3535
489 3541
490 3547
491 3553
492 3559
493 3565
494 3571
495 3577
496 3583
497 3589
498 3595
499 3601
500 3607
501 3613
502 3619
503 3625
504 3631
505 3637
506 3643
507 3649
508 3655
509 3661
510 3667
511 3673
512 3679
513 3685
514 3691
515 3697
516 3703
517 3709
518 3715
519 3721
520 3727
521 3733
522 3739
523 3745
524 3751
525 3757
526 3763
527 3769
528 3775
529 3781
530 3787
531 3793
532 3799
533 3805
534 3811
535 3817
536 3823
537 3829
538 3835
539 3841
540 3847
541 3853
542 3859
543 3865
544 3871
545 3877
546 3883
547 3889
548 3895
549 3901
550 3907
551 3913
552 3919
553 3925
554 3931
555 3937
556 3943
557 3949
558 3955
559 3961
560 3967
561 3973
562 3979
563 3985
564 3991
565 3997
566 4003
567 4009
568 4015
569 4021
570 4027
571 4033
572 4039
573 4045
574 4051
575 4057
576 4063
577 4069
578 4075
579 4081
580 4087
581 4093
582 4099
583 4105
584 4111
585 4117
586 4123
587 4129
588 4135
589 4141
590 4147
591 4153
592 4159
593 4165
594 4171
595 4177
596 4183
597 4189
598 4195
599 4201
600 4207
601 4213
602 4219
603 4225
604 4231
605 4237
606 4243
607 4249
608 4255
609 4261
610 4267
611 4273
612 4279
613 4285
614 4291
615 4297
616 4303
617 4309
618 4315
619 4321
620 4327
621 4333
622 4339
623 4345
624 4351
625 4357
626 4363
627 4369
628 4375
629 4381
630 4387
631 4393
632 4399
633 4405
634 4411
635 4417
636 4423
637 4429
638 4435
639 4441
640 4447
641 4453
642 4459
643 4465
644 4471
645 4477
646 4483
647 4489
648 4495
649 4501
650 4507
651 4513
652 4519
653 4525
654 4531
655 4537
656 4543
657 4549
658 4555
659 4561
660 4567
661 4573
662 4579
663 4585
664 4591
665 4597
666 4603
667 4609
668 4615
669 4621
670 4627
671 4633
672 4639
673 4645
674 4651
675 4657
676 4663
677 4669
678 4675
679 4681
680 4687
681 4693
682 4699
683 4705
684 4711
685 4717
686 4723
687 4729
688 4735
689 4741
690 4747
691 4753
692 4759
693 4765
694 4771
695 4777
696 4783
697 4789
698 4795
699 4801
700 4807
701 4813
702 4819
703 4825
704 4831
705 4837
706 4843
707 4849
708 4855
709 4856
710 4862
711 4868
712 4874
718 4877
719 4881
720 4884
721 4890
722 4895
723 4901
724 4904
725 4907
726 4913
727 4919
728 4925
729 4931
730 4937
731 4943
732 4949
733 4955
734 4961
735 4967
736 4973
737 4979
738 4985
739 4991
740 4997
741 5003
742 5009
743 5015
744 5021
745 5027
746 5033
747 5039
748 5045
749 5051
750 5057
751 5063
752 5069
753 5075
754 5081
755 5087
756 5093
757 5099
758 5105
759 5111
760 5117
761 5123
762 5129
763 5135
764 5141
765 5147
766 5153
767 5159
768 5165
769 5171
770 5177
771 5183
772 5189
773 5195
774 5201
775 5207
776 5213
777 5219
778 5225
779 5231
780 5237
781 5243
782 5249
783 5255
784 5261
785 5267
786 5273
787 5279
788 5285
789 5291
790 5297
791 5303
792 5309
793 5315
794 5321
795 5327
796 5333
797 5339
798 5345
799 5351
800 5357
801 5363
802 5369
803 5375
804 5381
805 5387
806 5393
807 5399
808 5405
809 5411
810 5417
811 5423
812 5429
813 5435
814 5441
815 5447
816 5453
817 5459
818 5465
819 5471
820 5477
821 5483
822 5489
823 5495
824 5501
825 5507
826 5513
827 5519
828 5525
829 5531
830 5537
831 5543
832 5549
833 5555
834 5561
835 5567
836 5573
837 5579
838 5585
839 5591
840 5597
841 5603
842 5609
843 5615
844 5621
845 5627
846 5633
847 5639
848 5645
849 5651
850 5657
851 5663
852 5669
853 5675
854 5681
855 5687
856 5693
857 5699
860 5704
863 5705
864 5710
866 5714
867 5719
868 5725
869 5731
870 5737
871 5743
872 5749
873 5755
874 5761
875 5767
876 5773
877 5779
878 5785
879 5791
880 5797
881 5803
882 5809
883 5815
884 5821
885 5827
886 5833
887 5839
888 5842
889 5848
890 5854
891 5860
892 5866
893 5872
894 5878
895 5884
896 5890
897 5896
898 5902
899 5908
900 5914
901 5920
902 5926
903 5932
904 5938
905 5944
906 5950
907 5956
908 5962
909 5968
910 5974
911 5980
912 5986
913 5992
914 5998
915 6004
916 6010
917 6016
918 6022
919 6028
920 6034
921 6040
922 6046
923 6052
924 6058
925 6064
926 6070
927 6076
928 6082
929 6088
930 6094
931 6100
932 6106
933 6112
934 6118
935 6124
936 6130
937 6136
938 6142
939 6148
940 6154
941 6160
942 6166
943 6172
944 6178
945 6184
946 6190
947 6196
948 6202
949 6208
950 6214
951 6220
952 6226
953 6232
954 6238
955 6244
956 6250
957 6256
958 6262
959 6268
960 6274
961 6280
962 6286
963 6292
964 6298
965 6304
966 6310
967 6316
968 6322
969 6328
970 6334
971 6340
972 6346
973 6352
974 6358
975 6364
976 6370
977 6376
978 6382
979 6388
980 6394
981 6400
982 6406
983 6412
984 6418
985 6424
986 6430
987 6436
988 6442
989 6448
990 6454
991 6460
992 6466
993 6472
994 6478
995 6484
996 6490
997 6496
998 6502
999 6508
1000 6514
1001 6520
1002 6526
1003 6532
1004 6538
1005 6544
1006 6550
1007 6556
1008 6562
1009 6567
1010 6569
1011 6575
1012 6581
1013 6587
1014 6593
1016 6600
1017 6606
1018 6612
1019 6618
1020 6624
1021 6630
1022 6636
1023 6642
1024 6648
1025 6654
1026 6660
1027 6666
1028 6672
1029 6678
1030 6684
1031 6691
1032 6697
1033 6703
1034 6709
1035 6715
1036 6721
1037 6727
1038 6733
1039 6738
1040 6744
1041 6750
1042 6756
1043 6762
1044 6768
1045 6774
1046 6780
1047 6786
1048 6792
1049 6798
1050 6804
1051 6810
1052 6816
1053 6822
1054 6828
1055 6834
1056 6840
1057 6846
1058 6852
1059 6858
1060 6864
1061 6870
1062 6876
1063 6882
1064 6888
1065 6894
1066 6900
1067 6906
1068 6912
1069 6918
1070 6924
1071 6930
1072 6936
1073 6942
1074 6948
1075 6954
1076 6960
1077 6966
1078 6972
1079 6978
1080 6985
1081 6991
1082 6997
1083 7003
1084 7009
1085 7015
1086 7021
1087 7027
1088 7033
1089 7039
1090 7045
1091 7051
1092 7057
1093 7063
1094 7069
1095 7075
1096 7080
1097 7086
1098 7092
1099 7098
1100 7104
1101 7110
1102 7116
1103 7122
1104 7128
1105 7134
1106 7140
1107 7146
1108 7152
1109 7158
1110 7164
1111 7170
1112 7176
1113 7182
1114 7188
1115 7194
1116 7200
1117 7206
1118 7212
1119 7218
1120 7224
1121 7230
1122 7236
1123 7242
1124 7248
1125 7254
1126 7260
1127 7266
1128 7272
1129 7278
1130 7284
1131 7290
1132 7296
1133 7302
1134 7308
1135 7314
1136 7320
1137 7326
1138 7332
1139 7338
1140 7344
1141 7350
1142 7356
1143 7362
1144 7368
1145 7374
1146 7380
1147 7386
1148 7392
1149 7398
1150 7404
1151 7410
1152 7416
1153 7422
1154 7428
1155 7434
1156 7440
1157 7446
1158 7452
1159 7458
1160 7464
1161 7470
1162 7476
1163 7482
1164 7488
1165 7494
1166 7500
1167 7506
1168 7512
1169 7518
1170 7524
1171 7530
1172 7536
1173 7542
1174 7548
1175 7554
1176 7560
1177 7566
1178 7572
1179 7578
1180 7584
1181 7590
1182 7596
1183 7602
1184 7608
1185 7614
1186 7620
1187 7626
1188 7632
1189 7638
1190 7644
1207 7645
1208 7649
1209 7655
1210 7661
1211 7667
1212 7673
1213 7679
1214 7685
1215 7691
1216 7697
1217 7703
1218 7706
1219 7712
1220 7718
1221 7724
1222 7730
1223 7736
1224 7742
1225 7748
1226 7754
1227 7761
1228 7767
1229 7773
1230 7779
1231 7785
1232 7791
1233 7797
1234 7803
1235 7809
1236 7815
1237 7821
1238 7827
1239 7833
1240 7839
1241 7845
1242 7851
1243 7857
1244 7863
1245 7869
1246 7875
1247 7881
1248 7887
1249 7893
1250 7899
1251 7905
1252 7911
1253 7917
1254 7923
1255 7929
1256 7935
1257 7941
1258 7947
1259 7953
1260 7958
1261 7964
1262 7970
1263 7976
1264 7982
1265 7988
1266 7994
1267 8000
1268 8007
1269 8013
1270 8019
1271 8025
1272 8031
1273 8037
1274 8043
1275 8049
1276 8055
1277 8061
1278 8067
1279 8073
1280 8079
1281 8085
1282 8091
1283 8097
1284 8102
1285 8108
1286 8114
1287 8120
1288 8126
1289 8132
1290 8138
1291 8144
1292 8150
1293 8156
1294 8162
1295 8168
1296 8174
1297 8180
1298 8186
1299 8192
1300 8198
1301 8204
1302 8210
1303 8216
1304 8222
1305 8228
1306 8234
1307 8240
1308 8246
1309 8253
1310 8259
1311 8265
1312 8271
1313 8277
1314 8283
1315 8289
1316 8295
1317 8300
1318 8306
1319 8312
1320 8318
1321 8324
1322 8330
1323 8336
1324 8342
1325 8348
1326 8354
1327 8360
1328 8366
1329 8372
1330 8378
1331 8384
1332 8390
1333 8396
1334 8402
1335 8408
1336 8414
1337 8420
1338 8426
1339 8432
1340 8438
1341 8444
1342 8450
1343 8455
1344 8459
1345 8465
1346 8471
1347 8477
1348 8483
1349 8489
1350 8495
1351 8501
1352 8507
1353 8513
1354 8519
1355 8525
1356 8531
1357 8537
1358 8543
1359 8549
1360 8555
1361 8561
1362 8567
1363 8573
1364 8579
1365 8585
1366 8592
1367 8598
1368 8604
1369 8610
1370 8616
1371 8622
1372 8628
1373 8634
1374 8640
1375 8646
1376 8652
1377 8658
1378 8664
1379 8670
1380 8676
1381 8682
1382 8687
1383 8693
1384 8699
1385 8705
1386 8711
1387 8717
1388 8723
1389 8729
1390 8735
1391 8742
1392 8748
1393 8754
1394 8760
1395 8766
1396 8772
1397 8778
1398 8784
1399 8790
1400 8796
1401 8802
1402 8808
1403 8814
1404 8820
1405 8826
1406 8832
1407 8838
1408 8844
1409 8850
1410 8856
1411 8862
1412 8868
1413 8874
1414 8880
1415 8886
1416 8892
1417 8898
1418 8904
1419 8910
1420 8916
1421 8922
1422 8928
1423 8934
1424 8940
1425 8946
1426 8952
1427 8958
1428 8964
1429 8970
1430 8976
1431 8982
1432 8988
1433 8994
1434 9000
1435 9006
1436 9012
1437 9018
1438 9024
1439 9030
1440 9036
1441 9042
1442 9048
1443 9054
1444 9060
1445 9066
1446 9072
1447 9078
1448 9084
1449 9090
1450 9096
1451 9102
1452 9108
1453 9114
1454 9120
1455 9126
1456 9132
1457 9138
1458 9144
1459 9150
1460 9156
1461 9162
1462 9168
1463 9174
1464 9180
1465 9186
1466 9192
1467 9198
1468 9204
1469 9210
1470 9216
1471 9222
1472 9228
1473 9234
1474 9240
1475 9246
1476 9252
1477 9258
1478 9264
1479 9270
1480 9276
1481 9282
1482 9288
1483 9294
1484 9300
1485 9306
1486 9312
1487 9318
1488 9324
1489 9330
1490 9336
1491 9342
1492 9348
1493 9354
1494 9360
1495 9366
1496 9372
1497 9378
1498 9384
1499 9390
1500 9396
1501 9402
1502 9408
1503 9414
1504 9420
1505 9426
1506 9432
1507 9438
1508 9444
1509 9450
1510 9456
1511 9462
1512 9468
1513 9474
1514 9480
1515 9486
1516 9492
1517 9498
1518 9504
1519 9510
1520 9516
1521 9522
1522 9527
1523 9531
1524 9537
1525 9543
1526 9549
1527 9555
1528 9561
1529 9567
1530 9573
1531 9579
1532 9585
1533 9591
1534 9597
1535 9603
1536 9609
1537 9615
1538 9621
1539 9627
1540 9633
1541 9639
1542 9645
1543 9651
1544 9657
1545 9663
1546 9669
1547 9675
1548 9681
1549 9687
1550 9693
1551 9699
1552 9705
1553 9711
1554 9717
1555 9723
1556 9729
1557 9735
1558 9741
1559 9747
1560 9753
1561 9759
1562 9765
1563 9771
1564 9777
1565 9783
1566 9789
1567 9795
1568 9801
1569 9807
1570 9813
1571 9819
1572 9825
1573 9831
1574 9837
1575 9843
1576 9849
1577 9855
1578 9861
1579 9867
1580 9873
1581 9879
1582 9885
1583 9891
1584 9897
1585 9903
1586 9909
1587 9915
1588 9921
1589 9927
1590 9933
1591 9939
1592 9945
1593 9951
1594 9957
1595 9962
1596 9968
1597 9974
1598 9980
1599 9986
1600 9992
1601 9998
1602 10004
1603 10011
1604 10017
1605 10023
1606 10029
1607 10035
1608 10041
1609 10047
1610 10053
1611 10059
1612 10065
1613 10071
1614 10077
1615 10083
1616 10089
1617 10095
1618 10101
1619 10106
1620 10112
1621 10118
1622 10124
1623 10130
1624 10136
1625 10142
1626 10148
1627 10155
1628 10161
1629 10167
1630 10173
1631 10179
1632 10185
1633 10191
1634 10197
1635 10203
1636 10209
1637 10215
1638 10221
1639 10227
1640 10233
1641 10239
1642 10245
1643 10251
1644 10257
1645 10263
1646 10269
1647 10275
1648 10281
1649 10287
1650 10293
1651 10299
1652 10305
1653 10311
1654 10317
1655 10323
1656 10329
1657 10335
1658 10341
1659 10347
1660 10353
1661 10359
1662 10365
1663 10371
1664 10377
1665 10383
1666 10389
1667 10395
1668 10401
1669 10407
1670 10413
1671 10419
1672 10425
1673 10431
1674 10437
1675 10443
1676 10449
1677 10455
1678 10461
1679 10467
1680 10473
1681 10479
1682 10485
1683 10491
1684 10497
1685 10503
1686 10509
1687 10515
1688 10521
1689 10527
1690 10533
1691 10539
1692 10545
1693 10551
1694 10557
1695 10563
1696 10569
1697 10575
1698 10581
1699 10587
1700 10593
1701 10599
1702 10605
1703 10611
1704 10617
1705 10623
1706 10629
1707 10635
1708 10641
1709 10647
1710 10653
1711 10659
1712 10665
1713 10671
1714 10677
1715 10683
1716 10689
1717 10695
1718 10701
1719 10707
1720 10713
1721 10719
1722 10725
1723 10731
1724 10737
1725 10743
1726 10749
1727 10755
1728 10761
1729 10767
1730 10773
1731 10779
1732 10785
1733 10791
1734 10797
1735 10803
1736 10809
1737 10815
1738 10821
1739 10827
1740 10833
1741 10839
1742 10845
1743 10851
1744 10857
1745 10863
1746 10869
1747 10875
1748 10881
1749 10887
1750 10893
1751 10899
1752 10905
1753 10911
1754 10917
1755 10923
1756 10929
1757 10935
1758 10941
1759 10947
1760 10953
1761 10959
1762 10965
1763 10971
1764 10977
1765 10983
1766 10989
1767 10995
1768 11001
1769 11007
1770 11013
1771 11019
1772 11025
1773 11031
1774 11037
1775 11043
1776 11049
1777 11055
1778 11061
1779 11067
1780 11073
1781 11079
1782 11085
1783 11091
1784 11097
1785 11103
1786 11109
1787 11115
1788 11121
1789 11127
1790 11133
1791 11139
1792 11145
1793 11151
1794 11157
1795 11163
1796 11169
1797 11175
1798 11181
1799 11187
1800 11193
1801 11199
1802 11205
1803 11211
1804 11217
1805 11223
1806 11229
1807 11235
1808 11241
1809 11247
1810 11253
1811 11259
1812 11265
1813 11271
1814 11277
1815 11283
1816 11289
1817 11295
1818 11301
1819 11307
1820 11313
1821 11319
1822 11325
1823 11331
1824 11337
1825 11343
1826 11349
1827 11355
1828 11361
1829 11367
1830 11373
1831 11379
1832 11385
1833 11391
1834 11397
1835 11403
1836 11409
1837 11415
1838 11421
1839 11427
1840 11433
1841 11439
1842 11445
1843 11451
1844 11457
1845 11463
1846 11469
1847 11475
1848 11481
1849 11487
1850 11493
1851 11499
1852 11505
1853 11511
1854 11517
1855 11523
1856 11529
1857 11535
1858 11541
1859 11547
1860 11553
1861 11559
1862 11565
1863 11571
1864 11577
1865 11583
1887 11589
1888 11595
1889 11601
1890 11607
1891 11613
1892 11619
1893 11625
1894 11631
1895 11637
1896 11643
1897 11649
1898 11655
1899 11661
1900 11667
1901 11673
1902 11679
1903 11685
1904 11691
1905 11697
1906 11703
1907 11709
1908 11715
1909 11721
1910 11727
1911 11733
1912 11739
1913 11745
1914 11751
1915 11757
1916 11763
1917 11769
1918 11775
1919 11781
1920 11787
1921 11793
1922 11799
1923 11805
1924 11811
1925 11817
1926 11823
1927 11829
1928 11835
1929 11841
1930 11847
1931 11853
1932 11859
1933 11865
1934 11871
1935 11877
1936 11883
1937 11889
1938 11895
1939 11901
1940 11907
1941 11913
1942 11919
1943 11925
1944 11931
1945 11937
1946 11943
1947 11949
1948 11955
1949 11961
1950 11967
1951 11973
1952 11979
1953 11985
1954 11991
1955 11997
1956 12003
1957 12009
1958 12015
1959 12021
1960 12027
1961 12033
1962 12039
1963 12045
1964 12051
1965 12057
1966 12063
1967 12069
1968 12075
1969 12081
1970 12087
1971 12093
1972 12099
1973 12105
1974 12111
1975 12117
1976 12123
1977 12129
1978 12135
1979 12141
1980 12147
1981 12153
1982 12159
1983 12165
1984 12171
1985 12177
1986 12183
1987 12189
1988 12195
1989 12201
1990 12207
1991 12213
1992 12219
1993 12225
1994 12231
1995 12237
1996 12243
1997 12249
1998 12255
1999 12261
2000 12267
2001 12273
2002 12279
2003 12285
2004 12291
2005 12297
2006 12303
2007 12309
2008 12315
2009 12321
2010 12327
2011 12333
2012 12339
2013 12345
2014 12351
2015 12357
2016 12363
2017 12369
2018 12375
2019 12381
2020 12387
2021 12393
2022 12399
2023 12405
2024 12411
2025 12417
2026 12423
2027 12429
2028 12435
2029 12441
2030 12447
2031 12453
2032 12459
2033 12465
2034 12471
2035 12477
2036 12483
2037 12489
2038 12495
2039 12501
2040 12507
2041 12513
2042 12519
2043 12525
2044 12531
2045 12537
2046 12543
2047 12549
2048 12555
2049 12561
2050 12567
2051 12573
2052 12579
2053 12585
2054 12591
2055 12597
2056 12603
2057 12609
2058 12615
2059 12621
2060 12627
2061 12633
2062 12639
2063 12645
2064 12651
2065 12657
2066 12663
2067 12669
2068 12675
2069 12681
2070 12687
2071 12693
2072 12699
2073 12705
2074 12711
2075 12717
2076 12723
2077 12729
2078 12735
2079 12741
2080 12747
2081 12753
2082 12759
2083 12765
2084 12771
2085 12777
2086 12783
2087 12789
2088 12795
2089 12801
2090 12807
2091 12810
2092 12815
2093 12821
2094 12827
2095 12833
2096 12839
2097 12845
2098 12851
2099 12857
2100 12863
2101 12869
2102 12875
2103 12881
2104 12887
2105 12893
2106 12899
2107 12905
2108 12908
2109 12914
2110 12920
2111 12926
2112 12932
2113 12938
2114 12944
2115 12950
2116 12956
2117 12962
2118 12968
2119 12974
2120 12980
2121 12986
2122 12992
2123 12998
2124 13004
2125 13010
2126 13016
2127 13022
2128 13028
2129 13034
2130 13040
2131 13046
2132 13052
2133 13058
2134 13064
2135 13070
2136 13076
2137 13082
2138 13088
2139 13094
2140 13100
2141 13106
2142 13112
2143 13118
2144 13124
2145 13130
2146 13136
2147 13142
2148 13148
2149 13154
2150 13160
2151 13166
2152 13172
2153 13178
2154 13184
2155 13190
2156 13196
2157 13202
2158 13208
2159 13214
2160 13220
2161 13226
2162 13232
2163 13238
2164 13244
2165 13250
2166 13256
2167 13262
2168 13268
2169 13274
2170 13280
2171 13286
2172 13292
2173 13298
2174 13304
2175 13310
2176 13316
2177 13322
2178 13328
2179 13334
2180 13340
2181 13346
2182 13352
2183 13358
2184 13364
2185 13370
2186 13376
2187 13382
2188 13388
2189 13394
2190 13400
2191 13406
2192 13412
2193 13418
2194 13424
2195 13430
2196 13436
2197 13442
2198 13448
2199 13454
2200 13460
2201 13466
2202 13472
2203 13478
2204 13484
2205 13490
2206 13496
2207 13502
2208 13508
2209 13514
2210 13520
2211 13526
2212 13532
2213 13538
2214 13544
2215 13550
2216 13556
2217 13562
2218 13568
2219 13574
2220 13580
2221 13586
2222 13592
2223 13598
2224 13604
2225 13610
2226 13616
2227 13622
2228 13628
2229 13634
2230 13640
2231 13646
2232 13652
2233 13658
2234 13664
2235 13670
2236 13676
2237 13682
2238 13688
2239 13694
2240 13700
2241 13706
2242 13712
2243 13718
2244 13724
2245 13730
2246 13736
2247 13742
2248 13748
2249 13754
2250 13760
2251 13766
2252 13772
2253 13778
2254 13784
2255 13790
2256 13796
2257 13802
2258 13808
2259 13814
2260 13820
2261 13826
2262 13832
2263 13838
2264 13844
2265 13850
2266 13856
2267 13862
2268 13868
2269 13874
2270 13880
2271 13886
2272 13892
2273 13898
2274 13904
2275 13910
2276 13916
2277 13922
2278 13928
2279 13934
2280 13940
2281 13946
2282 13952
2283 13958
2284 13964
2285 13967
2286 13973
2287 13979
2288 13985
2289 13988
2290 13994
2291 14000
2292 14006
2293 14012
2294 14018
2295 14024
2296 14027
2297 14033
2298 14039
2299 14045
2300 14051
2301 14057
2302 14063
2303 14069
2304 14075
2305 14081
2306 14087
2307 14093
2308 14099
2309 14105
2310 14111
2311 14117
2312 14122
2313 14123
2314 14124
2315 14125
2316 14126
2317 14130
2318 14136
2319 14139
2320 14145
2321 14151
2322 14157
2323 14163
2324 14169
2325 14175
2326 14181
2327 14187
2328 14193
2329 14199
2330 14205
2331 14211
2332 14217
2333 14223
2334 14229
2335 14235
2336 14241
2337 14247
2338 14253
2339 14259
2340 14265
2341 14271
2342 14277
2343 14283
2344 14289
2345 14295
2346 14301
2347 14307
2348 14313
2349 14319
2350 14325
2351 14331
2352 14337
2353 14343
2354 14349
2355 14355
2356 14361
2357 14367
2358 14373
2359 14379
2360 14385
2361 14391
2362 14397
2363 14403
2364 14409
2365 14415
2366 14421
2367 14427
2368 14433
2369 14439
2370 14445
2371 14451
2372 14457
2373 14463
2374 14469
2375 14475
2376 14481
2377 14487
2378 14493
2379 14499
2380 14505
2381 14511
2382 14517
2383 14523
2384 14529
2385 14535
2386 14541
2387 14547
2388 14553
2389 14559
2390 14565
2391 14571
2392 14577
2393 14583
2394 14589
2395 14595
2396 14601
2397 14607
2398 14613
2399 14619
2400 14625
2401 14631
2402 14637
2403 14643
2404 14649
2405 14655
2406 14661
2407 14667
2408 14673
2409 14679
2410 14685
2411 14691
2412 14697
2413 14703
2414 14709
2415 14715
2416 14721
2417 14727
2418 14733
2419 14739
2420 14745
2421 14751
2422 14757
2423 14763
2424 14769
2425 14775
2426 14781
2427 14787
2428 14793
2429 14799
2430 14805
2431 14811
2432 14817
2433 14823
2434 14829
2435 14835
2436 14841
2437 14847
2438 14853
2439 14859
2440 14865
2441 14871
2442 14877
2443 14883
2444 14889
2445 14895
2446 14901
2447 14907
2448 14913
2449 14919
2450 14925
2451 14931
2452 14937
2453 14943
2454 14949
2455 14955
2456 14961
2457 14967
2458 14973
2459 14979
2460 14985
2461 14991
2462 14997
2463 15003
2464 15009
2465 15015
2466 15021
2467 15027
2468 15033
2469 15039
2470 15045
2471 15051
2472 15057
2473 15063
2474 15069
2475 15075
2476 15081
2477 15087
2478 15093
2479 15099
2480 15105
2481 15111
2482 15117
2483 15123
2484 15129
2485 15135
2486 15141
2487 15147
2488 15153
2489 15159
2490 15165
2491 15171
2492 15177
2493 15183
2494 15189
2495 15195
2496 15201
2497 15207
2498 15213
2499 15219
2500 15225
2501 15231
2502 15237
2503 15243
2504 15249
2505 15255
2506 15261
2507 15267
2508 15273
2509 15279
2510 15285
2511 15291
2512 15297
2513 15303
2514 15309
2515 15315
2516 15321
2517 15327
2518 15333
2519 15339
2520 15345
2521 15351
2522 15357
2523 15363
2524 15369
2525 15375
2526 15381
2527 15387
2528 15393
2529 15399
2530 15405
2531 15411
2532 15417
2533 15423
2534 15429
2535 15435
2536 15441
2537 15447
2538 15453
2539 15459
2540 15465
2541 15471
2542 15477
2543 15483
2544 15489
2545 15495
2546 15501
2547 15507
2548 15513
2549 15519
2550 15525
2551 15531
2552 15537
2553 15543
2554 15549
2555 15555
2556 15561
2557 15567
2558 15573
2559 15579
2560 15585
2561 15591
2562 15597
2563 15603
2564 15609
2565 15615
2566 15621
2567 15627
2568 15633
2569 15639
2570 15645
2571 15651
2572 15657
2573 15663
2574 15669
2575 15675
2576 15681
2577 15687
2578 15693
2579 15699
2580 15705
2581 15711
2582 15717
2583 15723
2584 15729
2585 15735
2586 15741
2587 15747
2588 15753
2589 15759
2590 15765
2591 15771
2592 15777
2593 15783
2594 15789
2595 15795
2596 15801
2597 15807
2598 15813
2599 15819
2600 15825
2601 15831
2602 15837
2603 15843
2604 15849
2605 15855
2606 15861
2607 15867
2608 15873
2609 15879
2610 15885
2611 15891
2612 15897
2613 15903
2614 15909
2615 15915
2616 15921
2617 15927
2618 15933
2619 15939
2620 15945
2621 15951
2622 15957
2623 15963
2624 15969
2625 15975
2626 15981
2627 15987
2628 15993
2629 15999
2630 16005
2631 16011
2632 16017
2633 16023
2634 16029
2635 16035
2636 16041
2637 16047
2638 16053
2639 16059
2640 16065
2641 16071
2642 16077
2643 16083
2644 16089
2645 16095
2646 16101
2647 16107
2648 16113
2649 16119
2650 16125
2651 16131
2652 16137
2653 16143
2654 16149
2655 16155
2656 16161
2657 16167
2658 16173
2659 16179
2660 16185
2661 16191
2662 16197
2663 16203
2664 16209
2665 16215
2666 16221
2667 16227
2668 16233
2669 16239
2670 16245
2671 16251
2672 16257
2673 16263
2674 16269
2675 16275
2676 16281
2677 16287
2678 16293
2679 16299
2680 16305
2681 16311
2682 16317
2683 16323
2684 16329
2685 16335
2686 16341
2687 16347
2688 16353
2689 16359
2690 16365
2691 16371
2692 16377
2693 16383
2694 16389
2695 16395
2696 16401
2697 16407
2698 16413
2699 16419
2700 16425
2701 16431
2702 16437
2703 16443
2704 16449
2705 16455
2706 16461
2707 16467
2708 16473
2709 16479
2710 16485
2711 16491
2712 16497
2713 16503
2714 16509
2715 16515
2716 16521
2717 16527
2718 16533
2719 16539
