0 715
1 721
2 727
3 733
4 739
5 745
6 751
7 757
8 763
9 769
10 775
11 781
12 787
13 793
14 799
15 805
16 811
17 817
18 823
19 829
20 835
21 841
22 847
23 853
24 859
25 865
26 871
27 877
28 883
29 889
30 895
31 901
32 907
33 913
34 919
35 925
36 931
37 937
38 943
39 949
40 955
41 961
42 967
43 973
44 979
45 985
46 991
47 997
48 1003
49 1009
50 1015
51 1021
52 1027
53 1033
54 1039
55 1045
56 1051
57 1057
58 1063
59 1069
60 1075
61 1081
62 1087
63 1093
64 1099
65 1105
66 1111
67 1117
68 1123
69 1129
70 1135
71 1141
72 1147
73 1153
74 1159
75 1165
76 1171
77 1177
78 1183
79 1189
80 1195
81 1201
82 1207
83 1213
84 1219
85 1225
86 1231
87 1237
88 1243
89 1249
90 1255
91 1261
92 1267
93 1273
94 1279
95 1285
96 1291
97 1297
98 1303
99 1309
100 1315
101 1321
102 1327
103 1333
104 1339
105 1345
106 1351
107 1357
108 1363
109 1369
110 1375
111 1381
112 1387
113 1393
114 1399
115 1405
116 1411
117 1417
118 1423
119 1429
120 1435
121 1441
122 1447
123 1453
124 1459
125 1465
126 1471
127 1477
128 1483
129 1489
130 1495
131 1501
132 1507
133 1513
134 1519
135 1525
136 1531
137 1537
138 1543
139 1549
140 1555
141 1561
142 1567
143 1573
144 1579
145 1585
146 1591
147 1597
148 1603
149 1609
150 1615
151 1621
152 1627
153 1633
154 1639
155 1645
156 1651
157 1657
158 1663
159 1669
160 1675
161 1681
162 1687
163 1693
164 1699
165 1705
166 1711
167 1717
168 1723
169 1729
170 1735
171 1741
172 1747
173 1753
174 1759
175 1765
176 1771
177 1777
178 1783
179 1789
180 1795
181 1801
182 1807
183 1813
184 1819
185 1825
186 1831
187 1837
188 1843
189 1849
190 1855
191 1861
192 1867
193 1873
194 1879
195 1885
196 1891
197 1897
198 1903
199 1909
200 1915
201 1921
202 1927
203 1933
204 1939
205 1945
206 1951
207 1957
208 1963
209 1969
210 1975
211 1981
212 1987
213 1993
214 1999
215 2005
216 2011
217 2017
218 2023
219 2029
220 2035
221 2041
222 2047
223 2053
224 2059
225 2065
226 2071
227 2077
228 2083
229 2089
230 2095
231 2101
232 2107
233 2113
234 2119
235 2125
236 2131
237 2137
238 2143
239 2149
240 2155
241 2161
242 2167
243 2173
244 2179
245 2185
246 2191
247 2197
248 2203
249 2209
250 2215
251 2221
252 2227
253 2233
254 2239
255 2245
256 2251
257 2257
258 2263
259 2269
260 2275
261 2281
262 2287
263 2293
264 2299
265 2305
266 2311
267 2317
268 2323
269 2329
270 2335
271 2341
272 2347
273 2353
274 2359
275 2365
276 2371
277 2377
278 2383
279 2389
280 2395
281 2401
282 2407
283 2413
284 2419
285 2425
286 2431
287 2437
288 2443
289 2449
290 2455
291 2461
292 2467
293 2473
294 2479
295 2485
296 2491
297 2497
298 2503
299 2509
300 2515
301 2521
302 2527
303 2533
304 2539
305 2545
306 2551
307 2557
308 2563
309 2569
310 2575
311 2581
312 2587
313 2593
314 2599
315 2605
316 2611
317 2617
318 2623
319 2629
320 2635
321 2641
322 2647
323 2653
324 2659
325 2665
326 2671
327 2677
328 2683
329 2689
330 2695
331 2701
332 2707
333 2713
334 2719
335 2725
336 2731
337 2737
338 2743
339 2749
340 2755
341 2761
342 2767
343 2773
344 2779
345 2785
346 2791
347 2797
348 2803
349 2809
350 2815
351 2821
352 2827
353 2833
354 2839
355 2845
356 2851
357 2857
358 2863
359 2869
360 2875
361 2881
362 2887
363 2893
364 2899
365 2905
366 2911
367 2917
368 2923
369 2929
370 2935
371 2941
372 2947
373 2953
374 2959
375 2965
376 2971
377 2977
378 2983
379 2989
380 2995
381 3001
382 3007
383 3013
384 3019
385 3025
386 3031
387 3037
388 3043
389 3049
390 3055
391 3061
392 3067
393 3073
394 3079
395 3085
396 3091
397 3097
398 3103
399 3109
400 3115
401 3121
402 3127
403 3133
404 3139
405 3145
406 3151
407 3157
408 3163
409 3169
410 3175
411 3181
412 3187
413 3193
414 3199
415 3205
416 3211
417 3217
418 3223
419 3229
420 3235
421 3241
422 3247
423 3253
424 3259
425 3265
426 3271
427 3277
428 3283
429 3289
430 3295
431 3301
432 3307
433 3313
434 3319
435 3325
436 3331
437 3337
438 3343
439 3349
440 3355
441 3361
442 3367
443 3373
444 3379
445 3385
446 3391
447 3397
448 3403
449 3409
450 3415
451 3421
452 3427
453 3433
454 3439
455 3445
456 3451
457 3457
458 3463
459 3469
460 3475
461 3481
462 3487
463 3493
464 3499
465 3505
466 3511
467 3517
468 3523
469 3529
470 3535
471 3541
472 3547
473 3553
474 3559
475 3565
476 3571
477 3577
478 3583
479 3589
480 3595
481 3601
482 3607
483 3613
484 3619
485 3625
486 3631
487 3637
488 3643
489 3649
490 3655
491 3661
492 3667
493 3673
494 3679
495 3685
496 3691
497 3697
498 3703
499 3709
500 3715
501 3721
502 3727
503 3733
504 3739
505 3745
506 3751
507 3757
508 3763
509 3769
510 3775
511 3781
512 3787
513 3793
514 3799
515 3805
516 3811
517 3817
518 3823
519 3829
520 3835
521 3841
522 3847
523 3853
524 3859
525 3865
526 3871
527 3877
528 3883
529 3889
530 3895
531 3901
532 3907
533 3913
534 3919
535 3925
536 3931
537 3937
538 3943
539 3949
540 3955
541 3961
542 3967
543 3973
544 3979
545 3985
546 3991
547 3997
548 4003
549 4009
550 4015
551 4021
552 4027
553 4033
554 4039
555 4045
556 4051
557 4057
558 4063
559 4069
560 4075
561 4081
562 4087
563 4093
564 4099
565 4105
566 4111
567 4117
568 4123
569 4129
570 4135
571 4141
572 4147
573 4153
574 4159
575 4165
576 4171
577 4177
578 4183
579 4189
580 4195
581 4201
582 4207
583 4213
584 4219
585 4225
586 4231
587 4237
588 4243
589 4249
590 4255
591 4261
592 4267
593 4273
594 4279
595 4285
596 4291
597 4297
598 4303
599 4309
600 4315
601 4321
602 4327
603 4333
604 4339
605 4345
606 4351
607 4357
608 4363
609 4369
610 4375
611 4381
612 4387
613 4393
614 4399
615 4405
616 4411
617 4417
618 4423
619 4429
620 4435
621 4441
622 4447
623 4453
624 4459
625 4465
626 4471
627 4477
628 4483
629 4489
630 4495
631 4501
632 4507
633 4513
634 4519
635 4525
636 4531
637 4537
638 4543
639 4549
640 4555
641 4561
642 4567
643 4573
644 4579
645 4585
646 4591
647 4597
648 4603
649 4609
650 4615
651 4621
652 4627
653 4633
654 4639
655 4645
656 4651
657 4657
658 4663
659 4669
660 4675
661 4681
662 4687
663 4693
664 4699
665 4705
666 4711
667 4717
668 4723
669 4729
670 4735
671 4741
672 4747
673 4753
674 4759
675 4765
676 4771
677 4777
678 4783
679 4789
680 4795
681 4801
682 4807
683 4813
684 4819
685 4825
686 4831
687 4837
688 4843
689 4849
690 4855
691 4856
692 4862
693 4868
694 4874
700 4877
701 4881
702 4884
703 4890
704 4895
705 4901
706 4904
707 4907
708 4913
709 4919
710 4925
711 4931
712 4937
713 4943
714 4949
715 4955
716 4961
717 4967
718 4973
719 4979
720 4985
721 4991
722 4997
723 5003
724 5009
725 5015
726 5021
727 5027
728 5033
729 5039
730 5045
731 5051
732 5057
733 5063
734 5069
735 5075
736 5081
737 5087
738 5093
739 5099
740 5105
741 5111
742 5117
743 5123
744 5129
745 5135
746 5141
747 5147
748 5153
749 5159
750 5165
751 5171
752 5177
753 5183
754 5189
755 5195
756 5201
757 5207
758 5213
759 5219
760 5225
761 5231
762 5237
763 5243
764 5249
765 5255
766 5261
767 5267
768 5273
769 5279
770 5285
771 5291
772 5297
773 5303
774 5309
775 5315
776 5321
777 5327
778 5333
779 5339
780 5345
781 5351
782 5357
783 5363
784 5369
785 5375
786 5381
787 5387
788 5393
789 5399
790 5405
791 5411
792 5417
793 5423
794 5429
795 5435
796 5441
797 5447
798 5453
799 5459
800 5465
801 5471
802 5477
803 5483
804 5489
805 5495
806 5501
807 5507
808 5513
809 5519
810 5525
811 5531
812 5537
813 5543
814 5549
815 5555
816 5561
817 5567
818 5573
819 5579
820 5585
821 5591
822 5597
823 5603
824 5609
825 5615
826 5621
827 5627
828 5633
829 5639
830 5645
831 5651
832 5657
833 5663
834 5669
835 5675
836 5681
837 5687
838 5693
839 5699
842 5704
845 5705
846 5710
848 5714
849 5719
850 5725
851 5731
852 5737
853 5743
854 5749
855 5755
856 5761
857 5767
858 5773
859 5779
860 5785
861 5791
862 5797
863 5803
864 5809
865 5815
866 5821
867 5827
868 5833
869 5839
870 5842
871 5848
872 5854
873 5860
874 5866
875 5872
876 5878
877 5884
878 5890
879 5896
880 5902
881 5908
882 5914
883 5920
884 5926
885 5932
886 5938
887 5944
888 5950
889 5956
890 5962
891 5968
892 5974
893 5980
894 5986
895 5992
896 5998
897 6004
898 6010
899 6016
900 6022
901 6028
902 6034
903 6040
904 6046
905 6052
906 6058
907 6064
908 6070
909 6076
910 6082
911 6088
912 6094
913 6100
914 6106
915 6112
916 6118
917 6124
918 6130
919 6136
920 6142
921 6148
922 6154
923 6160
924 6166
925 6172
926 6178
927 6184
928 6190
929 6196
930 6202
931 6208
932 6214
933 6220
934 6226
935 6232
936 6238
937 6244
938 6250
939 6256
940 6262
941 6268
942 6274
943 6280
944 6286
945 6292
946 6298
947 6304
948 6310
949 6316
950 6322
951 6328
952 6334
953 6340
954 6346
955 6352
956 6358
957 6364
958 6370
959 6376
960 6382
961 6388
962 6394
963 6400
964 6406
965 6412
966 6418
967 6424
968 6430
969 6436
970 6442
971 6448
972 6454
973 6460
974 6466
975 6472
976 6478
977 6484
978 6490
979 6496
980 6502
981 6508
982 6514
983 6520
984 6526
985 6532
986 6538
987 6544
988 6550
989 6556
990 6562
991 6567
992 6569
993 6575
994 6581
995 6587
996 6593
998 6600
999 6606
1000 6612
1001 6618
1002 6624
1003 6630
1004 6636
1005 6642
1006 6648
1007 6654
1008 6660
1009 6666
1010 6672
1011 6678
1012 6684
1013 6691
1014 6697
1015 6703
1016 6709
1017 6715
1018 6721
1019 6727
1020 6733
1021 6738
1022 6744
1023 6750
1024 6756
1025 6762
1026 6768
1027 6774
1028 6780
1029 6786
1030 6792
1031 6798
1032 6804
1033 6810
1034 6816
1035 6822
1036 6828
1037 6834
1038 6840
1039 6846
1040 6852
1041 6858
1042 6864
1043 6870
1044 6876
1045 6882
1046 6888
1047 6894
1048 6900
1049 6906
1050 6912
1051 6918
1052 6924
1053 6930
1054 6936
1055 6942
1056 6948
1057 6954
1058 6960
1059 6966
1060 6972
1061 6978
1062 6985
1063 6991
1064 6997
1065 7003
1066 7009
1067 7015
1068 7021
1069 7027
1070 7033
1071 7039
1072 7045
1073 7051
1074 7057
1075 7063
1076 7069
1077 7075
1078 7080
1079 7086
1080 7092
1081 7098
1082 7104
1083 7110
1084 7116
1085 7122
1086 7128
1087 7134
1088 7140
1089 7146
1090 7152
1091 7158
1092 7164
1093 7170
1094 7176
1095 7182
1096 7188
1097 7194
1098 7200
1099 7206
1100 7212
1101 7218
1102 7224
1103 7230
1104 7236
1105 7242
1106 7248
1107 7254
1108 7260
1109 7266
1110 7272
1111 7278
1112 7284
1113 7290
1114 7296
1115 7302
1116 7308
1117 7314
1118 7320
1119 7326
1120 7332
1121 7338
1122 7344
1123 7350
1124 7356
1125 7362
1126 7368
1127 7374
1128 7380
1129 7386
1130 7392
1131 7398
1132 7404
1133 7410
1134 7416
1135 7422
1136 7428
1137 7434
1138 7440
1139 7446
1140 7452
1141 7458
1142 7464
1143 7470
1144 7476
1145 7482
1146 7488
1147 7494
1148 7500
1149 7506
1150 7512
1151 7518
1152 7524
1153 7530
1154 7536
1155 7542
1156 7548
1157 7554
1158 7560
1159 7566
1160 7572
1161 7578
1162 7584
1163 7590
1164 7596
1165 7602
1166 7608
1167 7614
1168 7620
1169 7626
1170 7632
1171 7638
1172 7644
1189 7645
1190 7649
1191 7655
1192 7661
1193 7667
1194 7673
1195 7679
1196 7685
1197 7691
1198 7697
1199 7703
1200 7706
1201 7712
1202 7718
1203 7724
1204 7730
1205 7736
1206 7742
1207 7748
1208 7754
1209 7761
1210 7767
1211 7773
1212 7779
1213 7785
1214 7791
1215 7797
1216 7803
1217 7809
1218 7815
1219 7821
1220 7827
1221 7833
1222 7839
1223 7845
1224 7851
1225 7857
1226 7863
1227 7869
1228 7875
1229 7881
1230 7887
1231 7893
1232 7899
1233 7905
1234 7911
1235 7917
1236 7923
1237 7929
1238 7935
1239 7941
1240 7947
1241 7953
1242 7958
1243 7964
1244 7970
1245 7976
1246 7982
1247 7988
1248 7994
1249 8000
1250 8007
1251 8013
1252 8019
1253 8025
1254 8031
1255 8037
1256 8043
1257 8049
1258 8055
1259 8061
1260 8067
1261 8073
1262 8079
1263 8085
1264 8091
1265 8097
1266 8102
1267 8108
1268 8114
1269 8120
1270 8126
1271 8132
1272 8138
1273 8144
1274 8150
1275 8156
1276 8162
1277 8168
1278 8174
1279 8180
1280 8186
1281 8192
1282 8198
1283 8204
1284 8210
1285 8216
1286 8222
1287 8228
1288 8234
1289 8240
1290 8246
1291 8253
1292 8259
1293 8265
1294 8271
1295 8277
1296 8283
1297 8289
1298 8295
1299 8300
1300 8306
1301 8312
1302 8318
1303 8324
1304 8330
1305 8336
1306 8342
1307 8348
1308 8354
1309 8360
1310 8366
1311 8372
1312 8378
1313 8384
1314 8390
1315 8396
1316 8402
1317 8408
1318 8414
1319 8420
1320 8426
1321 8432
1322 8438
1323 8444
1324 8450
1325 8455
1326 8459
1327 8465
1328 8471
1329 8477
1330 8483
1331 8489
1332 8495
1333 8501
1334 8507
1335 8513
1336 8519
1337 8525
1338 8531
1339 8537
1340 8543
1341 8549
1342 8555
1343 8561
1344 8567
1345 8573
1346 8579
1347 8585
1348 8592
1349 8598
1350 8604
1351 8610
1352 8616
1353 8622
1354 8628
1355 8634
1356 8640
1357 8646
1358 8652
1359 8658
1360 8664
1361 8670
1362 8676
1363 8682
1364 8687
1365 8693
1366 8699
1367 8705
1368 8711
1369 8717
1370 8723
1371 8729
1372 8735
1373 8742
1374 8748
1375 8754
1376 8760
1377 8766
1378 8772
1379 8778
1380 8784
1381 8790
1382 8796
1383 8802
1384 8808
1385 8814
1386 8820
1387 8826
1388 8832
1389 8838
1390 8844
1391 8850
1392 8856
1393 8862
1394 8868
1395 8874
1396 8880
1397 8886
1398 8892
1399 8898
1400 8904
1401 8910
1402 8916
1403 8922
1404 8928
1405 8934
1406 8940
1407 8946
1408 8952
1409 8958
1410 8964
1411 8970
1412 8976
1413 8982
1414 8988
1415 8994
1416 9000
1417 9006
1418 9012
1419 9018
1420 9024
1421 9030
1422 9036
1423 9042
1424 9048
1425 9054
1426 9060
1427 9066
1428 9072
1429 9078
1430 9084
1431 9090
1432 9096
1433 9102
1434 9108
1435 9114
1436 9120
1437 9126
1438 9132
1439 9138
1440 9144
1441 9150
1442 9156
1443 9162
1444 9168
1445 9174
1446 9180
1447 9186
1448 9192
1449 9198
1450 9204
1451 9210
1452 9216
1453 9222
1454 9228
1455 9234
1456 9240
1457 9246
1458 9252
1459 9258
1460 9264
1461 9270
1462 9276
1463 9282
1464 9288
1465 9294
1466 9300
1467 9306
1468 9312
1469 9318
1470 9324
1471 9330
1472 9336
1473 9342
1474 9348
1475 9354
1476 9360
1477 9366
1478 9372
1479 9378
1480 9384
1481 9390
1482 9396
1483 9402
1484 9408
1485 9414
1486 9420
1487 9426
1488 9432
1489 9438
1490 9444
1491 9450
1492 9456
1493 9462
1494 9468
1495 9474
1496 9480
1497 9486
1498 9492
1499 9498
1500 9504
1501 9510
1502 9516
1503 9522
1504 9527
1505 9531
1506 9537
1507 9543
1508 9549
1509 9555
1510 9561
1511 9567
1512 9573
1513 9579
1514 9585
1515 9591
1516 9597
1517 9603
1518 9609
1519 9615
1520 9621
1521 9627
1522 9633
1523 9639
1524 9645
1525 9651
1526 9657
1527 9663
1528 9669
1529 9675
1530 9681
1531 9687
1532 9693
1533 9699
1534 9705
1535 9711
1536 9717
1537 9723
1538 9729
1539 9735
1540 9741
1541 9747
1542 9753
1543 9759
1544 9765
1545 9771
1546 9777
1547 9783
1548 9789
1549 9795
1550 9801
1551 9807
1552 9813
1553 9819
1554 9825
1555 9831
1556 9837
1557 9843
1558 9849
1559 9855
1560 9861
1561 9867
1562 9873
1563 9879
1564 9885
1565 9891
1566 9897
1567 9903
1568 9909
1569 9915
1570 9921
1571 9927
1572 9933
1573 9939
1574 9945
1575 9951
1576 9957
1577 9962
1578 9968
1579 9974
1580 9980
1581 9986
1582 9992
1583 9998
1584 10004
1585 10011
1586 10017
1587 10023
1588 10029
1589 10035
1590 10041
1591 10047
1592 10053
1593 10059
1594 10065
1595 10071
1596 10077
1597 10083
1598 10089
1599 10095
1600 10101
1601 10106
1602 10112
1603 10118
1604 10124
1605 10130
1606 10136
1607 10142
1608 10148
1609 10155
1610 10161
1611 10167
1612 10173
1613 10179
1614 10185
1615 10191
1616 10197
1617 10203
1618 10209
1619 10215
1620 10221
1621 10227
1622 10233
1623 10239
1624 10245
1625 10251
1626 10257
1627 10263
1628 10269
1629 10275
1630 10281
1631 10287
1632 10293
1633 10299
1634 10305
1635 10311
1636 10317
1637 10323
1638 10329
1639 10335
1640 10341
1641 10347
1642 10353
1643 10359
1644 10365
1645 10371
1646 10377
1647 10383
1648 10389
1649 10395
1650 10401
1651 10407
1652 10413
1653 10419
1654 10425
1655 10431
1656 10437
1657 10443
1658 10449
1659 10455
1660 10461
1661 10467
1662 10473
1663 10479
1664 10485
1665 10491
1666 10497
1667 10503
1668 10509
1669 10515
1670 10521
1671 10527
1672 10533
1673 10539
1674 10545
1675 10551
1676 10557
1677 10563
1678 10569
1679 10575
1680 10581
1681 10587
1682 10593
1683 10599
1684 10605
1685 10611
1686 10617
1687 10623
1688 10629
1689 10635
1690 10641
1691 10647
1692 10653
1693 10659
1694 10665
1695 10671
1696 10677
1697 10683
1698 10689
1699 10695
1700 10701
1701 10707
1702 10713
1703 10719
1704 10725
1705 10731
1706 10737
1707 10743
1708 10749
1709 10755
1710 10761
1711 10767
1712 10773
1713 10779
1714 10785
1715 10791
1716 10797
1717 10803
1718 10809
1719 10815
1720 10821
1721 10827
1722 10833
1723 10839
1724 10845
1725 10851
1726 10857
1727 10863
1728 10869
1729 10875
1730 10881
1731 10887
1732 10893
1733 10899
1734 10905
1735 10911
1736 10917
1737 10923
1738 10929
1739 10935
1740 10941
1741 10947
1742 10953
1743 10959
1744 10965
1745 10971
1746 10977
1747 10983
1748 10989
1749 10995
1750 11001
1751 11007
1752 11013
1753 11019
1754 11025
1755 11031
1756 11037
1757 11043
1758 11049
1759 11055
1760 11061
1761 11067
1762 11073
1763 11079
1764 11085
1765 11091
1766 11097
1767 11103
1768 11109
1769 11115
1770 11121
1771 11127
1772 11133
1773 11139
1774 11145
1775 11151
1776 11157
1777 11163
1778 11169
1779 11175
1780 11181
1781 11187
1782 11193
1783 11199
1784 11205
1785 11211
1786 11217
1787 11223
1788 11229
1789 11235
1790 11241
1791 11247
1792 11253
1793 11259
1794 11265
1795 11271
1796 11277
1797 11283
1798 11289
1799 11295
1800 11301
1801 11307
1802 11313
1803 11319
1804 11325
1805 11331
1806 11337
1807 11343
1808 11349
1809 11355
1810 11361
1811 11367
1812 11373
1813 11379
1814 11385
1815 11391
1816 11397
1817 11403
1818 11409
1819 11415
1820 11421
1821 11427
1822 11433
1823 11439
1824 11445
1825 11451
1826 11457
1827 11463
1828 11469
1829 11475
1830 11481
1831 11487
1832 11493
1833 11499
1834 11505
1835 11511
1836 11517
1837 11523
1838 11529
1839 11535
1840 11541
1841 11547
1842 11553
1843 11559
1844 11565
1845 11571
1846 11577
1847 11583
1869 11589
1870 11595
1871 11601
1872 11607
1873 11613
1874 11619
1875 11625
1876 11631
1877 11637
1878 11643
1879 11649
1880 11655
1881 11661
1882 11667
1883 11673
1884 11679
1885 11685
1886 11691
1887 11697
1888 11703
1889 11709
1890 11715
1891 11721
1892 11727
1893 11733
1894 11739
1895 11745
1896 11751
1897 11757
1898 11763
1899 11769
1900 11775
1901 11781
1902 11787
1903 11793
1904 11799
1905 11805
1906 11811
1907 11817
1908 11823
1909 11829
1910 11835
1911 11841
1912 11847
1913 11853
1914 11859
1915 11865
1916 11871
1917 11877
1918 11883
1919 11889
1920 11895
1921 11901
1922 11907
1923 11913
1924 11919
1925 11925
1926 11931
1927 11937
1928 11943
1929 11949
1930 11955
1931 11961
1932 11967
1933 11973
1934 11979
1935 11985
1936 11991
1937 11997
1938 12003
1939 12009
1940 12015
1941 12021
1942 12027
1943 12033
1944 12039
1945 12045
1946 12051
1947 12057
1948 12063
1949 12069
1950 12075
1951 12081
1952 12087
1953 12093
1954 12099
1955 12105
1956 12111
1957 12117
1958 12123
1959 12129
1960 12135
1961 12141
1962 12147
1963 12153
1964 12159
1965 12165
1966 12171
1967 12177
1968 12183
1969 12189
1970 12195
1971 12201
1972 12207
1973 12213
1974 12219
1975 12225
1976 12231
1977 12237
1978 12243
1979 12249
1980 12255
1981 12261
1982 12267
1983 12273
1984 12279
1985 12285
1986 12291
1987 12297
1988 12303
1989 12309
1990 12315
1991 12321
1992 12327
1993 12333
1994 12339
1995 12345
1996 12351
1997 12357
1998 12363
1999 12369
2000 12375
2001 12381
2002 12387
2003 12393
2004 12399
2005 12405
2006 12411
2007 12417
2008 12423
2009 12429
2010 12435
2011 12441
2012 12447
2013 12453
2014 12459
2015 12465
2016 12471
2017 12477
2018 12483
2019 12489
2020 12495
2021 12501
2022 12507
2023 12513
2024 12519
2025 12525
2026 12531
2027 12537
2028 12543
2029 12549
2030 12555
2031 12561
2032 12567
2033 12573
2034 12579
2035 12585
2036 12591
2037 12597
2038 12603
2039 12609
2040 12615
2041 12621
2042 12627
2043 12633
2044 12639
2045 12645
2046 12651
2047 12657
2048 12663
2049 12669
2050 12675
2051 12681
2052 12687
2053 12693
2054 12699
2055 12705
2056 12711
2057 12717
2058 12723
2059 12729
2060 12735
2061 12741
2062 12747
2063 12753
2064 12759
2065 12765
2066 12771
2067 12777
2068 12783
2069 12789
2070 12795
2071 12801
2072 12807
2073 12810
2074 12815
2075 12821
2076 12827
2077 12833
2078 12839
2079 12845
2080 12851
2081 12857
2082 12863
2083 12869
2084 12875
2085 12881
2086 12887
2087 12893
2088 12899
2089 12905
2090 12908
2091 12914
2092 12920
2093 12926
2094 12932
2095 12938
2096 12944
2097 12950
2098 12956
2099 12962
2100 12968
2101 12974
2102 12980
2103 12986
2104 12992
2105 12998
2106 13004
2107 13010
2108 13016
2109 13022
2110 13028
2111 13034
2112 13040
2113 13046
2114 13052
2115 13058
2116 13064
2117 13070
2118 13076
2119 13082
2120 13088
2121 13094
2122 13100
2123 13106
2124 13112
2125 13118
2126 13124
2127 13130
2128 13136
2129 13142
2130 13148
2131 13154
2132 13160
2133 13166
2134 13172
2135 13178
2136 13184
2137 13190
2138 13196
2139 13202
2140 13208
2141 13214
2142 13220
2143 13226
2144 13232
2145 13238
2146 13244
2147 13250
2148 13256
2149 13262
2150 13268
2151 13274
2152 13280
2153 13286
2154 13292
2155 13298
2156 13304
2157 13310
2158 13316
2159 13322
2160 13328
2161 13334
2162 13340
2163 13346
2164 13352
2165 13358
2166 13364
2167 13370
2168 13376
2169 13382
2170 13388
2171 13394
2172 13400
2173 13406
2174 13412
2175 13418
2176 13424
2177 13430
2178 13436
2179 13442
2180 13448
2181 13454
2182 13460
2183 13466
2184 13472
2185 13478
2186 13484
2187 13490
2188 13496
2189 13502
2190 13508
2191 13514
2192 13520
2193 13526
2194 13532
2195 13538
2196 13544
2197 13550
2198 13556
2199 13562
2200 13568
2201 13574
2202 13580
2203 13586
2204 13592
2205 13598
2206 13604
2207 13610
2208 13616
2209 13622
2210 13628
2211 13634
2212 13640
2213 13646
2214 13652
2215 13658
2216 13664
2217 13670
2218 13676
2219 13682
2220 13688
2221 13694
2222 13700
2223 13706
2224 13712
2225 13718
2226 13724
2227 13730
2228 13736
2229 13742
2230 13748
2231 13754
2232 13760
2233 13766
2234 13772
2235 13778
2236 13784
2237 13790
2238 13796
2239 13802
2240 13808
2241 13814
2242 13820
2243 13826
2244 13832
2245 13838
2246 13844
2247 13850
2248 13856
2249 13862
2250 13868
2251 13874
2252 13880
2253 13886
2254 13892
2255 13898
2256 13904
2257 13910
2258 13916
2259 13922
2260 13928
2261 13934
2262 13940
2263 13946
2264 13952
2265 13958
2266 13964
2267 13967
2268 13973
2269 13979
2270 13985
2271 13988
2272 13994
2273 14000
2274 14006
2275 14012
2276 14018
2277 14024
2278 14027
2279 14033
2280 14039
2281 14045
2282 14051
2283 14057
2284 14063
2285 14069
2286 14075
2287 14081
2288 14087
2289 14093
2290 14099
2291 14105
2292 14111
2293 14117
2294 14122
2295 14123
2296 14124
2297 14125
2298 14126
2299 14130
2300 14136
2301 14139
2302 14145
2303 14151
2304 14157
2305 14163
2306 14169
2307 14175
2308 14181
2309 14187
2310 14193
2311 14199
2312 14205
2313 14211
2314 14217
2315 14223
2316 14229
2317 14235
2318 14241
2319 14247
2320 14253
2321 14259
2322 14265
2323 14271
2324 14277
2325 14283
2326 14289
2327 14295
2328 14301
2329 14307
2330 14313
2331 14319
2332 14325
2333 14331
2334 14337
2335 14343
2336 14349
2337 14355
2338 14361
2339 14367
2340 14373
2341 14379
2342 14385
2343 14391
2344 14397
2345 14403
2346 14409
2347 14415
2348 14421
2349 14427
2350 14433
2351 14439
2352 14445
2353 14451
2354 14457
2355 14463
2356 14469
2357 14475
2358 14481
2359 14487
2360 14493
2361 14499
2362 14505
2363 14511
2364 14517
2365 14523
2366 14529
2367 14535
2368 14541
2369 14547
2370 14553
2371 14559
2372 14565
2373 14571
2374 14577
2375 14583
2376 14589
2377 14595
2378 14601
2379 14607
2380 14613
2381 14619
2382 14625
2383 14631
2384 14637
2385 14643
2386 14649
2387 14655
2388 14661
2389 14667
2390 14673
2391 14679
2392 14685
2393 14691
2394 14697
2395 14703
2396 14709
2397 14715
2398 14721
2399 14727
2400 14733
2401 14739
2402 14745
2403 14751
2404 14757
2405 14763
2406 14769
2407 14775
2408 14781
2409 14787
2410 14793
2411 14799
2412 14805
2413 14811
2414 14817
2415 14823
2416 14829
2417 14835
2418 14841
2419 14847
2420 14853
2421 14859
2422 14865
2423 14871
2424 14877
2425 14883
2426 14889
2427 14895
2428 14901
2429 14907
2430 14913
2431 14919
2432 14925
2433 14931
2434 14937
2435 14943
2436 14949
2437 14955
2438 14961
2439 14967
2440 14973
2441 14979
2442 14985
2443 14991
2444 14997
2445 15003
2446 15009
2447 15015
2448 15021
2449 15027
2450 15033
2451 15039
2452 15045
2453 15051
2454 15057
2455 15063
2456 15069
2457 15075
2458 15081
2459 15087
2460 15093
2461 15099
2462 15105
2463 15111
2464 15117
2465 15123
2466 15129
2467 15135
2468 15141
2469 15147
2470 15153
2471 15159
2472 15165
2473 15171
2474 15177
2475 15183
2476 15189
2477 15195
2478 15201
2479 15207
2480 15213
2481 15219
2482 15225
2483 15231
2484 15237
2485 15243
2486 15249
2487 15255
2488 15261
2489 15267
2490 15273
2491 15279
2492 15285
2493 15291
2494 15297
2495 15303
2496 15309
2497 15315
2498 15321
2499 15327
2500 15333
2501 15339
2502 15345
2503 15351
2504 15357
2505 15363
2506 15369
2507 15375
2508 15381
2509 15387
2510 15393
2511 15399
2512 15405
2513 15411
2514 15417
2515 15423
2516 15429
2517 15435
2518 15441
2519 15447
2520 15453
2521 15459
2522 15465
2523 15471
2524 15477
2525 15483
2526 15489
2527 15495
2528 15501
2529 15507
2530 15513
2531 15519
2532 15525
2533 15531
2534 15537
2535 15543
2536 15549
2537 15555
2538 15561
2539 15567
2540 15573
2541 15579
2542 15585
2543 15591
2544 15597
2545 15603
2546 15609
2547 15615
2548 15621
2549 15627
2550 15633
2551 15639
2552 15645
2553 15651
2554 15657
2555 15663
2556 15669
2557 15675
2558 15681
2559 15687
2560 15693
2561 15699
2562 15705
2563 15711
2564 15717
2565 15723
2566 15729
2567 15735
2568 15741
2569 15747
2570 15753
2571 15759
2572 15765
2573 15771
2574 15777
2575 15783
2576 15789
2577 15795
2578 15801
2579 15807
2580 15813
2581 15819
2582 15825
2583 15831
2584 15837
2585 15843
2586 15849
2587 15855
2588 15861
2589 15867
2590 15873
2591 15879
2592 15885
2593 15891
2594 15897
2595 15903
2596 15909
2597 15915
2598 15921
2599 15927
2600 15933
2601 15939
2602 15945
2603 15951
2604 15957
2605 15963
2606 15969
2607 15975
2608 15981
2609 15987
2610 15993
2611 15999
2612 16005
2613 16011
2614 16017
2615 16023
2616 16029
2617 16035
2618 16041
2619 16047
2620 16053
2621 16059
2622 16065
2623 16071
2624 16077
2625 16083
2626 16089
2627 16095
2628 16101
2629 16107
2630 16113
2631 16119
2632 16125
2633 16131
2634 16137
2635 16143
2636 16149
2637 16155
2638 16161
2639 16167
2640 16173
2641 16179
2642 16185
2643 16191
2644 16197
2645 16203
2646 16209
2647 16215
2648 16221
2649 16227
2650 16233
2651 16239
2652 16245
2653 16251
2654 16257
2655 16263
2656 16269
2657 16275
2658 16281
2659 16287
2660 16293
2661 16299
2662 16305
2663 16311
2664 16317
2665 16323
2666 16329
2667 16335
2668 16341
2669 16347
2670 16353
2671 16359
2672 16365
2673 16371
2674 16377
2675 16383
2676 16389
2677 16395
2678 16401
2679 16407
2680 16413
2681 16419
2682 16425
2683 16431
2684 16437
2685 16443
2686 16449
2687 16455
2688 16461
2689 16467
2690 16473
2691 16479
2692 16485
2693 16491
2694 16497
2695 16503
2696 16509
2697 16515
2698 16521
2699 16527
2700 16533
2701 16539
