0 571
1 577
2 583
3 589
4 595
5 601
6 607
7 613
8 619
9 625
10 631
11 637
12 643
13 649
14 655
15 661
16 667
17 673
18 679
19 685
20 691
21 697
22 703
23 709
24 715
25 721
26 727
27 733
28 739
29 745
30 751
31 757
32 763
33 769
34 775
35 781
36 787
37 793
38 799
39 805
40 811
41 817
42 823
43 829
44 835
45 841
46 847
47 853
48 859
49 865
50 871
51 877
52 883
53 889
54 895
55 901
56 907
57 913
58 919
59 925
60 931
61 937
62 943
63 949
64 955
65 961
66 967
67 973
68 979
69 985
70 991
71 997
72 1003
73 1009
74 1015
75 1021
76 1027
77 1033
78 1039
79 1045
80 1051
81 1057
82 1063
83 1069
84 1075
85 1081
86 1087
87 1093
88 1099
89 1105
90 1111
91 1117
92 1123
93 1129
94 1135
95 1141
96 1147
97 1153
98 1159
99 1165
100 1171
101 1177
102 1183
103 1189
104 1195
105 1201
106 1207
107 1213
108 1219
109 1225
110 1231
111 1237
112 1243
113 1249
114 1255
115 1261
116 1267
117 1273
118 1279
119 1285
120 1291
121 1297
122 1303
123 1309
124 1315
125 1321
126 1327
127 1333
128 1339
129 1345
130 1351
131 1357
132 1363
133 1369
134 1375
135 1381
136 1387
137 1393
138 1399
139 1405
140 1411
141 1417
142 1423
143 1429
144 1435
145 1441
146 1447
147 1453
148 1459
149 1465
150 1471
151 1477
152 1483
153 1489
154 1495
155 1501
156 1507
157 1513
158 1519
159 1525
160 1531
161 1537
162 1543
163 1549
164 1555
165 1561
166 1567
167 1573
168 1579
169 1585
170 1591
171 1597
172 1603
173 1609
174 1615
175 1621
176 1627
177 1633
178 1639
179 1645
180 1651
181 1657
182 1663
183 1669
184 1675
185 1681
186 1687
187 1693
188 1699
189 1705
190 1711
191 1717
192 1723
193 1729
194 1735
195 1741
196 1747
197 1753
198 1759
199 1765
200 1771
201 1777
202 1783
203 1789
204 1795
205 1801
206 1807
207 1813
208 1819
209 1825
210 1831
211 1837
212 1843
213 1849
214 1855
215 1861
216 1867
217 1873
218 1879
219 1885
220 1891
221 1897
222 1903
223 1909
224 1915
225 1921
226 1927
227 1933
228 1939
229 1945
230 1951
231 1957
232 1963
233 1969
234 1975
235 1981
236 1987
237 1993
238 1999
239 2005
240 2011
241 2017
242 2023
243 2029
244 2035
245 2041
246 2047
247 2053
248 2059
249 2065
250 2071
251 2077
252 2083
253 2089
254 2095
255 2101
256 2107
257 2113
258 2119
259 2125
260 2131
261 2137
262 2143
263 2149
264 2155
265 2161
266 2167
267 2173
268 2179
269 2185
270 2191
271 2197
272 2203
273 2209
274 2215
275 2221
276 2227
277 2233
278 2239
279 2245
280 2251
281 2257
282 2263
283 2269
284 2275
285 2281
286 2287
287 2293
288 2299
289 2305
290 2311
291 2317
292 2323
293 2329
294 2335
295 2341
296 2347
297 2353
298 2359
299 2365
300 2371
301 2377
302 2383
303 2389
304 2395
305 2401
306 2407
307 2413
308 2419
309 2425
310 2431
311 2437
312 2443
313 2449
314 2455
315 2461
316 2467
317 2473
318 2479
319 2485
320 2491
321 2497
322 2503
323 2509
324 2515
325 2521
326 2527
327 2533
328 2539
329 2545
330 2551
331 2557
332 2563
333 2569
334 2575
335 2581
336 2587
337 2593
338 2599
339 2605
340 2611
341 2617
342 2623
343 2629
344 2635
345 2641
346 2647
347 2653
348 2659
349 2665
350 2671
351 2677
352 2683
353 2689
354 2695
355 2701
356 2707
357 2713
358 2719
359 2725
360 2731
361 2737
362 2743
363 2749
364 2755
365 2761
366 2767
367 2773
368 2779
369 2785
370 2791
371 2797
372 2803
373 2809
374 2815
375 2821
376 2827
377 2833
378 2839
379 2845
380 2851
381 2857
382 2863
383 2869
384 2875
385 2881
386 2887
387 2893
388 2899
389 2905
390 2911
391 2917
392 2923
393 2929
394 2935
395 2941
396 2947
397 2953
398 2959
399 2965
400 2971
401 2977
402 2983
403 2989
404 2995
405 3001
406 3007
407 3013
408 3019
409 3025
410 3031
411 3037
412 3043
413 3049
414 3055
415 3061
416 3067
417 3073
418 3079
419 3085
420 3091
421 3097
422 3103
423 3109
424 3115
425 3121
426 3127
427 3133
428 3139
429 3145
430 3151
431 3157
432 3163
433 3169
434 3175
435 3181
436 3187
437 3193
438 3199
439 3205
440 3211
441 3217
442 3223
443 3229
444 3235
445 3241
446 3247
447 3253
448 3259
449 3265
450 3271
451 3277
452 3283
453 3289
454 3295
455 3301
456 3307
457 3313
458 3319
459 3325
460 3331
461 3337
462 3343
463 3349
464 3355
465 3361
466 3367
467 3373
468 3379
469 3385
470 3391
471 3397
472 3403
473 3409
474 3415
475 3421
476 3427
477 3433
478 3439
479 3445
480 3451
481 3457
482 3463
483 3469
484 3475
485 3481
486 3487
487 3493
488 3499
489 3505
490 3511
491 3517
492 3523
493 3529
494 3535
495 3541
496 3547
497 3553
498 3559
499 3565
500 3571
501 3577
502 3583
503 3589
504 3595
505 3601
506 3607
507 3613
508 3619
509 3625
510 3631
511 3637
512 3643
513 3649
514 3655
515 3661
516 3667
517 3673
518 3679
519 3685
520 3691
521 3697
522 3703
523 3709
524 3715
525 3721
526 3727
527 3733
528 3739
529 3745
530 3751
531 3757
532 3763
533 3769
534 3775
535 3781
536 3787
537 3793
538 3799
539 3805
540 3811
541 3817
542 3823
543 3829
544 3835
545 3841
546 3847
547 3853
548 3859
549 3865
550 3871
551 3877
552 3883
553 3889
554 3895
555 3901
556 3907
557 3913
558 3919
559 3925
560 3931
561 3937
562 3943
563 3949
564 3955
565 3961
566 3967
567 3973
568 3979
569 3985
570 3991
571 3997
572 4003
573 4009
574 4015
575 4021
576 4027
577 4033
578 4039
579 4045
580 4051
581 4057
582 4063
583 4069
584 4075
585 4081
586 4087
587 4093
588 4099
589 4105
590 4111
591 4117
592 4123
593 4129
594 4135
595 4141
596 4147
597 4153
598 4159
599 4165
600 4171
601 4177
602 4183
603 4189
604 4195
605 4201
606 4207
607 4213
608 4219
609 4225
610 4231
611 4237
612 4243
613 4249
614 4255
615 4261
616 4267
617 4273
618 4279
619 4285
620 4291
621 4297
622 4303
623 4309
624 4315
625 4321
626 4327
627 4333
628 4339
629 4345
630 4351
631 4357
632 4363
633 4369
634 4375
635 4381
636 4387
637 4393
638 4399
639 4405
640 4411
641 4417
642 4423
643 4429
644 4435
645 4441
646 4447
647 4453
648 4459
649 4465
650 4471
651 4477
652 4483
653 4489
654 4495
655 4501
656 4507
657 4513
658 4519
659 4525
660 4531
661 4537
662 4543
663 4549
664 4555
665 4561
666 4567
667 4573
668 4579
669 4585
670 4591
671 4597
672 4603
673 4609
674 4615
675 4621
676 4627
677 4633
678 4639
679 4645
680 4651
681 4657
682 4663
683 4669
684 4675
685 4681
686 4687
687 4693
688 4699
689 4705
690 4711
691 4717
692 4723
693 4729
694 4735
695 4741
696 4747
697 4753
698 4759
699 4765
700 4771
701 4777
702 4783
703 4789
704 4795
705 4801
706 4807
707 4813
708 4819
709 4825
710 4831
711 4837
712 4843
713 4849
714 4855
715 4856
716 4862
717 4868
718 4874
724 4877
725 4881
726 4884
727 4890
728 4895
729 4901
730 4904
731 4907
732 4913
733 4919
734 4925
735 4931
736 4937
737 4943
738 4949
739 4955
740 4961
741 4967
742 4973
743 4979
744 4985
745 4991
746 4997
747 5003
748 5009
749 5015
750 5021
751 5027
752 5033
753 5039
754 5045
755 5051
756 5057
757 5063
758 5069
759 5075
760 5081
761 5087
762 5093
763 5099
764 5105
765 5111
766 5117
767 5123
768 5129
769 5135
770 5141
771 5147
772 5153
773 5159
774 5165
775 5171
776 5177
777 5183
778 5189
779 5195
780 5201
781 5207
782 5213
783 5219
784 5225
785 5231
786 5237
787 5243
788 5249
789 5255
790 5261
791 5267
792 5273
793 5279
794 5285
795 5291
796 5297
797 5303
798 5309
799 5315
800 5321
801 5327
802 5333
803 5339
804 5345
805 5351
806 5357
807 5363
808 5369
809 5375
810 5381
811 5387
812 5393
813 5399
814 5405
815 5411
816 5417
817 5423
818 5429
819 5435
820 5441
821 5447
822 5453
823 5459
824 5465
825 5471
826 5477
827 5483
828 5489
829 5495
830 5501
831 5507
832 5513
833 5519
834 5525
835 5531
836 5537
837 5543
838 5549
839 5555
840 5561
841 5567
842 5573
843 5579
844 5585
845 5591
846 5597
847 5603
848 5609
849 5615
850 5621
851 5627
852 5633
853 5639
854 5645
855 5651
856 5657
857 5663
858 5669
859 5675
860 5681
861 5687
862 5693
863 5699
866 5704
869 5705
870 5710
872 5714
873 5719
874 5725
875 5731
876 5737
877 5743
878 5749
879 5755
880 5761
881 5767
882 5773
883 5779
884 5785
885 5791
886 5797
887 5803
888 5809
889 5815
890 5821
891 5827
892 5833
893 5839
894 5842
895 5848
896 5854
897 5860
898 5866
899 5872
900 5878
901 5884
902 5890
903 5896
904 5902
905 5908
906 5914
907 5920
908 5926
909 5932
910 5938
911 5944
912 5950
913 5956
914 5962
915 5968
916 5974
917 5980
918 5986
919 5992
920 5998
921 6004
922 6010
923 6016
924 6022
925 6028
926 6034
927 6040
928 6046
929 6052
930 6058
931 6064
932 6070
933 6076
934 6082
935 6088
936 6094
937 6100
938 6106
939 6112
940 6118
941 6124
942 6130
943 6136
944 6142
945 6148
946 6154
947 6160
948 6166
949 6172
950 6178
951 6184
952 6190
953 6196
954 6202
955 6208
956 6214
957 6220
958 6226
959 6232
960 6238
961 6244
962 6250
963 6256
964 6262
965 6268
966 6274
967 6280
968 6286
969 6292
970 6298
971 6304
972 6310
973 6316
974 6322
975 6328
976 6334
977 6340
978 6346
979 6352
980 6358
981 6364
982 6370
983 6376
984 6382
985 6388
986 6394
987 6400
988 6406
989 6412
990 6418
991 6424
992 6430
993 6436
994 6442
995 6448
996 6454
997 6460
998 6466
999 6472
1000 6478
1001 6484
1002 6490
1003 6496
1004 6502
1005 6508
1006 6514
1007 6520
1008 6526
1009 6532
1010 6538
1011 6544
1012 6550
1013 6556
1014 6562
1015 6567
1016 6569
1017 6575
1018 6581
1019 6587
1020 6593
1022 6600
1023 6606
1024 6612
1025 6618
1026 6624
1027 6630
1028 6636
1029 6642
1030 6648
1031 6654
1032 6660
1033 6666
1034 6672
1035 6678
1036 6684
1037 6691
1038 6697
1039 6703
1040 6709
1041 6715
1042 6721
1043 6727
1044 6733
1045 6738
1046 6744
1047 6750
1048 6756
1049 6762
1050 6768
1051 6774
1052 6780
1053 6786
1054 6792
1055 6798
1056 6804
1057 6810
1058 6816
1059 6822
1060 6828
1061 6834
1062 6840
1063 6846
1064 6852
1065 6858
1066 6864
1067 6870
1068 6876
1069 6882
1070 6888
1071 6894
1072 6900
1073 6906
1074 6912
1075 6918
1076 6924
1077 6930
1078 6936
1079 6942
1080 6948
1081 6954
1082 6960
1083 6966
1084 6972
1085 6978
1086 6985
1087 6991
1088 6997
1089 7003
1090 7009
1091 7015
1092 7021
1093 7027
1094 7033
1095 7039
1096 7045
1097 7051
1098 7057
1099 7063
1100 7069
1101 7075
1102 7080
1103 7086
1104 7092
1105 7098
1106 7104
1107 7110
1108 7116
1109 7122
1110 7128
1111 7134
1112 7140
1113 7146
1114 7152
1115 7158
1116 7164
1117 7170
1118 7176
1119 7182
1120 7188
1121 7194
1122 7200
1123 7206
1124 7212
1125 7218
1126 7224
1127 7230
1128 7236
1129 7242
1130 7248
1131 7254
1132 7260
1133 7266
1134 7272
1135 7278
1136 7284
1137 7290
1138 7296
1139 7302
1140 7308
1141 7314
1142 7320
1143 7326
1144 7332
1145 7338
1146 7344
1147 7350
1148 7356
1149 7362
1150 7368
1151 7374
1152 7380
1153 7386
1154 7392
1155 7398
1156 7404
1157 7410
1158 7416
1159 7422
1160 7428
1161 7434
1162 7440
1163 7446
1164 7452
1165 7458
1166 7464
1167 7470
1168 7476
1169 7482
1170 7488
1171 7494
1172 7500
1173 7506
1174 7512
1175 7518
1176 7524
1177 7530
1178 7536
1179 7542
1180 7548
1181 7554
1182 7560
1183 7566
1184 7572
1185 7578
1186 7584
1187 7590
1188 7596
1189 7602
1190 7608
1191 7614
1192 7620
1193 7626
1194 7632
1195 7638
1196 7644
1213 7645
1214 7649
1215 7655
1216 7661
1217 7667
1218 7673
1219 7679
1220 7685
1221 7691
1222 7697
1223 7703
1224 7706
1225 7712
1226 7718
1227 7724
1228 7730
1229 7736
1230 7742
1231 7748
1232 7754
1233 7761
1234 7767
1235 7773
1236 7779
1237 7785
1238 7791
1239 7797
1240 7803
1241 7809
1242 7815
1243 7821
1244 7827
1245 7833
1246 7839
1247 7845
1248 7851
1249 7857
1250 7863
1251 7869
1252 7875
1253 7881
1254 7887
1255 7893
1256 7899
1257 7905
1258 7911
1259 7917
1260 7923
1261 7929
1262 7935
1263 7941
1264 7947
1265 7953
1266 7958
1267 7964
1268 7970
1269 7976
1270 7982
1271 7988
1272 7994
1273 8000
1274 8007
1275 8013
1276 8019
1277 8025
1278 8031
1279 8037
1280 8043
1281 8049
1282 8055
1283 8061
1284 8067
1285 8073
1286 8079
1287 8085
1288 8091
1289 8097
1290 8102
1291 8108
1292 8114
1293 8120
1294 8126
1295 8132
1296 8138
1297 8144
1298 8150
1299 8156
1300 8162
1301 8168
1302 8174
1303 8180
1304 8186
1305 8192
1306 8198
1307 8204
1308 8210
1309 8216
1310 8222
1311 8228
1312 8234
1313 8240
1314 8246
1315 8253
1316 8259
1317 8265
1318 8271
1319 8277
1320 8283
1321 8289
1322 8295
1323 8300
1324 8306
1325 8312
1326 8318
1327 8324
1328 8330
1329 8336
1330 8342
1331 8348
1332 8354
1333 8360
1334 8366
1335 8372
1336 8378
1337 8384
1338 8390
1339 8396
1340 8402
1341 8408
1342 8414
1343 8420
1344 8426
1345 8432
1346 8438
1347 8444
1348 8450
1349 8455
1350 8459
1351 8465
1352 8471
1353 8477
1354 8483
1355 8489
1356 8495
1357 8501
1358 8507
1359 8513
1360 8519
1361 8525
1362 8531
1363 8537
1364 8543
1365 8549
1366 8555
1367 8561
1368 8567
1369 8573
1370 8579
1371 8585
1372 8592
1373 8598
1374 8604
1375 8610
1376 8616
1377 8622
1378 8628
1379 8634
1380 8640
1381 8646
1382 8652
1383 8658
1384 8664
1385 8670
1386 8676
1387 8682
1388 8687
1389 8693
1390 8699
1391 8705
1392 8711
1393 8717
1394 8723
1395 8729
1396 8735
1397 8742
1398 8748
1399 8754
1400 8760
1401 8766
1402 8772
1403 8778
1404 8784
1405 8790
1406 8796
1407 8802
1408 8808
1409 8814
1410 8820
1411 8826
1412 8832
1413 8838
1414 8844
1415 8850
1416 8856
1417 8862
1418 8868
1419 8874
1420 8880
1421 8886
1422 8892
1423 8898
1424 8904
1425 8910
1426 8916
1427 8922
1428 8928
1429 8934
1430 8940
1431 8946
1432 8952
1433 8958
1434 8964
1435 8970
1436 8976
1437 8982
1438 8988
1439 8994
1440 9000
1441 9006
1442 9012
1443 9018
1444 9024
1445 9030
1446 9036
1447 9042
1448 9048
1449 9054
1450 9060
1451 9066
1452 9072
1453 9078
1454 9084
1455 9090
1456 9096
1457 9102
1458 9108
1459 9114
1460 9120
1461 9126
1462 9132
1463 9138
1464 9144
1465 9150
1466 9156
1467 9162
1468 9168
1469 9174
1470 9180
1471 9186
1472 9192
1473 9198
1474 9204
1475 9210
1476 9216
1477 9222
1478 9228
1479 9234
1480 9240
1481 9246
1482 9252
1483 9258
1484 9264
1485 9270
1486 9276
1487 9282
1488 9288
1489 9294
1490 9300
1491 9306
1492 9312
1493 9318
1494 9324
1495 9330
1496 9336
1497 9342
1498 9348
1499 9354
1500 9360
1501 9366
1502 9372
1503 9378
1504 9384
1505 9390
1506 9396
1507 9402
1508 9408
1509 9414
1510 9420
1511 9426
1512 9432
1513 9438
1514 9444
1515 9450
1516 9456
1517 9462
1518 9468
1519 9474
1520 9480
1521 9486
1522 9492
1523 9498
1524 9504
1525 9510
1526 9516
1527 9522
1528 9527
1529 9531
1530 9537
1531 9543
1532 9549
1533 9555
1534 9561
1535 9567
1536 9573
1537 9579
1538 9585
1539 9591
1540 9597
1541 9603
1542 9609
1543 9615
1544 9621
1545 9627
1546 9633
1547 9639
1548 9645
1549 9651
1550 9657
1551 9663
1552 9669
1553 9675
1554 9681
1555 9687
1556 9693
1557 9699
1558 9705
1559 9711
1560 9717
1561 9723
1562 9729
1563 9735
1564 9741
1565 9747
1566 9753
1567 9759
1568 9765
1569 9771
1570 9777
1571 9783
1572 9789
1573 9795
1574 9801
1575 9807
1576 9813
1577 9819
1578 9825
1579 9831
1580 9837
1581 9843
1582 9849
1583 9855
1584 9861
1585 9867
1586 9873
1587 9879
1588 9885
1589 9891
1590 9897
1591 9903
1592 9909
1593 9915
1594 9921
1595 9927
1596 9933
1597 9939
1598 9945
1599 9951
1600 9957
1601 9962
1602 9968
1603 9974
1604 9980
1605 9986
1606 9992
1607 9998
1608 10004
1609 10011
1610 10017
1611 10023
1612 10029
1613 10035
1614 10041
1615 10047
1616 10053
1617 10059
1618 10065
1619 10071
1620 10077
1621 10083
1622 10089
1623 10095
1624 10101
1625 10106
1626 10112
1627 10118
1628 10124
1629 10130
1630 10136
1631 10142
1632 10148
1633 10155
1634 10161
1635 10167
1636 10173
1637 10179
1638 10185
1639 10191
1640 10197
1641 10203
1642 10209
1643 10215
1644 10221
1645 10227
1646 10233
1647 10239
1648 10245
1649 10251
1650 10257
1651 10263
1652 10269
1653 10275
1654 10281
1655 10287
1656 10293
1657 10299
1658 10305
1659 10311
1660 10317
1661 10323
1662 10329
1663 10335
1664 10341
1665 10347
1666 10353
1667 10359
1668 10365
1669 10371
1670 10377
1671 10383
1672 10389
1673 10395
1674 10401
1675 10407
1676 10413
1677 10419
1678 10425
1679 10431
1680 10437
1681 10443
1682 10449
1683 10455
1684 10461
1685 10467
1686 10473
1687 10479
1688 10485
1689 10491
1690 10497
1691 10503
1692 10509
1693 10515
1694 10521
1695 10527
1696 10533
1697 10539
1698 10545
1699 10551
1700 10557
1701 10563
1702 10569
1703 10575
1704 10581
1705 10587
1706 10593
1707 10599
1708 10605
1709 10611
1710 10617
1711 10623
1712 10629
1713 10635
1714 10641
1715 10647
1716 10653
1717 10659
1718 10665
1719 10671
1720 10677
1721 10683
1722 10689
1723 10695
1724 10701
1725 10707
1726 10713
1727 10719
1728 10725
1729 10731
1730 10737
1731 10743
1732 10749
1733 10755
1734 10761
1735 10767
1736 10773
1737 10779
1738 10785
1739 10791
1740 10797
1741 10803
1742 10809
1743 10815
1744 10821
1745 10827
1746 10833
1747 10839
1748 10845
1749 10851
1750 10857
1751 10863
1752 10869
1753 10875
1754 10881
1755 10887
1756 10893
1757 10899
1758 10905
1759 10911
1760 10917
1761 10923
1762 10929
1763 10935
1764 10941
1765 10947
1766 10953
1767 10959
1768 10965
1769 10971
1770 10977
1771 10983
1772 10989
1773 10995
1774 11001
1775 11007
1776 11013
1777 11019
1778 11025
1779 11031
1780 11037
1781 11043
1782 11049
1783 11055
1784 11061
1785 11067
1786 11073
1787 11079
1788 11085
1789 11091
1790 11097
1791 11103
1792 11109
1793 11115
1794 11121
1795 11127
1796 11133
1797 11139
1798 11145
1799 11151
1800 11157
1801 11163
1802 11169
1803 11175
1804 11181
1805 11187
1806 11193
1807 11199
1808 11205
1809 11211
1810 11217
1811 11223
1812 11229
1813 11235
1814 11241
1815 11247
1816 11253
1817 11259
1818 11265
1819 11271
1820 11277
1821 11283
1822 11289
1823 11295
1824 11301
1825 11307
1826 11313
1827 11319
1828 11325
1829 11331
1830 11337
1831 11343
1832 11349
1833 11355
1834 11361
1835 11367
1836 11373
1837 11379
1838 11385
1839 11391
1840 11397
1841 11403
1842 11409
1843 11415
1844 11421
1845 11427
1846 11433
1847 11439
1848 11445
1849 11451
1850 11457
1851 11463
1852 11469
1853 11475
1854 11481
1855 11487
1856 11493
1857 11499
1858 11505
1859 11511
1860 11517
1861 11523
1862 11529
1863 11535
1864 11541
1865 11547
1866 11553
1867 11559
1868 11565
1869 11571
1870 11577
1871 11583
1897 11613
1898 11612
1899 11614
1900 11611
1901 11637
1902 11643
1903 11649
1904 11655
1905 11661
1906 11667
1907 11673
1908 11679
1909 11685
1910 11691
1911 11697
1912 11703
1913 11709
1914 11715
1915 11721
1916 11727
1917 11733
1918 11739
1919 11745
1920 11751
1921 11757
1922 11763
1923 11769
1924 11775
1925 11781
1926 11787
1927 11793
1928 11799
1929 11805
1930 11811
1931 11817
1932 11823
1933 11829
1934 11835
1935 11841
1936 11847
1937 11853
1938 11859
1939 11865
1940 11871
1941 11877
1942 11883
1943 11889
1944 11895
1945 11901
1946 11907
1947 11913
1948 11919
1949 11925
1950 11931
1951 11937
1952 11943
1953 11949
1954 11955
1955 11961
1956 11967
1957 11973
1958 11979
1959 11985
1960 11991
1961 11997
1962 12003
1963 12009
1964 12015
1965 12021
1966 12027
1967 12033
1968 12039
1969 12045
1970 12051
1971 12057
1972 12063
1973 12069
1974 12075
1975 12081
1976 12087
1977 12093
1978 12099
1979 12105
1980 12111
1981 12117
1982 12123
1983 12129
1984 12135
1985 12141
1986 12147
1987 12153
1988 12159
1989 12165
1990 12171
1991 12177
1992 12183
1993 12189
1994 12195
1995 12201
1996 12207
1997 12213
1998 12219
1999 12225
2000 12231
2001 12237
2002 12243
2003 12249
2004 12255
2005 12261
2006 12267
2007 12273
2008 12279
2009 12285
2010 12291
2011 12297
2012 12303
2013 12309
2014 12315
2015 12321
2016 12327
2017 12333
2018 12339
2019 12345
2020 12351
2021 12357
2022 12363
2023 12369
2024 12375
2025 12381
2026 12387
2027 12393
2028 12399
2029 12405
2030 12411
2031 12417
2032 12423
2033 12429
2034 12435
2035 12441
2036 12447
2037 12453
2038 12459
2039 12465
2040 12471
2041 12477
2042 12483
2043 12489
2044 12495
2045 12501
2046 12507
2047 12513
2048 12519
2049 12525
2050 12531
2051 12537
2052 12543
2053 12549
2054 12555
2055 12561
2056 12567
2057 12573
2058 12579
2059 12585
2060 12591
2061 12597
2062 12603
2063 12609
2064 12615
2065 12621
2066 12627
2067 12633
2068 12639
2069 12645
2070 12651
2071 12657
2072 12663
2073 12669
2074 12675
2075 12681
2076 12687
2077 12693
2078 12699
2079 12705
2080 12711
2081 12717
2082 12723
2083 12729
2084 12735
2085 12741
2086 12747
2087 12753
2088 12759
2089 12765
2090 12771
2091 12777
2092 12783
2093 12789
2094 12795
2095 12801
2096 12807
2097 12810
2098 12815
2099 12821
2100 12827
2101 12833
2102 12839
2103 12845
2104 12851
2105 12857
2106 12863
2107 12869
2108 12875
2109 12881
2110 12887
2111 12893
2112 12899
2113 12905
2114 12908
2115 12914
2116 12920
2117 12926
2118 12932
2119 12938
2120 12944
2121 12950
2122 12956
2123 12962
2124 12968
2125 12974
2126 12980
2127 12986
2128 12992
2129 12998
2130 13004
2131 13010
2132 13016
2133 13022
2134 13028
2135 13034
2136 13040
2137 13046
2138 13052
2139 13058
2140 13064
2141 13070
2142 13076
2143 13082
2144 13088
2145 13094
2146 13100
2147 13106
2148 13112
2149 13118
2150 13124
2151 13130
2152 13136
2153 13142
2154 13148
2155 13154
2156 13160
2157 13166
2158 13172
2159 13178
2160 13184
2161 13190
2162 13196
2163 13202
2164 13208
2165 13214
2166 13220
2167 13226
2168 13232
2169 13238
2170 13244
2171 13250
2172 13256
2173 13262
2174 13268
2175 13274
2176 13280
2177 13286
2178 13292
2179 13298
2180 13304
2181 13310
2182 13316
2183 13322
2184 13328
2185 13334
2186 13340
2187 13346
2188 13352
2189 13358
2190 13364
2191 13370
2192 13376
2193 13382
2194 13388
2195 13394
2196 13400
2197 13406
2198 13412
2199 13418
2200 13424
2201 13430
2202 13436
2203 13442
2204 13448
2205 13454
2206 13460
2207 13466
2208 13472
2209 13478
2210 13484
2211 13490
2212 13496
2213 13502
2214 13508
2215 13514
2216 13520
2217 13526
2218 13532
2219 13538
2220 13544
2221 13550
2222 13556
2223 13562
2224 13568
2225 13574
2226 13580
2227 13586
2228 13592
2229 13598
2230 13604
2231 13610
2232 13616
2233 13622
2234 13628
2235 13634
2236 13640
2237 13646
2238 13652
2239 13658
2240 13664
2241 13670
2242 13676
2243 13682
2244 13688
2245 13694
2246 13700
2247 13706
2248 13712
2249 13718
2250 13724
2251 13730
2252 13736
2253 13742
2254 13748
2255 13754
2256 13760
2257 13766
2258 13772
2259 13778
2260 13784
2261 13790
2262 13796
2263 13802
2264 13808
2265 13814
2266 13820
2267 13826
2268 13832
2269 13838
2270 13844
2271 13850
2272 13856
2273 13862
2274 13868
2275 13874
2276 13880
2277 13886
2278 13892
2279 13898
2280 13904
2281 13910
2282 13916
2283 13922
2284 13928
2285 13934
2286 13940
2287 13946
2288 13952
2289 13958
2290 13964
2291 13967
2292 13973
2293 13979
2294 13985
2295 13988
2296 13994
2297 14000
2298 14006
2299 14012
2300 14018
2301 14024
2302 14027
2303 14033
2304 14039
2305 14045
2306 14051
2307 14057
2308 14063
2309 14069
2310 14075
2311 14081
2312 14087
2313 14093
2314 14099
2315 14105
2316 14111
2317 14117
2318 14122
2319 14123
2320 14124
2321 14125
2322 14126
2323 14130
2324 14136
2325 14139
2326 14145
2327 14151
2328 14157
2329 14163
2330 14169
2331 14175
2332 14181
2333 14187
2334 14193
2335 14199
2336 14205
2337 14211
2338 14217
2339 14223
2340 14229
2341 14235
2342 14241
2343 14247
2344 14253
2345 14259
2346 14265
2347 14271
2348 14277
2349 14283
2350 14289
2351 14295
2352 14301
2353 14307
2354 14313
2355 14319
2356 14325
2357 14331
2358 14337
2359 14343
2360 14349
2361 14355
2362 14361
2363 14367
2364 14373
2365 14379
2366 14385
2367 14391
2368 14397
2369 14403
2370 14409
2371 14415
2372 14421
2373 14427
2374 14433
2375 14439
2376 14445
2377 14451
2378 14457
2379 14463
2380 14469
2381 14475
2382 14481
2383 14487
2384 14493
2385 14499
2386 14505
2387 14511
2388 14517
2389 14523
2390 14529
2391 14535
2392 14541
2393 14547
2394 14553
2395 14559
2396 14565
2397 14571
2398 14577
2399 14583
2400 14589
2401 14595
2402 14601
2403 14607
2404 14613
2405 14619
2406 14625
2407 14631
2408 14637
2409 14643
2410 14649
2411 14655
2412 14661
2413 14667
2414 14673
2415 14679
2416 14685
2417 14691
2418 14697
2419 14703
2420 14709
2421 14715
2422 14721
2423 14727
2424 14733
2425 14739
2426 14745
2427 14751
2428 14757
2429 14763
2430 14769
2431 14775
2432 14781
2433 14787
2434 14793
2435 14799
2436 14805
2437 14811
2438 14817
2439 14823
2440 14829
2441 14835
2442 14841
2443 14847
2444 14853
2445 14859
2446 14865
2447 14871
2448 14877
2449 14883
2450 14889
2451 14895
2452 14901
2453 14907
2454 14913
2455 14919
2456 14925
2457 14931
2458 14937
2459 14943
2460 14949
2461 14955
2462 14961
2463 14967
2464 14973
2465 14979
2466 14985
2467 14991
2468 14997
2469 15003
2470 15009
2471 15015
2472 15021
2473 15027
2474 15033
2475 15039
2476 15045
2477 15051
2478 15057
2479 15063
2480 15069
2481 15075
2482 15081
2483 15087
2484 15093
2485 15099
2486 15105
2487 15111
2488 15117
2489 15123
2490 15129
2491 15135
2492 15141
2493 15147
2494 15153
2495 15159
2496 15165
2497 15171
2498 15177
2499 15183
2500 15189
2501 15195
2502 15201
2503 15207
2504 15213
2505 15219
2506 15225
2507 15231
2508 15237
2509 15243
2510 15249
2511 15255
2512 15261
2513 15267
2514 15273
2515 15279
2516 15285
2517 15291
2518 15297
2519 15303
2520 15309
2521 15315
2522 15321
2523 15327
2524 15333
2525 15339
2526 15345
2527 15351
2528 15357
2529 15363
2530 15369
2531 15375
2532 15381
2533 15387
2534 15393
2535 15399
2536 15405
2537 15411
2538 15417
2539 15423
2540 15429
2541 15435
2542 15441
2543 15447
2544 15453
2545 15459
2546 15465
2547 15471
2548 15477
2549 15483
2550 15489
2551 15495
2552 15501
2553 15507
2554 15513
2555 15519
2556 15525
2557 15531
2558 15537
2559 15543
2560 15549
2561 15555
2562 15561
2563 15567
2564 15573
2565 15579
2566 15585
2567 15591
2568 15597
2569 15603
2570 15609
2571 15615
2572 15621
2573 15627
2574 15633
2575 15639
2576 15645
2577 15651
2578 15657
2579 15663
2580 15669
2581 15675
2582 15681
2583 15687
2584 15693
2585 15699
2586 15705
2587 15711
2588 15717
2589 15723
2590 15729
2591 15735
2592 15741
2593 15747
2594 15753
2595 15759
2596 15765
2597 15771
2598 15777
2599 15783
2600 15789
2601 15795
2602 15801
2603 15807
2604 15813
2605 15819
2606 15825
2607 15831
2608 15837
2609 15843
2610 15849
2611 15855
2612 15861
2613 15867
2614 15873
2615 15879
2616 15885
2617 15891
2618 15897
2619 15903
2620 15909
2621 15915
2622 15921
2623 15927
2624 15933
2625 15939
2626 15945
2627 15951
2628 15957
2629 15963
2630 15969
2631 15975
2632 15981
2633 15987
2634 15993
2635 15999
2636 16005
2637 16011
2638 16017
2639 16023
2640 16029
2641 16035
2642 16041
2643 16047
2644 16053
2645 16059
2646 16065
2647 16071
2648 16077
2649 16083
2650 16089
2651 16095
2652 16101
2653 16107
2654 16113
2655 16119
2656 16125
2657 16131
2658 16137
2659 16143
2660 16149
2661 16155
2662 16161
2663 16167
2664 16173
2665 16179
2666 16185
2667 16191
2668 16197
2669 16203
2670 16209
2671 16215
2672 16221
2673 16227
2674 16233
2675 16239
2676 16245
2677 16251
2678 16257
2679 16263
2680 16269
2681 16275
2682 16281
2683 16287
2684 16293
2685 16299
2686 16305
2687 16311
2688 16317
2689 16323
2690 16329
2691 16335
2692 16341
2693 16347
2694 16353
2695 16359
2696 16365
2697 16371
2698 16377
2699 16383
2700 16389
2701 16395
2702 16401
2703 16407
2704 16413
2705 16419
2706 16425
2707 16431
2708 16437
2709 16443
2710 16449
2711 16455
2712 16461
2713 16467
2714 16473
2715 16479
2716 16485
2717 16491
2718 16497
2719 16503
2720 16509
2721 16515
2722 16521
2723 16527
2724 16533
2725 16539
