0 1525
1 1531
2 1537
3 1543
4 1549
5 1555
6 1561
7 1567
8 1573
9 1579
10 1585
11 1591
12 1597
13 1603
14 1609
15 1615
16 1621
17 1627
18 1633
19 1639
20 1645
21 1651
22 1657
23 1663
24 1669
25 1675
26 1681
27 1687
28 1693
29 1699
30 1705
31 1711
32 1717
33 1723
34 1729
35 1735
36 1741
37 1747
38 1753
39 1759
40 1765
41 1771
42 1777
43 1783
44 1789
45 1795
46 1801
47 1807
48 1813
49 1819
50 1825
51 1831
52 1837
53 1843
54 1849
55 1855
56 1861
57 1867
58 1873
59 1879
60 1885
61 1891
62 1897
63 1903
64 1909
65 1915
66 1921
67 1927
68 1933
69 1939
70 1945
71 1951
72 1957
73 1963
74 1969
75 1975
76 1981
77 1987
78 1993
79 1999
80 2005
81 2011
82 2017
83 2023
84 2029
85 2035
86 2041
87 2047
88 2053
89 2059
90 2065
91 2071
92 2077
93 2083
94 2089
95 2095
96 2101
97 2107
98 2113
99 2119
100 2125
101 2131
102 2137
103 2143
104 2149
105 2155
106 2161
107 2167
108 2173
109 2179
110 2185
111 2191
112 2197
113 2203
114 2209
115 2215
116 2221
117 2227
118 2233
119 2239
120 2245
121 2251
122 2257
123 2263
124 2269
125 2275
126 2281
127 2287
128 2293
129 2299
130 2305
131 2311
132 2317
133 2323
134 2329
135 2335
136 2341
137 2347
138 2353
139 2359
140 2365
141 2371
142 2377
143 2383
144 2389
145 2395
146 2401
147 2407
148 2413
149 2419
150 2425
151 2431
152 2437
153 2443
154 2449
155 2455
156 2461
157 2467
158 2473
159 2479
160 2485
161 2491
162 2497
163 2503
164 2509
165 2515
166 2521
167 2527
168 2533
169 2539
170 2545
171 2551
172 2557
173 2563
174 2569
175 2575
176 2581
177 2587
178 2593
179 2599
180 2605
181 2611
182 2617
183 2623
184 2629
185 2635
186 2641
187 2647
188 2653
189 2659
190 2665
191 2671
192 2677
193 2683
194 2689
195 2695
196 2701
197 2707
198 2713
199 2719
200 2725
201 2731
202 2737
203 2743
204 2749
205 2755
206 2761
207 2767
208 2773
209 2779
210 2785
211 2791
212 2797
213 2803
214 2809
215 2815
216 2821
217 2827
218 2833
219 2839
220 2845
221 2851
222 2857
223 2863
224 2869
225 2875
226 2881
227 2887
228 2893
229 2899
230 2905
231 2911
232 2917
233 2923
234 2929
235 2935
236 2941
237 2947
238 2953
239 2959
240 2965
241 2971
242 2977
243 2983
244 2989
245 2995
246 3001
247 3007
248 3013
249 3019
250 3025
251 3031
252 3037
253 3043
254 3049
255 3055
256 3061
257 3067
258 3073
259 3079
260 3085
261 3091
262 3097
263 3103
264 3109
265 3115
266 3121
267 3127
268 3133
269 3139
270 3145
271 3151
272 3157
273 3163
274 3169
275 3175
276 3181
277 3187
278 3193
279 3199
280 3205
281 3211
282 3217
283 3223
284 3229
285 3235
286 3241
287 3247
288 3253
289 3259
290 3265
291 3271
292 3277
293 3283
294 3289
295 3295
296 3301
297 3307
298 3313
299 3319
300 3325
301 3331
302 3337
303 3343
304 3349
305 3355
306 3361
307 3367
308 3373
309 3379
310 3385
311 3391
312 3397
313 3403
314 3409
315 3415
316 3421
317 3427
318 3433
319 3439
320 3445
321 3451
322 3457
323 3463
324 3469
325 3475
326 3481
327 3487
328 3493
329 3499
330 3505
331 3511
332 3517
333 3523
334 3529
335 3535
336 3541
337 3547
338 3553
339 3559
340 3565
341 3571
342 3577
343 3583
344 3589
345 3595
346 3601
347 3607
348 3613
349 3619
350 3625
351 3631
352 3637
353 3643
354 3649
355 3655
356 3661
357 3667
358 3673
359 3679
360 3685
361 3691
362 3697
363 3703
364 3709
365 3715
366 3721
367 3727
368 3733
369 3739
370 3745
371 3751
372 3757
373 3763
374 3769
375 3775
376 3781
377 3787
378 3793
379 3799
380 3805
381 3811
382 3817
383 3823
384 3829
385 3835
386 3841
387 3847
388 3853
389 3859
390 3865
391 3871
392 3877
393 3883
394 3889
395 3895
396 3901
397 3907
398 3913
399 3919
400 3925
401 3931
402 3937
403 3943
404 3949
405 3955
406 3961
407 3967
408 3973
409 3979
410 3985
411 3991
412 3997
413 4003
414 4009
415 4015
416 4021
417 4027
418 4033
419 4039
420 4045
421 4051
422 4057
423 4063
424 4069
425 4075
426 4081
427 4087
428 4093
429 4099
430 4105
431 4111
432 4117
433 4123
434 4129
435 4135
436 4141
437 4147
438 4153
439 4159
440 4165
441 4171
442 4177
443 4183
444 4189
445 4195
446 4201
447 4207
448 4213
449 4219
450 4225
451 4231
452 4237
453 4243
454 4249
455 4255
456 4261
457 4267
458 4273
459 4279
460 4285
461 4291
462 4297
463 4303
464 4309
465 4315
466 4321
467 4327
468 4333
469 4339
470 4345
471 4351
472 4357
473 4363
474 4369
475 4375
476 4381
477 4387
478 4393
479 4399
480 4405
481 4411
482 4417
483 4423
484 4429
485 4435
486 4441
487 4447
488 4453
489 4459
490 4465
491 4471
492 4477
493 4483
494 4489
495 4495
496 4501
497 4507
498 4513
499 4519
500 4525
501 4531
502 4537
503 4543
504 4549
505 4555
506 4561
507 4567
508 4573
509 4579
510 4585
511 4591
512 4597
513 4603
514 4609
515 4615
516 4621
517 4627
518 4633
519 4639
520 4645
521 4651
522 4657
523 4663
524 4669
525 4675
526 4681
527 4687
528 4693
529 4699
530 4705
531 4711
532 4717
533 4723
534 4729
535 4735
536 4741
537 4747
538 4753
539 4759
540 4765
541 4771
542 4777
543 4783
544 4789
545 4795
546 4801
547 4807
548 4813
549 4819
550 4825
551 4831
552 4837
553 4843
554 4849
555 4855
556 4856
557 4862
558 4868
559 4874
565 4877
566 4881
567 4884
568 4890
569 4895
570 4901
571 4904
572 4907
573 4913
574 4919
575 4925
576 4931
577 4937
578 4943
579 4949
580 4955
581 4961
582 4967
583 4973
584 4979
585 4985
586 4991
587 4997
588 5003
589 5009
590 5015
591 5021
592 5027
593 5033
594 5039
595 5045
596 5051
597 5057
598 5063
599 5069
600 5075
601 5081
602 5087
603 5093
604 5099
605 5105
606 5111
607 5117
608 5123
609 5129
610 5135
611 5141
612 5147
613 5153
614 5159
615 5165
616 5171
617 5177
618 5183
619 5189
620 5195
621 5201
622 5207
623 5213
624 5219
625 5225
626 5231
627 5237
628 5243
629 5249
630 5255
631 5261
632 5267
633 5273
634 5279
635 5285
636 5291
637 5297
638 5303
639 5309
640 5315
641 5321
642 5327
643 5333
644 5339
645 5345
646 5351
647 5357
648 5363
649 5369
650 5375
651 5381
652 5387
653 5393
654 5399
655 5405
656 5411
657 5417
658 5423
659 5429
660 5435
661 5441
662 5447
663 5453
664 5459
665 5465
666 5471
667 5477
668 5483
669 5489
670 5495
671 5501
672 5507
673 5513
674 5519
675 5525
676 5531
677 5537
678 5543
679 5549
680 5555
681 5561
682 5567
683 5573
684 5579
685 5585
686 5591
687 5597
688 5603
689 5609
690 5615
691 5621
692 5627
693 5633
694 5639
695 5645
696 5651
697 5657
698 5663
699 5669
700 5675
701 5681
702 5687
703 5693
704 5699
707 5704
710 5705
711 5710
713 5714
714 5719
715 5725
716 5731
717 5737
718 5743
719 5749
720 5755
721 5761
722 5767
723 5773
724 5779
725 5785
726 5791
727 5797
728 5803
729 5809
730 5815
731 5821
732 5827
733 5833
734 5839
735 5842
736 5848
737 5854
738 5860
739 5866
740 5872
741 5878
742 5884
743 5890
744 5896
745 5902
746 5908
747 5914
748 5920
749 5926
750 5932
751 5938
752 5944
753 5950
754 5956
755 5962
756 5968
757 5974
758 5980
759 5986
760 5992
761 5998
762 6004
763 6010
764 6016
765 6022
766 6028
767 6034
768 6040
769 6046
770 6052
771 6058
772 6064
773 6070
774 6076
775 6082
776 6088
777 6094
778 6100
779 6106
780 6112
781 6118
782 6124
783 6130
784 6136
785 6142
786 6148
787 6154
788 6160
789 6166
790 6172
791 6178
792 6184
793 6190
794 6196
795 6202
796 6208
797 6214
798 6220
799 6226
800 6232
801 6238
802 6244
803 6250
804 6256
805 6262
806 6268
807 6274
808 6280
809 6286
810 6292
811 6298
812 6304
813 6310
814 6316
815 6322
816 6328
817 6334
818 6340
819 6346
820 6352
821 6358
822 6364
823 6370
824 6376
825 6382
826 6388
827 6394
828 6400
829 6406
830 6412
831 6418
832 6424
833 6430
834 6436
835 6442
836 6448
837 6454
838 6460
839 6466
840 6472
841 6478
842 6484
843 6490
844 6496
845 6502
846 6508
847 6514
848 6520
849 6526
850 6532
851 6538
852 6544
853 6550
854 6556
855 6562
856 6567
857 6569
858 6575
859 6581
860 6587
861 6593
863 6600
864 6606
865 6612
866 6618
867 6624
868 6630
869 6636
870 6642
871 6648
872 6654
873 6660
874 6666
875 6672
876 6678
877 6684
878 6691
879 6697
880 6703
881 6709
882 6715
883 6721
884 6727
885 6733
886 6738
887 6744
888 6750
889 6756
890 6762
891 6768
892 6774
893 6780
894 6786
895 6792
896 6798
897 6804
898 6810
899 6816
900 6822
901 6828
902 6834
903 6840
904 6846
905 6852
906 6858
907 6864
908 6870
909 6876
910 6882
911 6888
912 6894
913 6900
914 6906
915 6912
916 6918
917 6924
918 6930
919 6936
920 6942
921 6948
922 6954
923 6960
924 6966
925 6972
926 6978
927 6985
928 6991
929 6997
930 7003
931 7009
932 7015
933 7021
934 7027
935 7033
936 7039
937 7045
938 7051
939 7057
940 7063
941 7069
942 7075
943 7080
944 7086
945 7092
946 7098
947 7104
948 7110
949 7116
950 7122
951 7128
952 7134
953 7140
954 7146
955 7152
956 7158
957 7164
958 7170
959 7176
960 7182
961 7188
962 7194
963 7200
964 7206
965 7212
966 7218
967 7224
968 7230
969 7236
970 7242
971 7248
972 7254
973 7260
974 7266
975 7272
976 7278
977 7284
978 7290
979 7296
980 7302
981 7308
982 7314
983 7320
984 7326
985 7332
986 7338
987 7344
988 7350
989 7356
990 7362
991 7368
992 7374
993 7380
994 7386
995 7392
996 7398
997 7404
998 7410
999 7416
1000 7422
1001 7428
1002 7434
1003 7440
1004 7446
1005 7452
1006 7458
1007 7464
1008 7470
1009 7476
1010 7482
1011 7488
1012 7494
1013 7500
1014 7506
1015 7512
1016 7518
1017 7524
1018 7530
1019 7536
1020 7542
1021 7548
1022 7554
1023 7560
1024 7566
1025 7572
1026 7578
1027 7584
1028 7590
1029 7596
1030 7602
1031 7608
1032 7614
1033 7620
1034 7626
1035 7632
1036 7638
1037 7644
1054 7645
1055 7649
1056 7655
1057 7661
1058 7667
1059 7673
1060 7679
1061 7685
1062 7691
1063 7697
1064 7703
1065 7706
1066 7712
1067 7718
1068 7724
1069 7730
1070 7736
1071 7742
1072 7748
1073 7754
1074 7761
1075 7767
1076 7773
1077 7779
1078 7785
1079 7791
1080 7797
1081 7803
1082 7809
1083 7815
1084 7821
1085 7827
1086 7833
1087 7839
1088 7845
1089 7851
1090 7857
1091 7863
1092 7869
1093 7875
1094 7881
1095 7887
1096 7893
1097 7899
1098 7905
1099 7911
1100 7917
1101 7923
1102 7929
1103 7935
1104 7941
1105 7947
1106 7953
1107 7958
1108 7964
1109 7970
1110 7976
1111 7982
1112 7988
1113 7994
1114 8000
1115 8007
1116 8013
1117 8019
1118 8025
1119 8031
1120 8037
1121 8043
1122 8049
1123 8055
1124 8061
1125 8067
1126 8073
1127 8079
1128 8085
1129 8091
1130 8097
1131 8102
1132 8108
1133 8114
1134 8120
1135 8126
1136 8132
1137 8138
1138 8144
1139 8150
1140 8156
1141 8162
1142 8168
1143 8174
1144 8180
1145 8186
1146 8192
1147 8198
1148 8204
1149 8210
1150 8216
1151 8222
1152 8228
1153 8234
1154 8240
1155 8246
1156 8253
1157 8259
1158 8265
1159 8271
1160 8277
1161 8283
1162 8289
1163 8295
1164 8300
1165 8306
1166 8312
1167 8318
1168 8324
1169 8330
1170 8336
1171 8342
1172 8348
1173 8354
1174 8360
1175 8366
1176 8372
1177 8378
1178 8384
1179 8390
1180 8396
1181 8402
1182 8408
1183 8414
1184 8420
1185 8426
1186 8432
1187 8438
1188 8444
1189 8450
1190 8455
1191 8459
1192 8465
1193 8471
1194 8477
1195 8483
1196 8489
1197 8495
1198 8501
1199 8507
1200 8513
1201 8519
1202 8525
1203 8531
1204 8537
1205 8543
1206 8549
1207 8555
1208 8561
1209 8567
1210 8573
1211 8579
1212 8585
1213 8592
1214 8598
1215 8604
1216 8610
1217 8616
1218 8622
1219 8628
1220 8634
1221 8640
1222 8646
1223 8652
1224 8658
1225 8664
1226 8670
1227 8676
1228 8682
1229 8687
1230 8693
1231 8699
1232 8705
1233 8711
1234 8717
1235 8723
1236 8729
1237 8735
1238 8742
1239 8748
1240 8754
1241 8760
1242 8766
1243 8772
1244 8778
1245 8784
1246 8790
1247 8796
1248 8802
1249 8808
1250 8814
1251 8820
1252 8826
1253 8832
1254 8838
1255 8844
1256 8850
1257 8856
1258 8862
1259 8868
1260 8874
1261 8880
1262 8886
1263 8892
1264 8898
1265 8904
1266 8910
1267 8916
1268 8922
1269 8928
1270 8934
1271 8940
1272 8946
1273 8952
1274 8958
1275 8964
1276 8970
1277 8976
1278 8982
1279 8988
1280 8994
1281 9000
1282 9006
1283 9012
1284 9018
1285 9024
1286 9030
1287 9036
1288 9042
1289 9048
1290 9054
1291 9060
1292 9066
1293 9072
1294 9078
1295 9084
1296 9090
1297 9096
1298 9102
1299 9108
1300 9114
1301 9120
1302 9126
1303 9132
1304 9138
1305 9144
1306 9150
1307 9156
1308 9162
1309 9168
1310 9174
1311 9180
1312 9186
1313 9192
1314 9198
1315 9204
1316 9210
1317 9216
1318 9222
1319 9228
1320 9234
1321 9240
1322 9246
1323 9252
1324 9258
1325 9264
1326 9270
1327 9276
1328 9282
1329 9288
1330 9294
1331 9300
1332 9306
1333 9312
1334 9318
1335 9324
1336 9330
1337 9336
1338 9342
1339 9348
1340 9354
1341 9360
1342 9366
1343 9372
1344 9378
1345 9384
1346 9390
1347 9396
1348 9402
1349 9408
1350 9414
1351 9420
1352 9426
1353 9432
1354 9438
1355 9444
1356 9450
1357 9456
1358 9462
1359 9468
1360 9474
1361 9480
1362 9486
1363 9492
1364 9498
1365 9504
1366 9510
1367 9516
1368 9522
1369 9527
1370 9531
1371 9537
1372 9543
1373 9549
1374 9555
1375 9561
1376 9567
1377 9573
1378 9579
1379 9585
1380 9591
1381 9597
1382 9603
1383 9609
1384 9615
1385 9621
1386 9627
1387 9633
1388 9639
1389 9645
1390 9651
1391 9657
1392 9663
1393 9669
1394 9675
1395 9681
1396 9687
1397 9693
1398 9699
1399 9705
1400 9711
1401 9717
1402 9723
1403 9729
1404 9735
1405 9741
1406 9747
1407 9753
1408 9759
1409 9765
1410 9771
1411 9777
1412 9783
1413 9789
1414 9795
1415 9801
1416 9807
1417 9813
1418 9819
1419 9825
1420 9831
1421 9837
1422 9843
1423 9849
1424 9855
1425 9861
1426 9867
1427 9873
1428 9879
1429 9885
1430 9891
1431 9897
1432 9903
1433 9909
1434 9915
1435 9921
1436 9927
1437 9933
1438 9939
1439 9945
1440 9951
1441 9957
1442 9962
1443 9968
1444 9974
1445 9980
1446 9986
1447 9992
1448 9998
1449 10004
1450 10011
1451 10017
1452 10023
1453 10029
1454 10035
1455 10041
1456 10047
1457 10053
1458 10059
1459 10065
1460 10071
1461 10077
1462 10083
1463 10089
1464 10095
1465 10101
1466 10106
1467 10112
1468 10118
1469 10124
1470 10130
1471 10136
1472 10142
1473 10148
1474 10155
1475 10161
1476 10167
1477 10173
1478 10179
1479 10185
1480 10191
1481 10197
1482 10203
1483 10209
1484 10215
1485 10221
1486 10227
1487 10233
1488 10239
1489 10245
1490 10251
1491 10257
1492 10263
1493 10269
1494 10275
1495 10281
1496 10287
1497 10293
1498 10299
1499 10305
1500 10311
1501 10317
1502 10323
1503 10329
1504 10335
1505 10341
1506 10347
1507 10353
1508 10359
1509 10365
1510 10371
1511 10377
1512 10383
1513 10389
1514 10395
1515 10401
1516 10407
1517 10413
1518 10419
1519 10425
1520 10431
1521 10437
1522 10443
1523 10449
1524 10455
1525 10461
1526 10467
1527 10473
1528 10479
1529 10485
1530 10491
1531 10497
1532 10503
1533 10509
1534 10515
1535 10521
1536 10527
1537 10533
1538 10539
1539 10545
1540 10551
1541 10557
1542 10563
1543 10569
1544 10575
1545 10581
1546 10587
1547 10593
1548 10599
1549 10605
1550 10611
1551 10617
1552 10623
1553 10629
1554 10635
1555 10641
1556 10647
1557 10653
1558 10659
1559 10665
1560 10671
1561 10677
1562 10683
1563 10689
1564 10695
1565 10701
1566 10707
1567 10713
1568 10719
1569 10725
1570 10731
1571 10737
1572 10743
1573 10749
1574 10755
1575 10761
1576 10767
1577 10773
1578 10779
1579 10785
1580 10791
1581 10797
1582 10803
1583 10809
1584 10815
1585 10821
1586 10827
1587 10833
1588 10839
1589 10845
1590 10851
1591 10857
1592 10863
1593 10869
1594 10875
1595 10881
1596 10887
1597 10893
1598 10899
1599 10905
1600 10911
1601 10917
1602 10923
1603 10929
1604 10935
1605 10941
1606 10947
1607 10953
1608 10959
1609 10965
1610 10971
1611 10977
1612 10983
1613 10989
1614 10995
1615 11001
1616 11007
1617 11013
1618 11019
1619 11025
1620 11031
1621 11037
1622 11043
1623 11049
1624 11055
1625 11061
1626 11067
1627 11073
1628 11079
1629 11085
1630 11091
1631 11097
1632 11103
1633 11109
1634 11115
1635 11121
1636 11127
1637 11133
1638 11139
1639 11145
1640 11151
1641 11157
1642 11163
1643 11169
1644 11175
1645 11181
1646 11187
1647 11193
1648 11199
1649 11205
1650 11211
1651 11217
1652 11223
1653 11229
1654 11235
1655 11241
1656 11247
1657 11253
1658 11259
1659 11265
1660 11271
1661 11277
1662 11283
1663 11289
1664 11295
1665 11301
1666 11307
1667 11313
1668 11319
1669 11325
1670 11331
1671 11337
1672 11343
1673 11349
1674 11355
1675 11361
1676 11367
1677 11373
1678 11379
1679 11385
1680 11391
1681 11397
1682 11403
1683 11409
1684 11415
1685 11421
1686 11427
1687 11433
1688 11439
1689 11445
1690 11451
1691 11457
1692 11463
1693 11469
1694 11475
1695 11481
1696 11487
1697 11493
1698 11499
1699 11505
1700 11511
1701 11517
1702 11523
1703 11529
1704 11535
1705 11541
1706 11547
1707 11553
1708 11559
1709 11565
1710 11571
1711 11577
1712 11583
1734 11589
1735 11595
1736 11601
1737 11607
1738 11613
1739 11619
1740 11625
1741 11631
1742 11637
1743 11643
1744 11649
1745 11655
1746 11661
1747 11667
1748 11673
1749 11679
1750 11685
1751 11691
1752 11697
1753 11703
1754 11709
1755 11715
1756 11721
1757 11727
1758 11733
1759 11739
1760 11745
1761 11751
1762 11757
1763 11763
1764 11769
1765 11775
1766 11781
1767 11787
1768 11793
1769 11799
1770 11805
1771 11811
1772 11817
1773 11823
1774 11829
1775 11835
1776 11841
1777 11847
1778 11853
1779 11859
1780 11865
1781 11871
1782 11877
1783 11883
1784 11889
1785 11895
1786 11901
1787 11907
1788 11913
1789 11919
1790 11925
1791 11931
1792 11937
1793 11943
1794 11949
1795 11955
1796 11961
1797 11967
1798 11973
1799 11979
1800 11985
1801 11991
1802 11997
1803 12003
1804 12009
1805 12015
1806 12021
1807 12027
1808 12033
1809 12039
1810 12045
1811 12051
1812 12057
1813 12063
1814 12069
1815 12075
1816 12081
1817 12087
1818 12093
1819 12099
1820 12105
1821 12111
1822 12117
1823 12123
1824 12129
1825 12135
1826 12141
1827 12147
1828 12153
1829 12159
1830 12165
1831 12171
1832 12177
1833 12183
1834 12189
1835 12195
1836 12201
1837 12207
1838 12213
1839 12219
1840 12225
1841 12231
1842 12237
1843 12243
1844 12249
1845 12255
1846 12261
1847 12267
1848 12273
1849 12279
1850 12285
1851 12291
1852 12297
1853 12303
1854 12309
1855 12315
1856 12321
1857 12327
1858 12333
1859 12339
1860 12345
1861 12351
1862 12357
1863 12363
1864 12369
1865 12375
1866 12381
1867 12387
1868 12393
1869 12399
1870 12405
1871 12411
1872 12417
1873 12423
1874 12429
1875 12435
1876 12441
1877 12447
1878 12453
1879 12459
1880 12465
1881 12471
1882 12477
1883 12483
1884 12489
1885 12495
1886 12501
1887 12507
1888 12513
1889 12519
1890 12525
1891 12531
1892 12537
1893 12543
1894 12549
1895 12555
1896 12561
1897 12567
1898 12573
1899 12579
1900 12585
1901 12591
1902 12597
1903 12603
1904 12609
1905 12615
1906 12621
1907 12627
1908 12633
1909 12639
1910 12645
1911 12651
1912 12657
1913 12663
1914 12669
1915 12675
1916 12681
1917 12687
1918 12693
1919 12699
1920 12705
1921 12711
1922 12717
1923 12723
1924 12729
1925 12735
1926 12741
1927 12747
1928 12753
1929 12759
1930 12765
1931 12771
1932 12777
1933 12783
1934 12789
1935 12795
1936 12801
1937 12807
1938 12810
1939 12815
1940 12821
1941 12827
1942 12833
1943 12839
1944 12845
1945 12851
1946 12857
1947 12863
1948 12869
1949 12875
1950 12881
1951 12887
1952 12893
1953 12899
1954 12905
1955 12908
1956 12914
1957 12920
1958 12926
1959 12932
1960 12938
1961 12944
1962 12950
1963 12956
1964 12962
1965 12968
1966 12974
1967 12980
1968 12986
1969 12992
1970 12998
1971 13004
1972 13010
1973 13016
1974 13022
1975 13028
1976 13034
1977 13040
1978 13046
1979 13052
1980 13058
1981 13064
1982 13070
1983 13076
1984 13082
1985 13088
1986 13094
1987 13100
1988 13106
1989 13112
1990 13118
1991 13124
1992 13130
1993 13136
1994 13142
1995 13148
1996 13154
1997 13160
1998 13166
1999 13172
2000 13178
2001 13184
2002 13190
2003 13196
2004 13202
2005 13208
2006 13214
2007 13220
2008 13226
2009 13232
2010 13238
2011 13244
2012 13250
2013 13256
2014 13262
2015 13268
2016 13274
2017 13280
2018 13286
2019 13292
2020 13298
2021 13304
2022 13310
2023 13316
2024 13322
2025 13328
2026 13334
2027 13340
2028 13346
2029 13352
2030 13358
2031 13364
2032 13370
2033 13376
2034 13382
2035 13388
2036 13394
2037 13400
2038 13406
2039 13412
2040 13418
2041 13424
2042 13430
2043 13436
2044 13442
2045 13448
2046 13454
2047 13460
2048 13466
2049 13472
2050 13478
2051 13484
2052 13490
2053 13496
2054 13502
2055 13508
2056 13514
2057 13520
2058 13526
2059 13532
2060 13538
2061 13544
2062 13550
2063 13556
2064 13562
2065 13568
2066 13574
2067 13580
2068 13586
2069 13592
2070 13598
2071 13604
2072 13610
2073 13616
2074 13622
2075 13628
2076 13634
2077 13640
2078 13646
2079 13652
2080 13658
2081 13664
2082 13670
2083 13676
2084 13682
2085 13688
2086 13694
2087 13700
2088 13706
2089 13712
2090 13718
2091 13724
2092 13730
2093 13736
2094 13742
2095 13748
2096 13754
2097 13760
2098 13766
2099 13772
2100 13778
2101 13784
2102 13790
2103 13796
2104 13802
2105 13808
2106 13814
2107 13820
2108 13826
2109 13832
2110 13838
2111 13844
2112 13850
2113 13856
2114 13862
2115 13868
2116 13874
2117 13880
2118 13886
2119 13892
2120 13898
2121 13904
2122 13910
2123 13916
2124 13922
2125 13928
2126 13934
2127 13940
2128 13946
2129 13952
2130 13958
2131 13964
2132 13967
2133 13973
2134 13979
2135 13985
2136 13988
2137 13994
2138 14000
2139 14006
2140 14012
2141 14018
2142 14024
2143 14027
2144 14033
2145 14039
2146 14045
2147 14051
2148 14057
2149 14063
2150 14069
2151 14075
2152 14081
2153 14087
2154 14093
2155 14099
2156 14105
2157 14111
2158 14117
2159 14122
2160 14123
2161 14124
2162 14125
2163 14126
2164 14130
2165 14136
2166 14139
2167 14145
2168 14151
2169 14157
2170 14163
2171 14169
2172 14175
2173 14181
2174 14187
2175 14193
2176 14199
2177 14205
2178 14211
2179 14217
2180 14223
2181 14229
2182 14235
2183 14241
2184 14247
2185 14253
2186 14259
2187 14265
2188 14271
2189 14277
2190 14283
2191 14289
2192 14295
2193 14301
2194 14307
2195 14313
2196 14319
2197 14325
2198 14331
2199 14337
2200 14343
2201 14349
2202 14355
2203 14361
2204 14367
2205 14373
2206 14379
2207 14385
2208 14391
2209 14397
2210 14403
2211 14409
2212 14415
2213 14421
2214 14427
2215 14433
2216 14439
2217 14445
2218 14451
2219 14457
2220 14463
2221 14469
2222 14475
2223 14481
2224 14487
2225 14493
2226 14499
2227 14505
2228 14511
2229 14517
2230 14523
2231 14529
2232 14535
2233 14541
2234 14547
2235 14553
2236 14559
2237 14565
2238 14571
2239 14577
2240 14583
2241 14589
2242 14595
2243 14601
2244 14607
2245 14613
2246 14619
2247 14625
2248 14631
2249 14637
2250 14643
2251 14649
2252 14655
2253 14661
2254 14667
2255 14673
2256 14679
2257 14685
2258 14691
2259 14697
2260 14703
2261 14709
2262 14715
2263 14721
2264 14727
2265 14733
2266 14739
2267 14745
2268 14751
2269 14757
2270 14763
2271 14769
2272 14775
2273 14781
2274 14787
2275 14793
2276 14799
2277 14805
2278 14811
2279 14817
2280 14823
2281 14829
2282 14835
2283 14841
2284 14847
2285 14853
2286 14859
2287 14865
2288 14871
2289 14877
2290 14883
2291 14889
2292 14895
2293 14901
2294 14907
2295 14913
2296 14919
2297 14925
2298 14931
2299 14937
2300 14943
2301 14949
2302 14955
2303 14961
2304 14967
2305 14973
2306 14979
2307 14985
2308 14991
2309 14997
2310 15003
2311 15009
2312 15015
2313 15021
2314 15027
2315 15033
2316 15039
2317 15045
2318 15051
2319 15057
2320 15063
2321 15069
2322 15075
2323 15081
2324 15087
2325 15093
2326 15099
2327 15105
2328 15111
2329 15117
2330 15123
2331 15129
2332 15135
2333 15141
2334 15147
2335 15153
2336 15159
2337 15165
2338 15171
2339 15177
2340 15183
2341 15189
2342 15195
2343 15201
2344 15207
2345 15213
2346 15219
2347 15225
2348 15231
2349 15237
2350 15243
2351 15249
2352 15255
2353 15261
2354 15267
2355 15273
2356 15279
2357 15285
2358 15291
2359 15297
2360 15303
2361 15309
2362 15315
2363 15321
2364 15327
2365 15333
2366 15339
2367 15345
2368 15351
2369 15357
2370 15363
2371 15369
2372 15375
2373 15381
2374 15387
2375 15393
2376 15399
2377 15405
2378 15411
2379 15417
2380 15423
2381 15429
2382 15435
2383 15441
2384 15447
2385 15453
2386 15459
2387 15465
2388 15471
2389 15477
2390 15483
2391 15489
2392 15495
2393 15501
2394 15507
2395 15513
2396 15519
2397 15525
2398 15531
2399 15537
2400 15543
2401 15549
2402 15555
2403 15561
2404 15567
2405 15573
2406 15579
2407 15585
2408 15591
2409 15597
2410 15603
2411 15609
2412 15615
2413 15621
2414 15627
2415 15633
2416 15639
2417 15645
2418 15651
2419 15657
2420 15663
2421 15669
2422 15675
2423 15681
2424 15687
2425 15693
2426 15699
2427 15705
2428 15711
2429 15717
2430 15723
2431 15729
2432 15735
2433 15741
2434 15747
2435 15753
2436 15759
2437 15765
2438 15771
2439 15777
2440 15783
2441 15789
2442 15795
2443 15801
2444 15807
2445 15813
2446 15819
2447 15825
2448 15831
2449 15837
2450 15843
2451 15849
2452 15855
2453 15861
2454 15867
2455 15873
2456 15879
2457 15885
2458 15891
2459 15897
2460 15903
2461 15909
2462 15915
2463 15921
2464 15927
2465 15933
2466 15939
2467 15945
2468 15951
2469 15957
2470 15963
2471 15969
2472 15975
2473 15981
2474 15987
2475 15993
2476 15999
2477 16005
2478 16011
2479 16017
2480 16023
2481 16029
2482 16035
2483 16041
2484 16047
2485 16053
2486 16059
2487 16065
2488 16071
2489 16077
2490 16083
2491 16089
2492 16095
2493 16101
2494 16107
2495 16113
2496 16119
2497 16125
2498 16131
2499 16137
2500 16143
2501 16149
2502 16155
2503 16161
2504 16167
2505 16173
2506 16179
2507 16185
2508 16191
2509 16197
2510 16203
2511 16209
2512 16215
2513 16221
2514 16227
2515 16233
2516 16239
2517 16245
2518 16251
2519 16257
2520 16263
2521 16269
2522 16275
2523 16281
2524 16287
2525 16293
2526 16299
2527 16305
2528 16311
2529 16317
2530 16323
2531 16329
2532 16335
2533 16341
2534 16347
2535 16353
2536 16359
2537 16365
2538 16371
2539 16377
2540 16383
2541 16389
2542 16395
2543 16401
2544 16407
2545 16413
2546 16419
2547 16425
2548 16431
2549 16437
2550 16443
2551 16449
2552 16455
2553 16461
2554 16467
2555 16473
2556 16479
2557 16485
2558 16491
2559 16497
2560 16503
2561 16509
2562 16515
2563 16521
2564 16527
2565 16533
2566 16539
