0 13
1 139
2 145
3 151
4 157
5 163
6 169
7 175
8 181
9 187
10 193
11 199
12 205
13 211
14 217
15 223
16 229
17 235
18 241
19 247
20 253
21 259
22 265
23 271
24 277
25 283
26 289
27 295
28 301
29 307
30 313
31 319
32 325
33 331
34 337
35 343
36 349
37 355
38 361
39 367
40 373
41 379
42 385
43 391
44 397
45 403
46 409
47 415
48 421
49 427
50 433
51 439
52 445
53 451
54 457
55 463
56 469
57 475
58 481
59 487
60 493
61 499
62 505
63 511
64 517
65 523
66 529
67 535
68 541
69 547
70 553
71 559
72 565
73 571
74 577
75 583
76 589
77 595
78 601
79 607
80 613
81 619
82 625
83 631
84 637
85 643
86 649
87 655
88 661
89 667
90 673
91 679
92 685
93 691
94 697
95 703
96 709
97 715
98 721
99 727
100 733
101 739
102 745
103 751
104 757
105 763
106 769
107 775
108 781
109 787
110 793
111 799
112 805
113 811
114 817
115 823
116 829
117 835
118 841
119 847
120 853
121 859
122 865
123 871
124 877
125 883
126 889
127 895
128 901
129 907
130 913
131 919
132 925
133 931
134 937
135 943
136 949
137 955
138 961
139 967
140 973
141 979
142 985
143 991
144 997
145 1003
146 1009
147 1015
148 1021
149 1027
150 1033
151 1039
152 1045
153 1051
154 1057
155 1063
156 1069
157 1075
158 1081
159 1087
160 1093
161 1099
162 1105
163 1111
164 1117
165 1123
166 1129
167 1135
168 1141
169 1147
170 1153
171 1159
172 1165
173 1171
174 1177
175 1183
176 1189
177 1195
178 1201
179 1207
180 1213
181 1219
182 1225
183 1231
184 1237
185 1243
186 1249
187 1255
188 1261
189 1267
190 1273
191 1279
192 1285
193 1291
194 1297
195 1303
196 1309
197 1315
198 1321
199 1327
200 1333
201 1339
202 1345
203 1351
204 1357
205 1363
206 1369
207 1375
208 1381
209 1387
210 1393
211 1399
212 1405
213 1411
214 1417
215 1423
216 1429
217 1435
218 1441
219 1447
220 1453
221 1459
222 1465
223 1471
224 1477
225 1483
226 1489
227 1495
228 1501
229 1507
230 1513
231 1519
232 1525
233 1531
234 1537
235 1543
236 1549
237 1555
238 1561
239 1567
240 1573
241 1579
242 1585
243 1591
244 1597
245 1603
246 1609
247 1615
248 1621
249 1627
250 1633
251 1639
252 1645
253 1651
254 1657
255 1663
256 1669
257 1675
258 1681
259 1687
260 1693
261 1699
262 1705
263 1711
264 1717
265 1723
266 1729
267 1735
268 1741
269 1747
270 1753
271 1759
272 1765
273 1771
274 1777
275 1783
276 1789
277 1795
278 1801
279 1807
280 1813
281 1819
282 1825
283 1831
284 1837
285 1843
286 1849
287 1855
288 1861
289 1867
290 1873
291 1879
292 1885
293 1891
294 1897
295 1903
296 1909
297 1915
298 1921
299 1927
300 1933
301 1939
302 1945
303 1951
304 1957
305 1963
306 1969
307 1975
308 1981
309 1987
310 1993
311 1999
312 2005
313 2011
314 2017
315 2023
316 2029
317 2035
318 2041
319 2047
320 2053
321 2059
322 2065
323 2071
324 2077
325 2083
326 2089
327 2095
328 2101
329 2107
330 2113
331 2119
332 2125
333 2131
334 2137
335 2143
336 2149
337 2155
338 2161
339 2167
340 2173
341 2179
342 2185
343 2191
344 2197
345 2203
346 2209
347 2215
348 2221
349 2227
350 2233
351 2239
352 2245
353 2251
354 2257
355 2263
356 2269
357 2275
358 2281
359 2287
360 2293
361 2299
362 2305
363 2311
364 2317
365 2323
366 2329
367 2335
368 2341
369 2347
370 2353
371 2359
372 2365
373 2371
374 2377
375 2383
376 2389
377 2395
378 2401
379 2407
380 2413
381 2419
382 2425
383 2431
384 2437
385 2443
386 2449
387 2455
388 2461
389 2467
390 2473
391 2479
392 2485
393 2491
394 2497
395 2503
396 2509
397 2515
398 2521
399 2527
400 2533
401 2539
402 2545
403 2551
404 2557
405 2563
406 2569
407 2575
408 2581
409 2587
410 2593
411 2599
412 2605
413 2611
414 2617
415 2623
416 2629
417 2635
418 2641
419 2647
420 2653
421 2659
422 2665
423 2671
424 2677
425 2683
426 2689
427 2695
428 2701
429 2707
430 2713
431 2719
432 2725
433 2731
434 2737
435 2743
436 2749
437 2755
438 2761
439 2767
440 2773
441 2779
442 2785
443 2791
444 2797
445 2803
446 2809
447 2815
448 2821
449 2827
450 2833
451 2839
452 2845
453 2851
454 2857
455 2863
456 2869
457 2875
458 2881
459 2887
460 2893
461 2899
462 2905
463 2911
464 2917
465 2923
466 2929
467 2935
468 2941
469 2947
470 2953
471 2959
472 2965
473 2971
474 2977
475 2983
476 2989
477 2995
478 3001
479 3007
480 3013
481 3019
482 3025
483 3031
484 3037
485 3043
486 3049
487 3055
488 3061
489 3067
490 3073
491 3079
492 3085
493 3091
494 3097
495 3103
496 3109
497 3115
498 3121
499 3127
500 3133
501 3139
502 3145
503 3151
504 3157
505 3163
506 3169
507 3175
508 3181
509 3187
510 3193
511 3199
512 3205
513 3211
514 3217
515 3223
516 3229
517 3235
518 3241
519 3247
520 3253
521 3259
522 3265
523 3271
524 3277
525 3283
526 3289
527 3295
528 3301
529 3307
530 3313
531 3319
532 3325
533 3331
534 3337
535 3343
536 3349
537 3355
538 3361
539 3367
540 3373
541 3379
542 3385
543 3391
544 3397
545 3403
546 3409
547 3415
548 3421
549 3427
550 3433
551 3439
552 3445
553 3451
554 3457
555 3463
556 3469
557 3475
558 3481
559 3487
560 3493
561 3499
562 3505
563 3511
564 3517
565 3523
566 3529
567 3535
568 3541
569 3547
570 3553
571 3559
572 3565
573 3571
574 3577
575 3583
576 3589
577 3595
578 3601
579 3607
580 3613
581 3619
582 3625
583 3631
584 3637
585 3643
586 3649
587 3655
588 3661
589 3667
590 3673
591 3679
592 3685
593 3691
594 3697
595 3703
596 3709
597 3715
598 3721
599 3727
600 3733
601 3739
602 3745
603 3751
604 3757
605 3763
606 3769
607 3775
608 3781
609 3787
610 3793
611 3799
612 3805
613 3811
614 3817
615 3823
616 3829
617 3835
618 3841
619 3847
620 3853
621 3859
622 3865
623 3871
624 3877
625 3883
626 3889
627 3895
628 3901
629 3907
630 3913
631 3919
632 3925
633 3931
634 3937
635 3943
636 3949
637 3955
638 3961
639 3967
640 3973
641 3979
642 3985
643 3991
644 3997
645 4003
646 4009
647 4015
648 4021
649 4027
650 4033
651 4039
652 4045
653 4051
654 4057
655 4063
656 4069
657 4075
658 4081
659 4087
660 4093
661 4099
662 4105
663 4111
664 4117
665 4123
666 4129
667 4135
668 4141
669 4147
670 4153
671 4159
672 4165
673 4171
674 4177
675 4183
676 4189
677 4195
678 4201
679 4207
680 4213
681 4219
682 4225
683 4231
684 4237
685 4243
686 4249
687 4255
688 4261
689 4267
690 4273
691 4279
692 4285
693 4291
694 4297
695 4303
696 4309
697 4315
698 4321
699 4327
700 4333
701 4339
702 4345
703 4351
704 4357
705 4363
706 4369
707 4375
708 4381
709 4387
710 4393
711 4399
712 4405
713 4411
714 4417
715 4423
716 4429
717 4435
718 4441
719 4447
720 4453
721 4459
722 4465
723 4471
724 4477
725 4483
726 4489
727 4495
728 4501
729 4507
730 4513
731 4519
732 4525
733 4531
734 4537
735 4543
736 4549
737 4555
738 4561
739 4567
740 4573
741 4579
742 4585
743 4591
744 4597
745 4603
746 4609
747 4615
748 4621
749 4627
750 4633
751 4639
752 4645
753 4651
754 4657
755 4663
756 4669
757 4675
758 4681
759 4687
760 4693
761 4699
762 4705
763 4711
764 4717
765 4723
766 4729
767 4735
768 4741
769 4747
770 4753
771 4759
772 4765
773 4771
774 4777
775 4783
776 4789
777 4795
778 4801
779 4807
780 4813
781 4819
782 4825
783 4831
784 4837
785 4843
786 4849
787 4855
788 4856
789 4862
790 4868
791 4874
797 4877
798 4881
799 4884
800 4890
801 4895
802 4901
803 4904
804 4907
805 4913
806 4919
807 4925
808 4931
809 4937
810 4943
811 4949
812 4955
813 4961
814 4967
815 4973
816 4979
817 4985
818 4991
819 4997
820 5003
821 5009
822 5015
823 5021
824 5027
825 5033
826 5039
827 5045
828 5051
829 5057
830 5063
831 5069
832 5075
833 5081
834 5087
835 5093
836 5099
837 5105
838 5111
839 5117
840 5123
841 5129
842 5135
843 5141
844 5147
845 5153
846 5159
847 5165
848 5171
849 5177
850 5183
851 5189
852 5195
853 5201
854 5207
855 5213
856 5219
857 5225
858 5231
859 5237
860 5243
861 5249
862 5255
863 5261
864 5267
865 5273
866 5279
867 5285
868 5291
869 5297
870 5303
871 5309
872 5315
873 5321
874 5327
875 5333
876 5339
877 5345
878 5351
879 5357
880 5363
881 5369
882 5375
883 5381
884 5387
885 5393
886 5399
887 5405
888 5411
889 5417
890 5423
891 5429
892 5435
893 5441
894 5447
895 5453
896 5459
897 5465
898 5471
899 5477
900 5483
901 5489
902 5495
903 5501
904 5507
905 5513
906 5519
907 5525
908 5531
909 5537
910 5543
911 5549
912 5555
913 5561
914 5567
915 5573
916 5579
917 5585
918 5591
919 5597
920 5603
921 5609
922 5615
923 5621
924 5627
925 5633
926 5639
927 5645
928 5651
929 5657
930 5663
931 5669
932 5675
933 5681
934 5687
935 5693
936 5699
939 5704
942 5705
943 5710
945 5714
946 5719
947 5725
948 5731
949 5737
950 5743
951 5749
952 5755
953 5761
954 5767
955 5773
956 5779
957 5785
958 5791
959 5797
960 5803
961 5809
962 5815
963 5821
964 5827
965 5833
966 5839
967 5842
968 5848
969 5854
970 5860
971 5866
972 5872
973 5878
974 5884
975 5890
976 5896
977 5902
978 5908
979 5914
980 5920
981 5926
982 5932
983 5938
984 5944
985 5950
986 5956
987 5962
988 5968
989 5974
990 5980
991 5986
992 5992
993 5998
994 6004
995 6010
996 6016
997 6022
998 6028
999 6034
1000 6040
1001 6046
1002 6052
1003 6058
1004 6064
1005 6070
1006 6076
1007 6082
1008 6088
1009 6094
1010 6100
1011 6106
1012 6112
1013 6118
1014 6124
1015 6130
1016 6136
1017 6142
1018 6148
1019 6154
1020 6160
1021 6166
1022 6172
1023 6178
1024 6184
1025 6190
1026 6196
1027 6202
1028 6208
1029 6214
1030 6220
1031 6226
1032 6232
1033 6238
1034 6244
1035 6250
1036 6256
1037 6262
1038 6268
1039 6274
1040 6280
1041 6286
1042 6292
1043 6298
1044 6304
1045 6310
1046 6316
1047 6322
1048 6328
1049 6334
1050 6340
1051 6346
1052 6352
1053 6358
1054 6364
1055 6370
1056 6376
1057 6382
1058 6388
1059 6394
1060 6400
1061 6406
1062 6412
1063 6418
1064 6424
1065 6430
1066 6436
1067 6442
1068 6448
1069 6454
1070 6460
1071 6466
1072 6472
1073 6478
1074 6484
1075 6490
1076 6496
1077 6502
1078 6508
1079 6514
1080 6520
1081 6526
1082 6532
1083 6538
1084 6544
1085 6550
1086 6556
1087 6562
1088 6567
1089 6569
1090 6575
1091 6581
1092 6587
1093 6593
1095 6600
1096 6606
1097 6612
1098 6618
1099 6624
1100 6630
1101 6636
1102 6642
1103 6648
1104 6654
1105 6660
1106 6666
1107 6672
1108 6678
1109 6684
1110 6691
1111 6697
1112 6703
1113 6709
1114 6715
1115 6721
1116 6727
1117 6733
1118 6738
1119 6744
1120 6750
1121 6756
1122 6762
1123 6768
1124 6774
1125 6780
1126 6786
1127 6792
1128 6798
1129 6804
1130 6810
1131 6816
1132 6822
1133 6828
1134 6834
1135 6840
1136 6846
1137 6852
1138 6858
1139 6864
1140 6870
1141 6876
1142 6882
1143 6888
1144 6894
1145 6900
1146 6906
1147 6912
1148 6918
1149 6924
1150 6930
1151 6936
1152 6942
1153 6948
1154 6954
1155 6960
1156 6967
1157 6972
1158 6979
1159 6985
1160 6991
1161 6997
1162 7003
1163 7009
1164 7015
1165 7021
1166 7027
1167 7033
1168 7039
1169 7045
1170 7051
1171 7057
1172 7063
1173 7069
1174 7075
1175 7080
1176 7086
1177 7092
1178 7098
1179 7104
1180 7110
1181 7116
1182 7122
1183 7128
1184 7134
1185 7140
1186 7146
1187 7152
1188 7158
1189 7164
1190 7170
1191 7176
1192 7182
1193 7188
1194 7194
1195 7200
1196 7206
1197 7212
1198 7218
1199 7224
1200 7230
1201 7236
1202 7242
1203 7248
1204 7254
1205 7260
1206 7266
1207 7272
1208 7278
1209 7284
1210 7290
1211 7296
1212 7302
1213 7308
1214 7314
1215 7320
1216 7326
1217 7332
1218 7338
1219 7344
1220 7350
1221 7356
1222 7362
1223 7368
1224 7374
1225 7380
1226 7386
1227 7392
1228 7398
1229 7404
1230 7410
1231 7416
1232 7422
1233 7428
1234 7434
1235 7440
1236 7446
1237 7452
1238 7458
1239 7464
1240 7470
1241 7476
1242 7482
1243 7488
1244 7494
1245 7500
1246 7506
1247 7512
1248 7518
1249 7524
1250 7530
1251 7536
1252 7542
1253 7548
1254 7554
1255 7560
1256 7566
1257 7572
1258 7578
1259 7584
1260 7590
1261 7596
1262 7602
1263 7608
1264 7614
1265 7620
1266 7626
1267 7632
1268 7638
1269 7644
1286 7645
1287 7649
1288 7655
1289 7661
1290 7667
1291 7673
1292 7679
1293 7685
1294 7691
1295 7697
1296 7703
1297 7706
1298 7712
1299 7718
1300 7724
1301 7730
1302 7736
1303 7742
1304 7748
1305 7754
1306 7761
1307 7767
1308 7773
1309 7779
1310 7785
1311 7791
1312 7797
1313 7803
1314 7809
1315 7815
1316 7821
1317 7827
1318 7833
1319 7839
1320 7845
1321 7851
1322 7857
1323 7863
1324 7869
1325 7875
1326 7881
1327 7887
1328 7893
1329 7899
1330 7905
1331 7911
1332 7917
1333 7923
1334 7929
1335 7935
1336 7941
1337 7947
1338 7953
1339 7958
1340 7964
1341 7970
1342 7976
1343 7982
1344 7988
1345 7994
1346 8000
1347 8007
1348 8013
1349 8019
1350 8025
1351 8031
1352 8037
1353 8043
1354 8049
1355 8055
1356 8061
1357 8067
1358 8073
1359 8079
1360 8085
1361 8091
1362 8097
1363 8102
1364 8108
1365 8114
1366 8120
1367 8126
1368 8132
1369 8138
1370 8144
1371 8150
1372 8156
1373 8162
1374 8168
1375 8174
1376 8180
1377 8186
1378 8192
1379 8198
1380 8204
1381 8210
1382 8216
1383 8222
1384 8228
1385 8234
1386 8240
1387 8246
1388 8253
1389 8259
1390 8265
1391 8271
1392 8277
1393 8283
1394 8289
1395 8295
1396 8300
1397 8306
1398 8312
1399 8318
1400 8324
1401 8330
1402 8336
1403 8342
1404 8348
1405 8354
1406 8360
1407 8366
1408 8372
1409 8378
1410 8384
1411 8390
1412 8396
1413 8402
1414 8408
1415 8414
1416 8420
1417 8426
1418 8432
1419 8438
1420 8444
1421 8450
1422 8455
1423 8459
1424 8465
1425 8471
1426 8477
1427 8483
1428 8489
1429 8495
1430 8501
1431 8507
1432 8513
1433 8519
1434 8525
1435 8531
1436 8537
1437 8543
1438 8549
1439 8555
1440 8561
1441 8567
1442 8573
1443 8579
1444 8585
1445 8592
1446 8598
1447 8604
1448 8610
1449 8616
1450 8622
1451 8628
1452 8634
1453 8640
1454 8646
1455 8652
1456 8658
1457 8664
1458 8670
1459 8676
1460 8682
1461 8687
1462 8693
1463 8699
1464 8705
1465 8711
1466 8717
1467 8723
1468 8729
1469 8735
1470 8742
1471 8748
1472 8754
1473 8760
1474 8766
1475 8772
1476 8778
1477 8784
1478 8790
1479 8796
1480 8802
1481 8808
1482 8814
1483 8820
1484 8826
1485 8832
1486 8838
1487 8844
1488 8850
1489 8856
1490 8862
1491 8868
1492 8874
1493 8880
1494 8886
1495 8892
1496 8898
1497 8904
1498 8910
1499 8916
1500 8922
1501 8928
1502 8934
1503 8940
1504 8946
1505 8952
1506 8958
1507 8964
1508 8970
1509 8976
1510 8982
1511 8988
1512 8994
1513 9000
1514 9006
1515 9012
1516 9018
1517 9024
1518 9030
1519 9036
1520 9042
1521 9048
1522 9054
1523 9060
1524 9066
1525 9072
1526 9078
1527 9084
1528 9090
1529 9096
1530 9102
1531 9108
1532 9114
1533 9120
1534 9126
1535 9132
1536 9138
1537 9144
1538 9150
1539 9156
1540 9162
1541 9168
1542 9174
1543 9180
1544 9186
1545 9192
1546 9198
1547 9204
1548 9210
1549 9216
1550 9222
1551 9228
1552 9234
1553 9240
1554 9246
1555 9252
1556 9258
1557 9264
1558 9270
1559 9276
1560 9282
1561 9288
1562 9294
1563 9300
1564 9306
1565 9312
1566 9318
1567 9324
1568 9330
1569 9336
1570 9342
1571 9348
1572 9354
1573 9360
1574 9366
1575 9372
1576 9378
1577 9384
1578 9390
1579 9396
1580 9402
1581 9408
1582 9414
1583 9420
1584 9426
1585 9432
1586 9438
1587 9444
1588 9450
1589 9456
1590 9462
1591 9468
1592 9474
1593 9480
1594 9486
1595 9492
1596 9498
1597 9504
1598 9510
1599 9516
1600 9522
1601 9527
1602 9531
1603 9537
1604 9543
1605 9549
1606 9555
1607 9561
1608 9567
1609 9573
1610 9579
1611 9585
1612 9591
1613 9597
1614 9603
1615 9609
1616 9615
1617 9621
1618 9627
1619 9633
1620 9639
1621 9645
1622 9651
1623 9657
1624 9663
1625 9669
1626 9675
1627 9681
1628 9687
1629 9693
1630 9699
1631 9705
1632 9711
1633 9717
1634 9723
1635 9729
1636 9735
1637 9741
1638 9747
1639 9753
1640 9759
1641 9765
1642 9771
1643 9777
1644 9783
1645 9789
1646 9795
1647 9801
1648 9807
1649 9813
1650 9819
1651 9825
1652 9831
1653 9837
1654 9843
1655 9849
1656 9855
1657 9861
1658 9867
1659 9873
1660 9879
1661 9885
1662 9891
1663 9897
1664 9903
1665 9909
1666 9915
1667 9921
1668 9927
1669 9933
1670 9939
1671 9945
1672 9951
1673 9957
1674 9962
1675 9968
1676 9974
1677 9980
1678 9986
1679 9992
1680 9998
1681 10004
1682 10011
1683 10017
1684 10023
1685 10029
1686 10035
1687 10041
1688 10047
1689 10053
1690 10059
1691 10065
1692 10071
1693 10077
1694 10083
1695 10089
1696 10095
1697 10101
1698 10106
1699 10112
1700 10118
1701 10124
1702 10130
1703 10136
1704 10142
1705 10149
1706 10155
1707 10161
1708 10167
1709 10173
1710 10179
1711 10185
1712 10191
1713 10197
1714 10203
1715 10209
1716 10215
1717 10221
1718 10227
1719 10233
1720 10239
1721 10245
1722 10251
1723 10257
1724 10263
1725 10269
1726 10275
1727 10281
1728 10287
1729 10293
1730 10299
1731 10305
1732 10311
1733 10317
1734 10323
1735 10329
1736 10335
1737 10341
1738 10347
1739 10353
1740 10359
1741 10365
1742 10371
1743 10377
1744 10383
1745 10389
1746 10395
1747 10401
1748 10407
1749 10413
1750 10419
1751 10425
1752 10431
1753 10437
1754 10443
1755 10449
1756 10455
1757 10461
1758 10467
1759 10473
1760 10479
1761 10485
1762 10491
1763 10497
1764 10503
1765 10509
1766 10515
1767 10521
1768 10527
1769 10533
1770 10539
1771 10545
1772 10551
1773 10557
1774 10563
1775 10569
1776 10575
1777 10581
1778 10587
1779 10593
1780 10599
1781 10605
1782 10611
1783 10617
1784 10623
1785 10629
1786 10635
1787 10641
1788 10647
1789 10653
1790 10659
1791 10665
1792 10671
1793 10677
1794 10683
1795 10689
1796 10695
1797 10701
1798 10707
1799 10713
1800 10719
1801 10725
1802 10731
1803 10737
1804 10743
1805 10749
1806 10755
1807 10761
1808 10767
1809 10773
1810 10779
1811 10785
1812 10791
1813 10797
1814 10803
1815 10809
1816 10815
1817 10821
1818 10827
1819 10833
1820 10839
1821 10845
1822 10851
1823 10857
1824 10863
1825 10869
1826 10875
1827 10881
1828 10887
1829 10893
1830 10899
1831 10905
1832 10911
1833 10917
1834 10923
1835 10929
1836 10935
1837 10941
1838 10947
1839 10953
1840 10959
1841 10965
1842 10971
1843 10977
1844 10983
1845 10989
1846 10995
1847 11001
1848 11007
1849 11013
1850 11019
1851 11025
1852 11031
1853 11037
1854 11043
1855 11049
1856 11055
1857 11061
1858 11067
1859 11073
1860 11079
1861 11085
1862 11091
1863 11097
1864 11103
1865 11109
1866 11115
1867 11121
1868 11127
1869 11133
1870 11139
1871 11145
1872 11151
1873 11157
1874 11163
1875 11169
1876 11175
1877 11181
1878 11187
1879 11193
1880 11199
1881 11205
1882 11211
1883 11217
1884 11223
1885 11229
1886 11235
1887 11241
1888 11247
1889 11253
1890 11259
1891 11265
1892 11271
1893 11277
1894 11283
1895 11289
1896 11295
1897 11301
1898 11307
1899 11313
1900 11319
1901 11325
1902 11331
1903 11337
1904 11343
1905 11349
1906 11355
1907 11361
1908 11367
1909 11373
1910 11379
1911 11385
1912 11391
1913 11397
1914 11403
1915 11409
1916 11415
1917 11421
1918 11427
1919 11433
1920 11439
1921 11445
1922 11451
1923 11457
1924 11463
1925 11469
1926 11475
1927 11481
1928 11487
1929 11493
1930 11499
1931 11505
1932 11511
1933 11517
1934 11523
1935 11529
1936 11535
1937 11541
1938 11547
1939 11553
1940 11559
1941 11565
1942 11571
1943 11577
1944 11583
1966 11589
1967 11595
1968 11601
1969 11607
1970 11613
1971 11619
1972 11625
1973 11631
1974 11637
1975 11643
1976 11649
1977 11655
1978 11661
1979 11667
1980 11673
1981 11679
1982 11685
1983 11691
1984 11697
1985 11703
1986 11709
1987 11715
1988 11721
1989 11727
1990 11733
1991 11739
1992 11745
1993 11751
1994 11757
1995 11763
1996 11769
1997 11775
1998 11781
1999 11787
2000 11793
2001 11799
2002 11805
2003 11811
2004 11817
2005 11823
2006 11829
2007 11835
2008 11841
2009 11847
2010 11853
2011 11859
2012 11865
2013 11871
2014 11877
2015 11883
2016 11889
2017 11895
2018 11901
2019 11907
2020 11913
2021 11919
2022 11925
2023 11931
2024 11937
2025 11943
2026 11949
2027 11955
2028 11961
2029 11967
2030 11973
2031 11979
2032 11985
2033 11991
2034 11997
2035 12003
2036 12009
2037 12015
2038 12021
2039 12027
2040 12033
2041 12039
2042 12045
2043 12051
2044 12057
2045 12063
2046 12069
2047 12075
2048 12081
2049 12087
2050 12093
2051 12099
2052 12105
2053 12111
2054 12117
2055 12123
2056 12129
2057 12135
2058 12141
2059 12147
2060 12153
2061 12159
2062 12165
2063 12171
2064 12177
2065 12183
2066 12189
2067 12195
2068 12201
2069 12207
2070 12213
2071 12219
2072 12225
2073 12231
2074 12237
2075 12243
2076 12249
2077 12255
2078 12261
2079 12267
2080 12273
2081 12279
2082 12285
2083 12291
2084 12297
2085 12303
2086 12309
2087 12315
2088 12321
2089 12327
2090 12333
2091 12339
2092 12345
2093 12351
2094 12357
2095 12363
2096 12369
2097 12375
2098 12381
2099 12387
2100 12393
2101 12399
2102 12405
2103 12411
2104 12417
2105 12423
2106 12429
2107 12435
2108 12441
2109 12447
2110 12453
2111 12459
2112 12465
2113 12471
2114 12477
2115 12483
2116 12489
2117 12495
2118 12501
2119 12507
2120 12513
2121 12519
2122 12525
2123 12531
2124 12537
2125 12543
2126 12549
2127 12555
2128 12561
2129 12567
2130 12573
2131 12579
2132 12585
2133 12591
2134 12597
2135 12603
2136 12609
2137 12615
2138 12621
2139 12627
2140 12633
2141 12639
2142 12645
2143 12651
2144 12657
2145 12663
2146 12669
2147 12675
2148 12681
2149 12687
2150 12693
2151 12699
2152 12705
2153 12711
2154 12717
2155 12723
2156 12729
2157 12735
2158 12741
2159 12747
2160 12753
2161 12759
2162 12765
2163 12771
2164 12777
2165 12783
2166 12789
2167 12795
2168 12801
2169 12807
2170 12810
2171 12815
2172 12821
2173 12827
2174 12833
2175 12839
2176 12845
2177 12851
2178 12857
2179 12863
2180 12869
2181 12875
2182 12881
2183 12887
2184 12893
2185 12899
2186 12905
2187 12908
2188 12914
2189 12920
2190 12926
2191 12932
2192 12938
2193 12944
2194 12950
2195 12956
2196 12962
2197 12968
2198 12974
2199 12980
2200 12986
2201 12992
2202 12998
2203 13004
2204 13010
2205 13016
2206 13022
2207 13028
2208 13034
2209 13040
2210 13046
2211 13052
2212 13058
2213 13064
2214 13070
2215 13076
2216 13082
2217 13088
2218 13094
2219 13100
2220 13106
2221 13112
2222 13118
2223 13124
2224 13130
2225 13136
2226 13142
2227 13148
2228 13154
2229 13160
2230 13166
2231 13172
2232 13178
2233 13184
2234 13190
2235 13196
2236 13202
2237 13208
2238 13214
2239 13220
2240 13226
2241 13232
2242 13238
2243 13244
2244 13250
2245 13256
2246 13262
2247 13268
2248 13274
2249 13280
2250 13286
2251 13292
2252 13298
2253 13304
2254 13310
2255 13316
2256 13322
2257 13328
2258 13334
2259 13340
2260 13346
2261 13352
2262 13358
2263 13364
2264 13370
2265 13376
2266 13382
2267 13388
2268 13394
2269 13400
2270 13406
2271 13412
2272 13418
2273 13424
2274 13430
2275 13436
2276 13442
2277 13448
2278 13454
2279 13460
2280 13466
2281 13472
2282 13478
2283 13484
2284 13490
2285 13496
2286 13502
2287 13508
2288 13514
2289 13520
2290 13526
2291 13532
2292 13538
2293 13544
2294 13550
2295 13556
2296 13562
2297 13568
2298 13574
2299 13580
2300 13586
2301 13592
2302 13598
2303 13604
2304 13610
2305 13616
2306 13622
2307 13628
2308 13634
2309 13640
2310 13646
2311 13652
2312 13658
2313 13664
2314 13670
2315 13676
2316 13682
2317 13688
2318 13694
2319 13700
2320 13706
2321 13712
2322 13718
2323 13724
2324 13730
2325 13736
2326 13742
2327 13748
2328 13754
2329 13760
2330 13766
2331 13772
2332 13778
2333 13784
2334 13790
2335 13796
2336 13802
2337 13808
2338 13814
2339 13820
2340 13826
2341 13832
2342 13838
2343 13844
2344 13850
2345 13856
2346 13862
2347 13868
2348 13874
2349 13880
2350 13886
2351 13892
2352 13898
2353 13904
2354 13910
2355 13916
2356 13922
2357 13928
2358 13934
2359 13940
2360 13946
2361 13952
2362 13958
2363 13964
2364 13967
2365 13973
2366 13979
2367 13985
2368 13988
2369 13994
2370 14000
2371 14006
2372 14012
2373 14018
2374 14024
2375 14027
2376 14033
2377 14039
2378 14045
2379 14051
2380 14057
2381 14063
2382 14069
2383 14075
2384 14081
2385 14087
2386 14093
2387 14099
2388 14105
2389 14111
2390 14117
2391 14122
2392 14123
2393 14124
2394 14125
2395 14126
2396 14130
2397 14136
2398 14139
2399 14145
2400 14151
2401 14157
2402 14163
2403 14169
2404 14175
2405 14181
2406 14187
2407 14193
2408 14199
2409 14205
2410 14211
2411 14217
2412 14223
2413 14229
2414 14235
2415 14241
2416 14247
2417 14253
2418 14259
2419 14265
2420 14271
2421 14277
2422 14283
2423 14289
2424 14295
2425 14301
2426 14307
2427 14313
2428 14319
2429 14325
2430 14331
2431 14337
2432 14343
2433 14349
2434 14355
2435 14361
2436 14367
2437 14373
2438 14379
2439 14385
2440 14391
2441 14397
2442 14403
2443 14409
2444 14415
2445 14421
2446 14427
2447 14433
2448 14439
2449 14445
2450 14451
2451 14457
2452 14463
2453 14469
2454 14475
2455 14481
2456 14487
2457 14493
2458 14499
2459 14505
2460 14511
2461 14517
2462 14523
2463 14529
2464 14535
2465 14541
2466 14547
2467 14553
2468 14559
2469 14565
2470 14571
2471 14577
2472 14583
2473 14589
2474 14595
2475 14601
2476 14607
2477 14613
2478 14619
2479 14625
2480 14631
2481 14637
2482 14643
2483 14649
2484 14655
2485 14661
2486 14667
2487 14673
2488 14679
2489 14685
2490 14691
2491 14697
2492 14703
2493 14709
2494 14715
2495 14721
2496 14727
2497 14733
2498 14739
2499 14745
2500 14751
2501 14757
2502 14763
2503 14769
2504 14775
2505 14781
2506 14787
2507 14793
2508 14799
2509 14805
2510 14811
2511 14817
2512 14823
2513 14829
2514 14835
2515 14841
2516 14847
2517 14853
2518 14859
2519 14865
2520 14871
2521 14877
2522 14883
2523 14889
2524 14895
2525 14901
2526 14907
2527 14913
2528 14919
2529 14925
2530 14931
2531 14937
2532 14943
2533 14949
2534 14955
2535 14961
2536 14967
2537 14973
2538 14979
2539 14985
2540 14991
2541 14997
2542 15003
2543 15009
2544 15015
2545 15021
2546 15027
2547 15033
2548 15039
2549 15045
2550 15051
2551 15057
2552 15063
2553 15069
2554 15075
2555 15081
2556 15087
2557 15093
2558 15099
2559 15105
2560 15111
2561 15117
2562 15123
2563 15129
2564 15135
2565 15141
2566 15147
2567 15153
2568 15159
2569 15165
2570 15171
2571 15177
2572 15183
2573 15189
2574 15195
2575 15201
2576 15207
2577 15213
2578 15219
2579 15225
2580 15231
2581 15237
2582 15243
2583 15249
2584 15255
2585 15261
2586 15267
2587 15273
2588 15279
2589 15285
2590 15291
2591 15297
2592 15303
2593 15309
2594 15315
2595 15321
2596 15327
2597 15333
2598 15339
2599 15345
2600 15351
2601 15357
2602 15363
2603 15369
2604 15375
2605 15381
2606 15387
2607 15393
2608 15399
2609 15405
2610 15411
2611 15417
2612 15423
2613 15429
2614 15435
2615 15441
2616 15447
2617 15453
2618 15459
2619 15465
2620 15471
2621 15477
2622 15483
2623 15489
2624 15495
2625 15501
2626 15507
2627 15513
2628 15519
2629 15525
2630 15531
2631 15537
2632 15543
2633 15549
2634 15555
2635 15561
2636 15567
2637 15573
2638 15579
2639 15585
2640 15591
2641 15597
2642 15603
2643 15609
2644 15615
2645 15621
2646 15627
2647 15633
2648 15639
2649 15645
2650 15651
2651 15657
2652 15663
2653 15669
2654 15675
2655 15681
2656 15687
2657 15693
2658 15699
2659 15705
2660 15711
2661 15717
2662 15723
2663 15729
2664 15735
2665 15741
2666 15747
2667 15753
2668 15759
2669 15765
2670 15771
2671 15777
2672 15783
2673 15789
2674 15795
2675 15801
2676 15807
2677 15813
2678 15819
2679 15825
2680 15831
2681 15837
2682 15843
2683 15849
2684 15855
2685 15861
2686 15867
2687 15873
2688 15879
2689 15885
2690 15891
2691 15897
2692 15903
2693 15909
2694 15915
2695 15921
2696 15927
2697 15933
2698 15939
2699 15945
2700 15951
2701 15957
2702 15963
2703 15969
2704 15975
2705 15981
2706 15987
2707 15993
2708 15999
2709 16005
2710 16011
2711 16017
2712 16023
2713 16029
2714 16035
2715 16041
2716 16047
2717 16053
2718 16059
2719 16065
2720 16071
2721 16077
2722 16083
2723 16089
2724 16095
2725 16101
2726 16107
2727 16113
2728 16119
2729 16125
2730 16131
2731 16137
2732 16143
2733 16149
2734 16155
2735 16161
2736 16167
2737 16173
2738 16179
2739 16185
2740 16191
2741 16197
2742 16203
2743 16209
2744 16215
2745 16221
2746 16227
2747 16233
2748 16239
2749 16245
2750 16251
2751 16257
2752 16263
2753 16269
2754 16275
2755 16281
2756 16287
2757 16293
2758 16299
2759 16305
2760 16311
2761 16317
2762 16323
2763 16329
2764 16335
2765 16341
2766 16347
2767 16353
2768 16359
2769 16365
2770 16371
2771 16377
2772 16383
2773 16389
2774 16395
2775 16401
2776 16407
2777 16413
2778 16419
2779 16425
2780 16431
2781 16437
2782 16443
2783 16449
2784 16455
2785 16461
2786 16467
2787 16473
2788 16479
2789 16485
2790 16491
2791 16497
2792 16503
2793 16509
2794 16515
2795 16521
2796 16527
2797 16533
2798 16539
