0 943
1 949
2 955
3 961
4 967
5 973
6 979
7 985
8 991
9 997
10 1003
11 1009
12 1015
13 1021
14 1027
15 1033
16 1039
17 1045
18 1051
19 1057
20 1063
21 1069
22 1075
23 1081
24 1087
25 1093
26 1099
27 1105
28 1111
29 1117
30 1123
31 1129
32 1135
33 1141
34 1147
35 1153
36 1159
37 1165
38 1171
39 1177
40 1183
41 1189
42 1195
43 1201
44 1207
45 1213
46 1219
47 1225
48 1231
49 1237
50 1243
51 1249
52 1255
53 1261
54 1267
55 1273
56 1279
57 1285
58 1291
59 1297
60 1303
61 1309
62 1315
63 1321
64 1327
65 1333
66 1339
67 1345
68 1351
69 1357
70 1363
71 1369
72 1375
73 1381
74 1387
75 1393
76 1399
77 1405
78 1411
79 1417
80 1423
81 1429
82 1435
83 1441
84 1447
85 1453
86 1459
87 1465
88 1471
89 1477
90 1483
91 1489
92 1495
93 1501
94 1507
95 1513
96 1519
97 1525
98 1531
99 1537
100 1543
101 1549
102 1555
103 1561
104 1567
105 1573
106 1579
107 1585
108 1591
109 1597
110 1603
111 1609
112 1615
113 1621
114 1627
115 1633
116 1639
117 1645
118 1651
119 1657
120 1663
121 1669
122 1675
123 1681
124 1687
125 1693
126 1699
127 1705
128 1711
129 1717
130 1723
131 1729
132 1735
133 1741
134 1747
135 1753
136 1759
137 1765
138 1771
139 1777
140 1783
141 1789
142 1795
143 1801
144 1807
145 1813
146 1819
147 1825
148 1831
149 1837
150 1843
151 1849
152 1855
153 1861
154 1867
155 1873
156 1879
157 1885
158 1891
159 1897
160 1903
161 1909
162 1915
163 1921
164 1927
165 1933
166 1939
167 1945
168 1951
169 1957
170 1963
171 1969
172 1975
173 1981
174 1987
175 1993
176 1999
177 2005
178 2011
179 2017
180 2023
181 2029
182 2035
183 2041
184 2047
185 2053
186 2059
187 2065
188 2071
189 2077
190 2083
191 2089
192 2095
193 2101
194 2107
195 2113
196 2119
197 2125
198 2131
199 2137
200 2143
201 2149
202 2155
203 2161
204 2167
205 2173
206 2179
207 2185
208 2191
209 2197
210 2203
211 2209
212 2215
213 2221
214 2227
215 2233
216 2239
217 2245
218 2251
219 2257
220 2263
221 2269
222 2275
223 2281
224 2287
225 2293
226 2299
227 2305
228 2311
229 2317
230 2323
231 2329
232 2335
233 2341
234 2347
235 2353
236 2359
237 2365
238 2371
239 2377
240 2383
241 2389
242 2395
243 2401
244 2407
245 2413
246 2419
247 2425
248 2431
249 2437
250 2443
251 2449
252 2455
253 2461
254 2467
255 2473
256 2479
257 2485
258 2491
259 2497
260 2503
261 2509
262 2515
263 2521
264 2527
265 2533
266 2539
267 2545
268 2551
269 2557
270 2563
271 2569
272 2575
273 2581
274 2587
275 2593
276 2599
277 2605
278 2611
279 2617
280 2623
281 2629
282 2635
283 2641
284 2647
285 2653
286 2659
287 2665
288 2671
289 2677
290 2683
291 2689
292 2695
293 2701
294 2707
295 2713
296 2719
297 2725
298 2731
299 2737
300 2743
301 2749
302 2755
303 2761
304 2767
305 2773
306 2779
307 2785
308 2791
309 2797
310 2803
311 2809
312 2815
313 2821
314 2827
315 2833
316 2839
317 2845
318 2851
319 2857
320 2863
321 2869
322 2875
323 2881
324 2887
325 2893
326 2899
327 2905
328 2911
329 2917
330 2923
331 2929
332 2935
333 2941
334 2947
335 2953
336 2959
337 2965
338 2971
339 2977
340 2983
341 2989
342 2995
343 3001
344 3007
345 3013
346 3019
347 3025
348 3031
349 3037
350 3043
351 3049
352 3055
353 3061
354 3067
355 3073
356 3079
357 3085
358 3091
359 3097
360 3103
361 3109
362 3115
363 3121
364 3127
365 3133
366 3139
367 3145
368 3151
369 3157
370 3163
371 3169
372 3175
373 3181
374 3187
375 3193
376 3199
377 3205
378 3211
379 3217
380 3223
381 3229
382 3235
383 3241
384 3247
385 3253
386 3259
387 3265
388 3271
389 3277
390 3283
391 3289
392 3295
393 3301
394 3307
395 3313
396 3319
397 3325
398 3331
399 3337
400 3343
401 3349
402 3355
403 3361
404 3367
405 3373
406 3379
407 3385
408 3391
409 3397
410 3403
411 3409
412 3415
413 3421
414 3427
415 3433
416 3439
417 3445
418 3451
419 3457
420 3463
421 3469
422 3475
423 3481
424 3487
425 3493
426 3499
427 3505
428 3511
429 3517
430 3523
431 3529
432 3535
433 3541
434 3547
435 3553
436 3559
437 3565
438 3571
439 3577
440 3583
441 3589
442 3595
443 3601
444 3607
445 3613
446 3619
447 3625
448 3631
449 3637
450 3643
451 3649
452 3655
453 3661
454 3667
455 3673
456 3679
457 3685
458 3691
459 3697
460 3703
461 3709
462 3715
463 3721
464 3727
465 3733
466 3739
467 3745
468 3751
469 3757
470 3763
471 3769
472 3775
473 3781
474 3787
475 3793
476 3799
477 3805
478 3811
479 3817
480 3823
481 3829
482 3835
483 3841
484 3847
485 3853
486 3859
487 3865
488 3871
489 3877
490 3883
491 3889
492 3895
493 3901
494 3907
495 3913
496 3919
497 3925
498 3931
499 3937
500 3943
501 3949
502 3955
503 3961
504 3967
505 3973
506 3979
507 3985
508 3991
509 3997
510 4003
511 4009
512 4015
513 4021
514 4027
515 4033
516 4039
517 4045
518 4051
519 4057
520 4063
521 4069
522 4075
523 4081
524 4087
525 4093
526 4099
527 4105
528 4111
529 4117
530 4123
531 4129
532 4135
533 4141
534 4147
535 4153
536 4159
537 4165
538 4171
539 4177
540 4183
541 4189
542 4195
543 4201
544 4207
545 4213
546 4219
547 4225
548 4231
549 4237
550 4243
551 4249
552 4255
553 4261
554 4267
555 4273
556 4279
557 4285
558 4291
559 4297
560 4303
561 4309
562 4315
563 4321
564 4327
565 4333
566 4339
567 4345
568 4351
569 4357
570 4363
571 4369
572 4375
573 4381
574 4387
575 4393
576 4399
577 4405
578 4411
579 4417
580 4423
581 4429
582 4435
583 4441
584 4447
585 4453
586 4459
587 4465
588 4471
589 4477
590 4483
591 4489
592 4495
593 4501
594 4507
595 4513
596 4519
597 4525
598 4531
599 4537
600 4543
601 4549
602 4555
603 4561
604 4567
605 4573
606 4579
607 4585
608 4591
609 4597
610 4603
611 4609
612 4615
613 4621
614 4627
615 4633
616 4639
617 4645
618 4651
619 4657
620 4663
621 4669
622 4675
623 4681
624 4687
625 4693
626 4699
627 4705
628 4711
629 4717
630 4723
631 4729
632 4735
633 4741
634 4747
635 4753
636 4759
637 4765
638 4771
639 4777
640 4783
641 4789
642 4795
643 4801
644 4807
645 4813
646 4819
647 4825
648 4831
649 4837
650 4843
651 4849
652 4855
653 4856
654 4862
655 4868
656 4874
662 4877
663 4881
664 4884
665 4890
666 4895
667 4901
668 4904
669 4907
670 4913
671 4919
672 4925
673 4931
674 4937
675 4943
676 4949
677 4955
678 4961
679 4967
680 4973
681 4979
682 4985
683 4991
684 4997
685 5003
686 5009
687 5015
688 5021
689 5027
690 5033
691 5039
692 5045
693 5051
694 5057
695 5063
696 5069
697 5075
698 5081
699 5087
700 5093
701 5099
702 5105
703 5111
704 5117
705 5123
706 5129
707 5135
708 5141
709 5147
710 5153
711 5159
712 5165
713 5171
714 5177
715 5183
716 5189
717 5195
718 5201
719 5207
720 5213
721 5219
722 5225
723 5231
724 5237
725 5243
726 5249
727 5255
728 5261
729 5267
730 5273
731 5279
732 5285
733 5291
734 5297
735 5303
736 5309
737 5315
738 5321
739 5327
740 5333
741 5339
742 5345
743 5351
744 5357
745 5363
746 5369
747 5375
748 5381
749 5387
750 5393
751 5399
752 5405
753 5411
754 5417
755 5423
756 5429
757 5435
758 5441
759 5447
760 5453
761 5459
762 5465
763 5471
764 5477
765 5483
766 5489
767 5495
768 5501
769 5507
770 5513
771 5519
772 5525
773 5531
774 5537
775 5543
776 5549
777 5555
778 5561
779 5567
780 5573
781 5579
782 5585
783 5591
784 5597
785 5603
786 5609
787 5615
788 5621
789 5627
790 5633
791 5639
792 5645
793 5651
794 5657
795 5663
796 5669
797 5675
798 5681
799 5687
800 5693
801 5699
804 5704
807 5705
808 5710
810 5714
811 5719
812 5725
813 5731
814 5737
815 5743
816 5749
817 5755
818 5761
819 5767
820 5773
821 5779
822 5785
823 5791
824 5797
825 5803
826 5809
827 5815
828 5821
829 5827
830 5833
831 5839
832 5842
833 5848
834 5854
835 5860
836 5866
837 5872
838 5878
839 5884
840 5890
841 5896
842 5902
843 5908
844 5914
845 5920
846 5926
847 5932
848 5938
849 5944
850 5950
851 5956
852 5962
853 5968
854 5974
855 5980
856 5986
857 5992
858 5998
859 6004
860 6010
861 6016
862 6022
863 6028
864 6034
865 6040
866 6046
867 6052
868 6058
869 6064
870 6070
871 6076
872 6082
873 6088
874 6094
875 6100
876 6106
877 6112
878 6118
879 6124
880 6130
881 6136
882 6142
883 6148
884 6154
885 6160
886 6166
887 6172
888 6178
889 6184
890 6190
891 6196
892 6202
893 6208
894 6214
895 6220
896 6226
897 6232
898 6238
899 6244
900 6250
901 6256
902 6262
903 6268
904 6274
905 6280
906 6286
907 6292
908 6298
909 6304
910 6310
911 6316
912 6322
913 6328
914 6334
915 6340
916 6346
917 6352
918 6358
919 6364
920 6370
921 6376
922 6382
923 6388
924 6394
925 6400
926 6406
927 6412
928 6418
929 6424
930 6430
931 6436
932 6442
933 6448
934 6454
935 6460
936 6466
937 6472
938 6478
939 6484
940 6490
941 6496
942 6502
943 6508
944 6514
945 6520
946 6526
947 6532
948 6538
949 6544
950 6550
951 6556
952 6562
953 6567
954 6569
955 6575
956 6581
957 6587
958 6593
960 6600
961 6606
962 6612
963 6618
964 6624
965 6630
966 6636
967 6642
968 6648
969 6654
970 6660
971 6666
972 6672
973 6678
974 6684
975 6691
976 6697
977 6703
978 6709
979 6715
980 6721
981 6727
982 6733
983 6738
984 6744
985 6750
986 6756
987 6762
988 6768
989 6774
990 6780
991 6786
992 6792
993 6798
994 6804
995 6810
996 6816
997 6822
998 6828
999 6834
1000 6840
1001 6846
1002 6852
1003 6858
1004 6864
1005 6870
1006 6876
1007 6882
1008 6888
1009 6894
1010 6900
1011 6906
1012 6912
1013 6918
1014 6924
1015 6930
1016 6936
1017 6942
1018 6948
1019 6954
1020 6960
1021 6966
1022 6972
1023 6978
1024 6985
1025 6991
1026 6997
1027 7003
1028 7009
1029 7015
1030 7021
1031 7027
1032 7033
1033 7039
1034 7045
1035 7051
1036 7057
1037 7063
1038 7069
1039 7075
1040 7080
1041 7086
1042 7092
1043 7098
1044 7104
1045 7110
1046 7116
1047 7122
1048 7128
1049 7134
1050 7140
1051 7146
1052 7152
1053 7158
1054 7164
1055 7170
1056 7176
1057 7182
1058 7188
1059 7194
1060 7200
1061 7206
1062 7212
1063 7218
1064 7224
1065 7230
1066 7236
1067 7242
1068 7248
1069 7254
1070 7260
1071 7266
1072 7272
1073 7278
1074 7284
1075 7290
1076 7296
1077 7302
1078 7308
1079 7314
1080 7320
1081 7326
1082 7332
1083 7338
1084 7344
1085 7350
1086 7356
1087 7362
1088 7368
1089 7374
1090 7380
1091 7386
1092 7392
1093 7398
1094 7404
1095 7410
1096 7416
1097 7422
1098 7428
1099 7434
1100 7440
1101 7446
1102 7452
1103 7458
1104 7464
1105 7470
1106 7476
1107 7482
1108 7488
1109 7494
1110 7500
1111 7506
1112 7512
1113 7518
1114 7524
1115 7530
1116 7536
1117 7542
1118 7548
1119 7554
1120 7560
1121 7566
1122 7572
1123 7578
1124 7584
1125 7590
1126 7596
1127 7602
1128 7608
1129 7614
1130 7620
1131 7626
1132 7632
1133 7638
1134 7644
1151 7645
1152 7649
1153 7655
1154 7661
1155 7667
1156 7673
1157 7679
1158 7685
1159 7691
1160 7697
1161 7703
1162 7706
1163 7712
1164 7718
1165 7724
1166 7730
1167 7736
1168 7742
1169 7748
1170 7754
1171 7761
1172 7767
1173 7773
1174 7779
1175 7785
1176 7791
1177 7797
1178 7803
1179 7809
1180 7815
1181 7821
1182 7827
1183 7833
1184 7839
1185 7845
1186 7851
1187 7857
1188 7863
1189 7869
1190 7875
1191 7881
1192 7887
1193 7893
1194 7899
1195 7905
1196 7911
1197 7917
1198 7923
1199 7929
1200 7935
1201 7941
1202 7947
1203 7953
1204 7958
1205 7964
1206 7970
1207 7976
1208 7982
1209 7988
1210 7994
1211 8000
1212 8007
1213 8013
1214 8019
1215 8025
1216 8031
1217 8037
1218 8043
1219 8049
1220 8055
1221 8061
1222 8067
1223 8073
1224 8079
1225 8085
1226 8091
1227 8097
1228 8102
1229 8108
1230 8114
1231 8120
1232 8126
1233 8132
1234 8138
1235 8144
1236 8150
1237 8156
1238 8162
1239 8168
1240 8174
1241 8180
1242 8186
1243 8192
1244 8198
1245 8204
1246 8210
1247 8216
1248 8222
1249 8228
1250 8234
1251 8240
1252 8246
1253 8253
1254 8259
1255 8265
1256 8271
1257 8277
1258 8283
1259 8289
1260 8295
1261 8300
1262 8306
1263 8312
1264 8318
1265 8324
1266 8330
1267 8336
1268 8342
1269 8348
1270 8354
1271 8360
1272 8366
1273 8372
1274 8378
1275 8384
1276 8390
1277 8396
1278 8402
1279 8408
1280 8414
1281 8420
1282 8426
1283 8432
1284 8438
1285 8444
1286 8450
1287 8455
1288 8459
1289 8465
1290 8471
1291 8477
1292 8483
1293 8489
1294 8495
1295 8501
1296 8507
1297 8513
1298 8519
1299 8525
1300 8531
1301 8537
1302 8543
1303 8549
1304 8555
1305 8561
1306 8567
1307 8573
1308 8579
1309 8585
1310 8592
1311 8598
1312 8604
1313 8610
1314 8616
1315 8622
1316 8628
1317 8634
1318 8640
1319 8646
1320 8652
1321 8658
1322 8664
1323 8670
1324 8676
1325 8682
1326 8687
1327 8693
1328 8699
1329 8705
1330 8711
1331 8717
1332 8723
1333 8729
1334 8735
1335 8742
1336 8748
1337 8754
1338 8760
1339 8766
1340 8772
1341 8778
1342 8784
1343 8790
1344 8796
1345 8802
1346 8808
1347 8814
1348 8820
1349 8826
1350 8832
1351 8838
1352 8844
1353 8850
1354 8856
1355 8862
1356 8868
1357 8874
1358 8880
1359 8886
1360 8892
1361 8898
1362 8904
1363 8910
1364 8916
1365 8922
1366 8928
1367 8934
1368 8940
1369 8946
1370 8952
1371 8958
1372 8964
1373 8970
1374 8976
1375 8982
1376 8988
1377 8994
1378 9000
1379 9006
1380 9012
1381 9018
1382 9024
1383 9030
1384 9036
1385 9042
1386 9048
1387 9054
1388 9060
1389 9066
1390 9072
1391 9078
1392 9084
1393 9090
1394 9096
1395 9102
1396 9108
1397 9114
1398 9120
1399 9126
1400 9132
1401 9138
1402 9144
1403 9150
1404 9156
1405 9162
1406 9168
1407 9174
1408 9180
1409 9186
1410 9192
1411 9198
1412 9204
1413 9210
1414 9216
1415 9222
1416 9228
1417 9234
1418 9240
1419 9246
1420 9252
1421 9258
1422 9264
1423 9270
1424 9276
1425 9282
1426 9288
1427 9294
1428 9300
1429 9306
1430 9312
1431 9318
1432 9324
1433 9330
1434 9336
1435 9342
1436 9348
1437 9354
1438 9360
1439 9366
1440 9372
1441 9378
1442 9384
1443 9390
1444 9396
1445 9402
1446 9408
1447 9414
1448 9420
1449 9426
1450 9432
1451 9438
1452 9444
1453 9450
1454 9456
1455 9462
1456 9468
1457 9474
1458 9480
1459 9486
1460 9492
1461 9498
1462 9504
1463 9510
1464 9516
1465 9522
1466 9527
1467 9531
1468 9537
1469 9543
1470 9549
1471 9555
1472 9561
1473 9567
1474 9573
1475 9579
1476 9585
1477 9591
1478 9597
1479 9603
1480 9609
1481 9615
1482 9621
1483 9627
1484 9633
1485 9639
1486 9645
1487 9651
1488 9657
1489 9663
1490 9669
1491 9675
1492 9681
1493 9687
1494 9693
1495 9699
1496 9705
1497 9711
1498 9717
1499 9723
1500 9729
1501 9735
1502 9741
1503 9747
1504 9753
1505 9759
1506 9765
1507 9771
1508 9777
1509 9783
1510 9789
1511 9795
1512 9801
1513 9807
1514 9813
1515 9819
1516 9825
1517 9831
1518 9837
1519 9843
1520 9849
1521 9855
1522 9861
1523 9867
1524 9873
1525 9879
1526 9885
1527 9891
1528 9897
1529 9903
1530 9909
1531 9915
1532 9921
1533 9927
1534 9933
1535 9939
1536 9945
1537 9951
1538 9957
1539 9962
1540 9968
1541 9974
1542 9980
1543 9986
1544 9992
1545 9998
1546 10004
1547 10011
1548 10017
1549 10023
1550 10029
1551 10035
1552 10041
1553 10047
1554 10053
1555 10059
1556 10065
1557 10071
1558 10077
1559 10083
1560 10089
1561 10095
1562 10101
1563 10106
1564 10112
1565 10118
1566 10124
1567 10130
1568 10136
1569 10142
1570 10148
1571 10155
1572 10161
1573 10167
1574 10173
1575 10179
1576 10185
1577 10191
1578 10197
1579 10203
1580 10209
1581 10215
1582 10221
1583 10227
1584 10233
1585 10239
1586 10245
1587 10251
1588 10257
1589 10263
1590 10269
1591 10275
1592 10281
1593 10287
1594 10293
1595 10299
1596 10305
1597 10311
1598 10317
1599 10323
1600 10329
1601 10335
1602 10341
1603 10347
1604 10353
1605 10359
1606 10365
1607 10371
1608 10377
1609 10383
1610 10389
1611 10395
1612 10401
1613 10407
1614 10413
1615 10419
1616 10425
1617 10431
1618 10437
1619 10443
1620 10449
1621 10455
1622 10461
1623 10467
1624 10473
1625 10479
1626 10485
1627 10491
1628 10497
1629 10503
1630 10509
1631 10515
1632 10521
1633 10527
1634 10533
1635 10539
1636 10545
1637 10551
1638 10557
1639 10563
1640 10569
1641 10575
1642 10581
1643 10587
1644 10593
1645 10599
1646 10605
1647 10611
1648 10617
1649 10623
1650 10629
1651 10635
1652 10641
1653 10647
1654 10653
1655 10659
1656 10665
1657 10671
1658 10677
1659 10683
1660 10689
1661 10695
1662 10701
1663 10707
1664 10713
1665 10719
1666 10725
1667 10731
1668 10737
1669 10743
1670 10749
1671 10755
1672 10761
1673 10767
1674 10773
1675 10779
1676 10785
1677 10791
1678 10797
1679 10803
1680 10809
1681 10815
1682 10821
1683 10827
1684 10833
1685 10839
1686 10845
1687 10851
1688 10857
1689 10863
1690 10869
1691 10875
1692 10881
1693 10887
1694 10893
1695 10899
1696 10905
1697 10911
1698 10917
1699 10923
1700 10929
1701 10935
1702 10941
1703 10947
1704 10953
1705 10959
1706 10965
1707 10971
1708 10977
1709 10983
1710 10989
1711 10995
1712 11001
1713 11007
1714 11013
1715 11019
1716 11025
1717 11031
1718 11037
1719 11043
1720 11049
1721 11055
1722 11061
1723 11067
1724 11073
1725 11079
1726 11085
1727 11091
1728 11097
1729 11103
1730 11109
1731 11115
1732 11121
1733 11127
1734 11133
1735 11139
1736 11145
1737 11151
1738 11157
1739 11163
1740 11169
1741 11175
1742 11181
1743 11187
1744 11193
1745 11199
1746 11205
1747 11211
1748 11217
1749 11223
1750 11229
1751 11235
1752 11241
1753 11247
1754 11253
1755 11259
1756 11265
1757 11271
1758 11277
1759 11283
1760 11289
1761 11295
1762 11301
1763 11307
1764 11313
1765 11319
1766 11325
1767 11331
1768 11337
1769 11343
1770 11349
1771 11355
1772 11361
1773 11367
1774 11373
1775 11379
1776 11385
1777 11391
1778 11397
1779 11403
1780 11409
1781 11415
1782 11421
1783 11427
1784 11433
1785 11439
1786 11445
1787 11451
1788 11457
1789 11463
1790 11469
1791 11475
1792 11481
1793 11487
1794 11493
1795 11499
1796 11505
1797 11511
1798 11517
1799 11523
1800 11529
1801 11535
1802 11541
1803 11547
1804 11553
1805 11559
1806 11565
1807 11571
1808 11577
1809 11583
1831 11589
1832 11595
1833 11601
1834 11607
1835 11613
1836 11619
1837 11625
1838 11631
1839 11637
1840 11643
1841 11649
1842 11655
1843 11661
1844 11667
1845 11673
1846 11679
1847 11685
1848 11691
1849 11697
1850 11703
1851 11709
1852 11715
1853 11721
1854 11727
1855 11733
1856 11739
1857 11745
1858 11751
1859 11757
1860 11763
1861 11769
1862 11775
1863 11781
1864 11787
1865 11793
1866 11799
1867 11805
1868 11811
1869 11817
1870 11823
1871 11829
1872 11835
1873 11841
1874 11847
1875 11853
1876 11859
1877 11865
1878 11871
1879 11877
1880 11883
1881 11889
1882 11895
1883 11901
1884 11907
1885 11913
1886 11919
1887 11925
1888 11931
1889 11937
1890 11943
1891 11949
1892 11955
1893 11961
1894 11967
1895 11973
1896 11979
1897 11985
1898 11991
1899 11997
1900 12003
1901 12009
1902 12015
1903 12021
1904 12027
1905 12033
1906 12039
1907 12045
1908 12051
1909 12057
1910 12063
1911 12069
1912 12075
1913 12081
1914 12087
1915 12093
1916 12099
1917 12105
1918 12111
1919 12117
1920 12123
1921 12129
1922 12135
1923 12141
1924 12147
1925 12153
1926 12159
1927 12165
1928 12171
1929 12177
1930 12183
1931 12189
1932 12195
1933 12201
1934 12207
1935 12213
1936 12219
1937 12225
1938 12231
1939 12237
1940 12243
1941 12249
1942 12255
1943 12261
1944 12267
1945 12273
1946 12279
1947 12285
1948 12291
1949 12297
1950 12303
1951 12309
1952 12315
1953 12321
1954 12327
1955 12333
1956 12339
1957 12345
1958 12351
1959 12357
1960 12363
1961 12369
1962 12375
1963 12381
1964 12387
1965 12393
1966 12399
1967 12405
1968 12411
1969 12417
1970 12423
1971 12429
1972 12435
1973 12441
1974 12447
1975 12453
1976 12459
1977 12465
1978 12471
1979 12477
1980 12483
1981 12489
1982 12495
1983 12501
1984 12507
1985 12513
1986 12519
1987 12525
1988 12531
1989 12537
1990 12543
1991 12549
1992 12555
1993 12561
1994 12567
1995 12573
1996 12579
1997 12585
1998 12591
1999 12597
2000 12603
2001 12609
2002 12615
2003 12621
2004 12627
2005 12633
2006 12639
2007 12645
2008 12651
2009 12657
2010 12663
2011 12669
2012 12675
2013 12681
2014 12687
2015 12693
2016 12699
2017 12705
2018 12711
2019 12717
2020 12723
2021 12729
2022 12735
2023 12741
2024 12747
2025 12753
2026 12759
2027 12765
2028 12771
2029 12777
2030 12783
2031 12789
2032 12795
2033 12801
2034 12807
2035 12810
2036 12815
2037 12821
2038 12827
2039 12833
2040 12839
2041 12845
2042 12851
2043 12857
2044 12863
2045 12869
2046 12875
2047 12881
2048 12887
2049 12893
2050 12899
2051 12905
2052 12908
2053 12914
2054 12920
2055 12926
2056 12932
2057 12938
2058 12944
2059 12950
2060 12956
2061 12962
2062 12968
2063 12974
2064 12980
2065 12986
2066 12992
2067 12998
2068 13004
2069 13010
2070 13016
2071 13022
2072 13028
2073 13034
2074 13040
2075 13046
2076 13052
2077 13058
2078 13064
2079 13070
2080 13076
2081 13082
2082 13088
2083 13094
2084 13100
2085 13106
2086 13112
2087 13118
2088 13124
2089 13130
2090 13136
2091 13142
2092 13148
2093 13154
2094 13160
2095 13166
2096 13172
2097 13178
2098 13184
2099 13190
2100 13196
2101 13202
2102 13208
2103 13214
2104 13220
2105 13226
2106 13232
2107 13238
2108 13244
2109 13250
2110 13256
2111 13262
2112 13268
2113 13274
2114 13280
2115 13286
2116 13292
2117 13298
2118 13304
2119 13310
2120 13316
2121 13322
2122 13328
2123 13334
2124 13340
2125 13346
2126 13352
2127 13358
2128 13364
2129 13370
2130 13376
2131 13382
2132 13388
2133 13394
2134 13400
2135 13406
2136 13412
2137 13418
2138 13424
2139 13430
2140 13436
2141 13442
2142 13448
2143 13454
2144 13460
2145 13466
2146 13472
2147 13478
2148 13484
2149 13490
2150 13496
2151 13502
2152 13508
2153 13514
2154 13520
2155 13526
2156 13532
2157 13538
2158 13544
2159 13550
2160 13556
2161 13562
2162 13568
2163 13574
2164 13580
2165 13586
2166 13592
2167 13598
2168 13604
2169 13610
2170 13616
2171 13622
2172 13628
2173 13634
2174 13640
2175 13646
2176 13652
2177 13658
2178 13664
2179 13670
2180 13676
2181 13682
2182 13688
2183 13694
2184 13700
2185 13706
2186 13712
2187 13718
2188 13724
2189 13730
2190 13736
2191 13742
2192 13748
2193 13754
2194 13760
2195 13766
2196 13772
2197 13778
2198 13784
2199 13790
2200 13796
2201 13802
2202 13808
2203 13814
2204 13820
2205 13826
2206 13832
2207 13838
2208 13844
2209 13850
2210 13856
2211 13862
2212 13868
2213 13874
2214 13880
2215 13886
2216 13892
2217 13898
2218 13904
2219 13910
2220 13916
2221 13922
2222 13928
2223 13934
2224 13940
2225 13946
2226 13952
2227 13958
2228 13964
2229 13967
2230 13973
2231 13979
2232 13985
2233 13988
2234 13994
2235 14000
2236 14006
2237 14012
2238 14018
2239 14024
2240 14027
2241 14033
2242 14039
2243 14045
2244 14051
2245 14057
2246 14063
2247 14069
2248 14075
2249 14081
2250 14087
2251 14093
2252 14099
2253 14105
2254 14111
2255 14117
2256 14122
2257 14123
2258 14124
2259 14125
2260 14126
2261 14130
2262 14136
2263 14139
2264 14145
2265 14151
2266 14157
2267 14163
2268 14169
2269 14175
2270 14181
2271 14187
2272 14193
2273 14199
2274 14205
2275 14211
2276 14217
2277 14223
2278 14229
2279 14235
2280 14241
2281 14247
2282 14253
2283 14259
2284 14265
2285 14271
2286 14277
2287 14283
2288 14289
2289 14295
2290 14301
2291 14307
2292 14313
2293 14319
2294 14325
2295 14331
2296 14337
2297 14343
2298 14349
2299 14355
2300 14361
2301 14367
2302 14373
2303 14379
2304 14385
2305 14391
2306 14397
2307 14403
2308 14409
2309 14415
2310 14421
2311 14427
2312 14433
2313 14439
2314 14445
2315 14451
2316 14457
2317 14463
2318 14469
2319 14475
2320 14481
2321 14487
2322 14493
2323 14499
2324 14505
2325 14511
2326 14517
2327 14523
2328 14529
2329 14535
2330 14541
2331 14547
2332 14553
2333 14559
2334 14565
2335 14571
2336 14577
2337 14583
2338 14589
2339 14595
2340 14601
2341 14607
2342 14613
2343 14619
2344 14625
2345 14631
2346 14637
2347 14643
2348 14649
2349 14655
2350 14661
2351 14667
2352 14673
2353 14679
2354 14685
2355 14691
2356 14697
2357 14703
2358 14709
2359 14715
2360 14721
2361 14727
2362 14733
2363 14739
2364 14745
2365 14751
2366 14757
2367 14763
2368 14769
2369 14775
2370 14781
2371 14787
2372 14793
2373 14799
2374 14805
2375 14811
2376 14817
2377 14823
2378 14829
2379 14835
2380 14841
2381 14847
2382 14853
2383 14859
2384 14865
2385 14871
2386 14877
2387 14883
2388 14889
2389 14895
2390 14901
2391 14907
2392 14913
2393 14919
2394 14925
2395 14931
2396 14937
2397 14943
2398 14949
2399 14955
2400 14961
2401 14967
2402 14973
2403 14979
2404 14985
2405 14991
2406 14997
2407 15003
2408 15009
2409 15015
2410 15021
2411 15027
2412 15033
2413 15039
2414 15045
2415 15051
2416 15057
2417 15063
2418 15069
2419 15075
2420 15081
2421 15087
2422 15093
2423 15099
2424 15105
2425 15111
2426 15117
2427 15123
2428 15129
2429 15135
2430 15141
2431 15147
2432 15153
2433 15159
2434 15165
2435 15171
2436 15177
2437 15183
2438 15189
2439 15195
2440 15201
2441 15207
2442 15213
2443 15219
2444 15225
2445 15231
2446 15237
2447 15243
2448 15249
2449 15255
2450 15261
2451 15267
2452 15273
2453 15279
2454 15285
2455 15291
2456 15297
2457 15303
2458 15309
2459 15315
2460 15321
2461 15327
2462 15333
2463 15339
2464 15345
2465 15351
2466 15357
2467 15363
2468 15369
2469 15375
2470 15381
2471 15387
2472 15393
2473 15399
2474 15405
2475 15411
2476 15417
2477 15423
2478 15429
2479 15435
2480 15441
2481 15447
2482 15453
2483 15459
2484 15465
2485 15471
2486 15477
2487 15483
2488 15489
2489 15495
2490 15501
2491 15507
2492 15513
2493 15519
2494 15525
2495 15531
2496 15537
2497 15543
2498 15549
2499 15555
2500 15561
2501 15567
2502 15573
2503 15579
2504 15585
2505 15591
2506 15597
2507 15603
2508 15609
2509 15615
2510 15621
2511 15627
2512 15633
2513 15639
2514 15645
2515 15651
2516 15657
2517 15663
2518 15669
2519 15675
2520 15681
2521 15687
2522 15693
2523 15699
2524 15705
2525 15711
2526 15717
2527 15723
2528 15729
2529 15735
2530 15741
2531 15747
2532 15753
2533 15759
2534 15765
2535 15771
2536 15777
2537 15783
2538 15789
2539 15795
2540 15801
2541 15807
2542 15813
2543 15819
2544 15825
2545 15831
2546 15837
2547 15843
2548 15849
2549 15855
2550 15861
2551 15867
2552 15873
2553 15879
2554 15885
2555 15891
2556 15897
2557 15903
2558 15909
2559 15915
2560 15921
2561 15927
2562 15933
2563 15939
2564 15945
2565 15951
2566 15957
2567 15963
2568 15969
2569 15975
2570 15981
2571 15987
2572 15993
2573 15999
2574 16005
2575 16011
2576 16017
2577 16023
2578 16029
2579 16035
2580 16041
2581 16047
2582 16053
2583 16059
2584 16065
2585 16071
2586 16077
2587 16083
2588 16089
2589 16095
2590 16101
2591 16107
2592 16113
2593 16119
2594 16125
2595 16131
2596 16137
2597 16143
2598 16149
2599 16155
2600 16161
2601 16167
2602 16173
2603 16179
2604 16185
2605 16191
2606 16197
2607 16203
2608 16209
2609 16215
2610 16221
2611 16227
2612 16233
2613 16239
2614 16245
2615 16251
2616 16257
2617 16263
2618 16269
2619 16275
2620 16281
2621 16287
2622 16293
2623 16299
2624 16305
2625 16311
2626 16317
2627 16323
2628 16329
2629 16335
2630 16341
2631 16347
2632 16353
2633 16359
2634 16365
2635 16371
2636 16377
2637 16383
2638 16389
2639 16395
2640 16401
2641 16407
2642 16413
2643 16419
2644 16425
2645 16431
2646 16437
2647 16443
2648 16449
2649 16455
2650 16461
2651 16467
2652 16473
2653 16479
2654 16485
2655 16491
2656 16497
2657 16503
2658 16509
2659 16515
2660 16521
2661 16527
2662 16533
2663 16539
