0 1051
1 1057
2 1063
3 1069
4 1075
5 1081
6 1087
7 1093
8 1099
9 1105
10 1111
11 1117
12 1123
13 1129
14 1135
15 1141
16 1147
17 1153
18 1159
19 1165
20 1171
21 1177
22 1183
23 1189
24 1195
25 1201
26 1207
27 1213
28 1219
29 1225
30 1231
31 1237
32 1243
33 1249
34 1255
35 1261
36 1267
37 1273
38 1279
39 1285
40 1291
41 1297
42 1303
43 1309
44 1315
45 1321
46 1327
47 1333
48 1339
49 1345
50 1351
51 1357
52 1363
53 1369
54 1375
55 1381
56 1387
57 1393
58 1399
59 1405
60 1411
61 1417
62 1423
63 1429
64 1435
65 1441
66 1447
67 1453
68 1459
69 1465
70 1471
71 1477
72 1483
73 1489
74 1495
75 1501
76 1507
77 1513
78 1519
79 1525
80 1531
81 1537
82 1543
83 1549
84 1555
85 1561
86 1567
87 1573
88 1579
89 1585
90 1591
91 1597
92 1603
93 1609
94 1615
95 1621
96 1627
97 1633
98 1639
99 1645
100 1651
101 1657
102 1663
103 1669
104 1675
105 1681
106 1687
107 1693
108 1699
109 1705
110 1711
111 1717
112 1723
113 1729
114 1735
115 1741
116 1747
117 1753
118 1759
119 1765
120 1771
121 1777
122 1783
123 1789
124 1795
125 1801
126 1807
127 1813
128 1819
129 1825
130 1831
131 1837
132 1843
133 1849
134 1855
135 1861
136 1867
137 1873
138 1879
139 1885
140 1891
141 1897
142 1903
143 1909
144 1915
145 1921
146 1927
147 1933
148 1939
149 1945
150 1951
151 1957
152 1963
153 1969
154 1975
155 1981
156 1987
157 1993
158 1999
159 2005
160 2011
161 2017
162 2023
163 2029
164 2035
165 2041
166 2047
167 2053
168 2059
169 2065
170 2071
171 2077
172 2083
173 2089
174 2095
175 2101
176 2107
177 2113
178 2119
179 2125
180 2131
181 2137
182 2143
183 2149
184 2155
185 2161
186 2167
187 2173
188 2179
189 2185
190 2191
191 2197
192 2203
193 2209
194 2215
195 2221
196 2227
197 2233
198 2239
199 2245
200 2251
201 2257
202 2263
203 2269
204 2275
205 2281
206 2287
207 2293
208 2299
209 2305
210 2311
211 2317
212 2323
213 2329
214 2335
215 2341
216 2347
217 2353
218 2359
219 2365
220 2371
221 2377
222 2383
223 2389
224 2395
225 2401
226 2407
227 2413
228 2419
229 2425
230 2431
231 2437
232 2443
233 2449
234 2455
235 2461
236 2467
237 2473
238 2479
239 2485
240 2491
241 2497
242 2503
243 2509
244 2515
245 2521
246 2527
247 2533
248 2539
249 2545
250 2551
251 2557
252 2563
253 2569
254 2575
255 2581
256 2587
257 2593
258 2599
259 2605
260 2611
261 2617
262 2623
263 2629
264 2635
265 2641
266 2647
267 2653
268 2659
269 2665
270 2671
271 2677
272 2683
273 2689
274 2695
275 2701
276 2707
277 2713
278 2719
279 2725
280 2731
281 2737
282 2743
283 2749
284 2755
285 2761
286 2767
287 2773
288 2779
289 2785
290 2791
291 2797
292 2803
293 2809
294 2815
295 2821
296 2827
297 2833
298 2839
299 2845
300 2851
301 2857
302 2863
303 2869
304 2875
305 2881
306 2887
307 2893
308 2899
309 2905
310 2911
311 2917
312 2923
313 2929
314 2935
315 2941
316 2947
317 2953
318 2959
319 2965
320 2971
321 2977
322 2983
323 2989
324 2995
325 3001
326 3007
327 3013
328 3019
329 3025
330 3031
331 3037
332 3043
333 3049
334 3055
335 3061
336 3067
337 3073
338 3079
339 3085
340 3091
341 3097
342 3103
343 3109
344 3115
345 3121
346 3127
347 3133
348 3139
349 3145
350 3151
351 3157
352 3163
353 3169
354 3175
355 3181
356 3187
357 3193
358 3199
359 3205
360 3211
361 3217
362 3223
363 3229
364 3235
365 3241
366 3247
367 3253
368 3259
369 3265
370 3271
371 3277
372 3283
373 3289
374 3295
375 3301
376 3307
377 3313
378 3319
379 3325
380 3331
381 3337
382 3343
383 3349
384 3355
385 3361
386 3367
387 3373
388 3379
389 3385
390 3391
391 3397
392 3403
393 3409
394 3415
395 3421
396 3427
397 3433
398 3439
399 3445
400 3451
401 3457
402 3463
403 3469
404 3475
405 3481
406 3487
407 3493
408 3499
409 3505
410 3511
411 3517
412 3523
413 3529
414 3535
415 3541
416 3547
417 3553
418 3559
419 3565
420 3571
421 3577
422 3583
423 3589
424 3595
425 3601
426 3607
427 3613
428 3619
429 3625
430 3631
431 3637
432 3643
433 3649
434 3655
435 3661
436 3667
437 3673
438 3679
439 3685
440 3691
441 3697
442 3703
443 3709
444 3715
445 3721
446 3727
447 3733
448 3739
449 3745
450 3751
451 3757
452 3763
453 3769
454 3775
455 3781
456 3787
457 3793
458 3799
459 3805
460 3811
461 3817
462 3823
463 3829
464 3835
465 3841
466 3847
467 3853
468 3859
469 3865
470 3871
471 3877
472 3883
473 3889
474 3895
475 3901
476 3907
477 3913
478 3919
479 3925
480 3931
481 3937
482 3943
483 3949
484 3955
485 3961
486 3967
487 3973
488 3979
489 3985
490 3991
491 3997
492 4003
493 4009
494 4015
495 4021
496 4027
497 4033
498 4039
499 4045
500 4051
501 4057
502 4063
503 4069
504 4075
505 4081
506 4087
507 4093
508 4099
509 4105
510 4111
511 4117
512 4123
513 4129
514 4135
515 4141
516 4147
517 4153
518 4159
519 4165
520 4171
521 4177
522 4183
523 4189
524 4195
525 4201
526 4207
527 4213
528 4219
529 4225
530 4231
531 4237
532 4243
533 4249
534 4255
535 4261
536 4267
537 4273
538 4279
539 4285
540 4291
541 4297
542 4303
543 4309
544 4315
545 4321
546 4327
547 4333
548 4339
549 4345
550 4351
551 4357
552 4363
553 4369
554 4375
555 4381
556 4387
557 4393
558 4399
559 4405
560 4411
561 4417
562 4423
563 4429
564 4435
565 4441
566 4447
567 4453
568 4459
569 4465
570 4471
571 4477
572 4483
573 4489
574 4495
575 4501
576 4507
577 4513
578 4519
579 4525
580 4531
581 4537
582 4543
583 4549
584 4555
585 4561
586 4567
587 4573
588 4579
589 4585
590 4591
591 4597
592 4603
593 4609
594 4615
595 4621
596 4627
597 4633
598 4639
599 4645
600 4651
601 4657
602 4663
603 4669
604 4675
605 4681
606 4687
607 4693
608 4699
609 4705
610 4711
611 4717
612 4723
613 4729
614 4735
615 4741
616 4747
617 4753
618 4759
619 4765
620 4771
621 4777
622 4783
623 4789
624 4795
625 4801
626 4807
627 4813
628 4819
629 4825
630 4831
631 4837
632 4843
633 4849
634 4855
635 4856
636 4862
637 4868
638 4874
644 4877
645 4881
646 4884
647 4890
648 4895
649 4901
650 4904
651 4907
652 4913
653 4919
654 4925
655 4931
656 4937
657 4943
658 4949
659 4955
660 4961
661 4967
662 4973
663 4979
664 4985
665 4991
666 4997
667 5003
668 5009
669 5015
670 5021
671 5027
672 5033
673 5039
674 5045
675 5051
676 5057
677 5063
678 5069
679 5075
680 5081
681 5087
682 5093
683 5099
684 5105
685 5111
686 5117
687 5123
688 5129
689 5135
690 5141
691 5147
692 5153
693 5159
694 5165
695 5171
696 5177
697 5183
698 5189
699 5195
700 5201
701 5207
702 5213
703 5219
704 5225
705 5231
706 5237
707 5243
708 5249
709 5255
710 5261
711 5267
712 5273
713 5279
714 5285
715 5291
716 5297
717 5303
718 5309
719 5315
720 5321
721 5327
722 5333
723 5339
724 5345
725 5351
726 5357
727 5363
728 5369
729 5375
730 5381
731 5387
732 5393
733 5399
734 5405
735 5411
736 5417
737 5423
738 5429
739 5435
740 5441
741 5447
742 5453
743 5459
744 5465
745 5471
746 5477
747 5483
748 5489
749 5495
750 5501
751 5507
752 5513
753 5519
754 5525
755 5531
756 5537
757 5543
758 5549
759 5555
760 5561
761 5567
762 5573
763 5579
764 5585
765 5591
766 5597
767 5603
768 5609
769 5615
770 5621
771 5627
772 5633
773 5639
774 5645
775 5651
776 5657
777 5663
778 5669
779 5675
780 5681
781 5687
782 5693
783 5699
786 5704
789 5705
790 5710
792 5714
793 5719
794 5725
795 5731
796 5737
797 5743
798 5749
799 5755
800 5761
801 5767
802 5773
803 5779
804 5785
805 5791
806 5797
807 5803
808 5809
809 5815
810 5821
811 5827
812 5833
813 5839
814 5842
815 5848
816 5854
817 5860
818 5866
819 5872
820 5878
821 5884
822 5890
823 5896
824 5902
825 5908
826 5914
827 5920
828 5926
829 5932
830 5938
831 5944
832 5950
833 5956
834 5962
835 5968
836 5974
837 5980
838 5986
839 5992
840 5998
841 6004
842 6010
843 6016
844 6022
845 6028
846 6034
847 6040
848 6046
849 6052
850 6058
851 6064
852 6070
853 6076
854 6082
855 6088
856 6094
857 6100
858 6106
859 6112
860 6118
861 6124
862 6130
863 6136
864 6142
865 6148
866 6154
867 6160
868 6166
869 6172
870 6178
871 6184
872 6190
873 6196
874 6202
875 6208
876 6214
877 6220
878 6226
879 6232
880 6238
881 6244
882 6250
883 6256
884 6262
885 6268
886 6274
887 6280
888 6286
889 6292
890 6298
891 6304
892 6310
893 6316
894 6322
895 6328
896 6334
897 6340
898 6346
899 6352
900 6358
901 6364
902 6370
903 6376
904 6382
905 6388
906 6394
907 6400
908 6406
909 6412
910 6418
911 6424
912 6430
913 6436
914 6442
915 6448
916 6454
917 6460
918 6466
919 6472
920 6478
921 6484
922 6490
923 6496
924 6502
925 6508
926 6514
927 6520
928 6526
929 6532
930 6538
931 6544
932 6550
933 6556
934 6562
935 6567
936 6569
937 6575
938 6581
939 6587
940 6593
942 6600
943 6606
944 6612
945 6618
946 6624
947 6630
948 6636
949 6642
950 6648
951 6654
952 6660
953 6666
954 6672
955 6678
956 6684
957 6691
958 6697
959 6703
960 6709
961 6715
962 6721
963 6727
964 6733
965 6738
966 6744
967 6750
968 6756
969 6762
970 6768
971 6774
972 6780
973 6786
974 6792
975 6798
976 6804
977 6810
978 6816
979 6822
980 6828
981 6834
982 6840
983 6846
984 6852
985 6858
986 6864
987 6870
988 6876
989 6882
990 6888
991 6894
992 6900
993 6906
994 6912
995 6918
996 6924
997 6930
998 6936
999 6942
1000 6948
1001 6954
1002 6960
1003 6966
1004 6972
1005 6978
1006 6985
1007 6991
1008 6997
1009 7003
1010 7009
1011 7015
1012 7021
1013 7027
1014 7033
1015 7039
1016 7045
1017 7051
1018 7057
1019 7063
1020 7069
1021 7075
1022 7080
1023 7086
1024 7092
1025 7098
1026 7104
1027 7110
1028 7116
1029 7122
1030 7128
1031 7134
1032 7140
1033 7146
1034 7152
1035 7158
1036 7164
1037 7170
1038 7176
1039 7182
1040 7188
1041 7194
1042 7200
1043 7206
1044 7212
1045 7218
1046 7224
1047 7230
1048 7236
1049 7242
1050 7248
1051 7254
1052 7260
1053 7266
1054 7272
1055 7278
1056 7284
1057 7290
1058 7296
1059 7302
1060 7308
1061 7314
1062 7320
1063 7326
1064 7332
1065 7338
1066 7344
1067 7350
1068 7356
1069 7362
1070 7368
1071 7374
1072 7380
1073 7386
1074 7392
1075 7398
1076 7404
1077 7410
1078 7416
1079 7422
1080 7428
1081 7434
1082 7440
1083 7446
1084 7452
1085 7458
1086 7464
1087 7470
1088 7476
1089 7482
1090 7488
1091 7494
1092 7500
1093 7506
1094 7512
1095 7518
1096 7524
1097 7530
1098 7536
1099 7542
1100 7548
1101 7554
1102 7560
1103 7566
1104 7572
1105 7578
1106 7584
1107 7590
1108 7596
1109 7602
1110 7608
1111 7614
1112 7620
1113 7626
1114 7632
1115 7638
1116 7644
1133 7645
1134 7649
1135 7655
1136 7661
1137 7667
1138 7673
1139 7679
1140 7685
1141 7691
1142 7697
1143 7703
1144 7706
1145 7712
1146 7718
1147 7724
1148 7730
1149 7736
1150 7742
1151 7748
1152 7754
1153 7761
1154 7767
1155 7773
1156 7779
1157 7785
1158 7791
1159 7797
1160 7803
1161 7809
1162 7815
1163 7821
1164 7827
1165 7833
1166 7839
1167 7845
1168 7851
1169 7857
1170 7863
1171 7869
1172 7875
1173 7881
1174 7887
1175 7893
1176 7899
1177 7905
1178 7911
1179 7917
1180 7923
1181 7929
1182 7935
1183 7941
1184 7947
1185 7953
1186 7958
1187 7964
1188 7970
1189 7976
1190 7982
1191 7988
1192 7994
1193 8000
1194 8007
1195 8013
1196 8019
1197 8025
1198 8031
1199 8037
1200 8043
1201 8049
1202 8055
1203 8061
1204 8067
1205 8073
1206 8079
1207 8085
1208 8091
1209 8097
1210 8102
1211 8108
1212 8114
1213 8120
1214 8126
1215 8132
1216 8138
1217 8144
1218 8150
1219 8156
1220 8162
1221 8168
1222 8174
1223 8180
1224 8186
1225 8192
1226 8198
1227 8204
1228 8210
1229 8216
1230 8222
1231 8228
1232 8234
1233 8240
1234 8246
1235 8253
1236 8259
1237 8265
1238 8271
1239 8277
1240 8283
1241 8289
1242 8295
1243 8300
1244 8306
1245 8312
1246 8318
1247 8324
1248 8330
1249 8336
1250 8342
1251 8348
1252 8354
1253 8360
1254 8366
1255 8372
1256 8378
1257 8384
1258 8390
1259 8396
1260 8402
1261 8408
1262 8414
1263 8420
1264 8426
1265 8432
1266 8438
1267 8444
1268 8450
1269 8455
1270 8459
1271 8465
1272 8471
1273 8477
1274 8483
1275 8489
1276 8495
1277 8501
1278 8507
1279 8513
1280 8519
1281 8525
1282 8531
1283 8537
1284 8543
1285 8549
1286 8555
1287 8561
1288 8567
1289 8573
1290 8579
1291 8585
1292 8592
1293 8598
1294 8604
1295 8610
1296 8616
1297 8622
1298 8628
1299 8634
1300 8640
1301 8646
1302 8652
1303 8658
1304 8664
1305 8670
1306 8676
1307 8682
1308 8687
1309 8693
1310 8699
1311 8705
1312 8711
1313 8717
1314 8723
1315 8729
1316 8735
1317 8742
1318 8748
1319 8754
1320 8760
1321 8766
1322 8772
1323 8778
1324 8784
1325 8790
1326 8796
1327 8802
1328 8808
1329 8814
1330 8820
1331 8826
1332 8832
1333 8838
1334 8844
1335 8850
1336 8856
1337 8862
1338 8868
1339 8874
1340 8880
1341 8886
1342 8892
1343 8898
1344 8904
1345 8910
1346 8916
1347 8922
1348 8928
1349 8934
1350 8940
1351 8946
1352 8952
1353 8958
1354 8964
1355 8970
1356 8976
1357 8982
1358 8988
1359 8994
1360 9000
1361 9006
1362 9012
1363 9018
1364 9024
1365 9030
1366 9036
1367 9042
1368 9048
1369 9054
1370 9060
1371 9066
1372 9072
1373 9078
1374 9084
1375 9090
1376 9096
1377 9102
1378 9108
1379 9114
1380 9120
1381 9126
1382 9132
1383 9138
1384 9144
1385 9150
1386 9156
1387 9162
1388 9168
1389 9174
1390 9180
1391 9186
1392 9192
1393 9198
1394 9204
1395 9210
1396 9216
1397 9222
1398 9228
1399 9234
1400 9240
1401 9246
1402 9252
1403 9258
1404 9264
1405 9270
1406 9276
1407 9282
1408 9288
1409 9294
1410 9300
1411 9306
1412 9312
1413 9318
1414 9324
1415 9330
1416 9336
1417 9342
1418 9348
1419 9354
1420 9360
1421 9366
1422 9372
1423 9378
1424 9384
1425 9390
1426 9396
1427 9402
1428 9408
1429 9414
1430 9420
1431 9426
1432 9432
1433 9438
1434 9444
1435 9450
1436 9456
1437 9462
1438 9468
1439 9474
1440 9480
1441 9486
1442 9492
1443 9498
1444 9504
1445 9510
1446 9516
1447 9522
1448 9527
1449 9531
1450 9537
1451 9543
1452 9549
1453 9555
1454 9561
1455 9567
1456 9573
1457 9579
1458 9585
1459 9591
1460 9597
1461 9603
1462 9609
1463 9615
1464 9621
1465 9627
1466 9633
1467 9639
1468 9645
1469 9651
1470 9657
1471 9663
1472 9669
1473 9675
1474 9681
1475 9687
1476 9693
1477 9699
1478 9705
1479 9711
1480 9717
1481 9723
1482 9729
1483 9735
1484 9741
1485 9747
1486 9753
1487 9759
1488 9765
1489 9771
1490 9777
1491 9783
1492 9789
1493 9795
1494 9801
1495 9807
1496 9813
1497 9819
1498 9825
1499 9831
1500 9837
1501 9843
1502 9849
1503 9855
1504 9861
1505 9867
1506 9873
1507 9879
1508 9885
1509 9891
1510 9897
1511 9903
1512 9909
1513 9915
1514 9921
1515 9927
1516 9933
1517 9939
1518 9945
1519 9951
1520 9957
1521 9962
1522 9968
1523 9974
1524 9980
1525 9986
1526 9992
1527 9998
1528 10004
1529 10011
1530 10017
1531 10023
1532 10029
1533 10035
1534 10041
1535 10047
1536 10053
1537 10059
1538 10065
1539 10071
1540 10077
1541 10083
1542 10089
1543 10095
1544 10101
1545 10106
1546 10112
1547 10118
1548 10124
1549 10130
1550 10136
1551 10142
1552 10148
1553 10155
1554 10161
1555 10167
1556 10173
1557 10179
1558 10185
1559 10191
1560 10197
1561 10203
1562 10209
1563 10215
1564 10221
1565 10227
1566 10233
1567 10239
1568 10245
1569 10251
1570 10257
1571 10263
1572 10269
1573 10275
1574 10281
1575 10287
1576 10293
1577 10299
1578 10305
1579 10311
1580 10317
1581 10323
1582 10329
1583 10335
1584 10341
1585 10347
1586 10353
1587 10359
1588 10365
1589 10371
1590 10377
1591 10383
1592 10389
1593 10395
1594 10401
1595 10407
1596 10413
1597 10419
1598 10425
1599 10431
1600 10437
1601 10443
1602 10449
1603 10455
1604 10461
1605 10467
1606 10473
1607 10479
1608 10485
1609 10491
1610 10497
1611 10503
1612 10509
1613 10515
1614 10521
1615 10527
1616 10533
1617 10539
1618 10545
1619 10551
1620 10557
1621 10563
1622 10569
1623 10575
1624 10581
1625 10587
1626 10593
1627 10599
1628 10605
1629 10611
1630 10617
1631 10623
1632 10629
1633 10635
1634 10641
1635 10647
1636 10653
1637 10659
1638 10665
1639 10671
1640 10677
1641 10683
1642 10689
1643 10695
1644 10701
1645 10707
1646 10713
1647 10719
1648 10725
1649 10731
1650 10737
1651 10743
1652 10749
1653 10755
1654 10761
1655 10767
1656 10773
1657 10779
1658 10785
1659 10791
1660 10797
1661 10803
1662 10809
1663 10815
1664 10821
1665 10827
1666 10833
1667 10839
1668 10845
1669 10851
1670 10857
1671 10863
1672 10869
1673 10875
1674 10881
1675 10887
1676 10893
1677 10899
1678 10905
1679 10911
1680 10917
1681 10923
1682 10929
1683 10935
1684 10941
1685 10947
1686 10953
1687 10959
1688 10965
1689 10971
1690 10977
1691 10983
1692 10989
1693 10995
1694 11001
1695 11007
1696 11013
1697 11019
1698 11025
1699 11031
1700 11037
1701 11043
1702 11049
1703 11055
1704 11061
1705 11067
1706 11073
1707 11079
1708 11085
1709 11091
1710 11097
1711 11103
1712 11109
1713 11115
1714 11121
1715 11127
1716 11133
1717 11139
1718 11145
1719 11151
1720 11157
1721 11163
1722 11169
1723 11175
1724 11181
1725 11187
1726 11193
1727 11199
1728 11205
1729 11211
1730 11217
1731 11223
1732 11229
1733 11235
1734 11241
1735 11247
1736 11253
1737 11259
1738 11265
1739 11271
1740 11277
1741 11283
1742 11289
1743 11295
1744 11301
1745 11307
1746 11313
1747 11319
1748 11325
1749 11331
1750 11337
1751 11343
1752 11349
1753 11355
1754 11361
1755 11367
1756 11373
1757 11379
1758 11385
1759 11391
1760 11397
1761 11403
1762 11409
1763 11415
1764 11421
1765 11427
1766 11433
1767 11439
1768 11445
1769 11451
1770 11457
1771 11463
1772 11469
1773 11475
1774 11481
1775 11487
1776 11493
1777 11499
1778 11505
1779 11511
1780 11517
1781 11523
1782 11529
1783 11535
1784 11541
1785 11547
1786 11553
1787 11559
1788 11565
1789 11571
1790 11577
1791 11583
1813 11589
1814 11595
1815 11601
1816 11607
1817 11613
1818 11619
1819 11625
1820 11631
1821 11637
1822 11643
1823 11649
1824 11655
1825 11661
1826 11667
1827 11673
1828 11679
1829 11685
1830 11691
1831 11697
1832 11703
1833 11709
1834 11715
1835 11721
1836 11727
1837 11733
1838 11739
1839 11745
1840 11751
1841 11757
1842 11763
1843 11769
1844 11775
1845 11781
1846 11787
1847 11793
1848 11799
1849 11805
1850 11811
1851 11817
1852 11823
1853 11829
1854 11835
1855 11841
1856 11847
1857 11853
1858 11859
1859 11865
1860 11871
1861 11877
1862 11883
1863 11889
1864 11895
1865 11901
1866 11907
1867 11913
1868 11919
1869 11925
1870 11931
1871 11937
1872 11943
1873 11949
1874 11955
1875 11961
1876 11967
1877 11973
1878 11979
1879 11985
1880 11991
1881 11997
1882 12003
1883 12009
1884 12015
1885 12021
1886 12027
1887 12033
1888 12039
1889 12045
1890 12051
1891 12057
1892 12063
1893 12069
1894 12075
1895 12081
1896 12087
1897 12093
1898 12099
1899 12105
1900 12111
1901 12117
1902 12123
1903 12129
1904 12135
1905 12141
1906 12147
1907 12153
1908 12159
1909 12165
1910 12171
1911 12177
1912 12183
1913 12189
1914 12195
1915 12201
1916 12207
1917 12213
1918 12219
1919 12225
1920 12231
1921 12237
1922 12243
1923 12249
1924 12255
1925 12261
1926 12267
1927 12273
1928 12279
1929 12285
1930 12291
1931 12297
1932 12303
1933 12309
1934 12315
1935 12321
1936 12327
1937 12333
1938 12339
1939 12345
1940 12351
1941 12357
1942 12363
1943 12369
1944 12375
1945 12381
1946 12387
1947 12393
1948 12399
1949 12405
1950 12411
1951 12417
1952 12423
1953 12429
1954 12435
1955 12441
1956 12447
1957 12453
1958 12459
1959 12465
1960 12471
1961 12477
1962 12483
1963 12489
1964 12495
1965 12501
1966 12507
1967 12513
1968 12519
1969 12525
1970 12531
1971 12537
1972 12543
1973 12549
1974 12555
1975 12561
1976 12567
1977 12573
1978 12579
1979 12585
1980 12591
1981 12597
1982 12603
1983 12609
1984 12615
1985 12621
1986 12627
1987 12633
1988 12639
1989 12645
1990 12651
1991 12657
1992 12663
1993 12669
1994 12675
1995 12681
1996 12687
1997 12693
1998 12699
1999 12705
2000 12711
2001 12717
2002 12723
2003 12729
2004 12735
2005 12741
2006 12747
2007 12753
2008 12759
2009 12765
2010 12771
2011 12777
2012 12783
2013 12789
2014 12795
2015 12801
2016 12807
2017 12810
2018 12815
2019 12821
2020 12827
2021 12833
2022 12839
2023 12845
2024 12851
2025 12857
2026 12863
2027 12869
2028 12875
2029 12881
2030 12887
2031 12893
2032 12899
2033 12905
2034 12908
2035 12914
2036 12920
2037 12926
2038 12932
2039 12938
2040 12944
2041 12950
2042 12956
2043 12962
2044 12968
2045 12974
2046 12980
2047 12986
2048 12992
2049 12998
2050 13004
2051 13010
2052 13016
2053 13022
2054 13028
2055 13034
2056 13040
2057 13046
2058 13052
2059 13058
2060 13064
2061 13070
2062 13076
2063 13082
2064 13088
2065 13094
2066 13100
2067 13106
2068 13112
2069 13118
2070 13124
2071 13130
2072 13136
2073 13142
2074 13148
2075 13154
2076 13160
2077 13166
2078 13172
2079 13178
2080 13184
2081 13190
2082 13196
2083 13202
2084 13208
2085 13214
2086 13220
2087 13226
2088 13232
2089 13238
2090 13244
2091 13250
2092 13256
2093 13262
2094 13268
2095 13274
2096 13280
2097 13286
2098 13292
2099 13298
2100 13304
2101 13310
2102 13316
2103 13322
2104 13328
2105 13334
2106 13340
2107 13346
2108 13352
2109 13358
2110 13364
2111 13370
2112 13376
2113 13382
2114 13388
2115 13394
2116 13400
2117 13406
2118 13412
2119 13418
2120 13424
2121 13430
2122 13436
2123 13442
2124 13448
2125 13454
2126 13460
2127 13466
2128 13472
2129 13478
2130 13484
2131 13490
2132 13496
2133 13502
2134 13508
2135 13514
2136 13520
2137 13526
2138 13532
2139 13538
2140 13544
2141 13550
2142 13556
2143 13562
2144 13568
2145 13574
2146 13580
2147 13586
2148 13592
2149 13598
2150 13604
2151 13610
2152 13616
2153 13622
2154 13628
2155 13634
2156 13640
2157 13646
2158 13652
2159 13658
2160 13664
2161 13670
2162 13676
2163 13682
2164 13688
2165 13694
2166 13700
2167 13706
2168 13712
2169 13718
2170 13724
2171 13730
2172 13736
2173 13742
2174 13748
2175 13754
2176 13760
2177 13766
2178 13772
2179 13778
2180 13784
2181 13790
2182 13796
2183 13802
2184 13808
2185 13814
2186 13820
2187 13826
2188 13832
2189 13838
2190 13844
2191 13850
2192 13856
2193 13862
2194 13868
2195 13874
2196 13880
2197 13886
2198 13892
2199 13898
2200 13904
2201 13910
2202 13916
2203 13922
2204 13928
2205 13934
2206 13940
2207 13946
2208 13952
2209 13958
2210 13964
2211 13967
2212 13973
2213 13979
2214 13985
2215 13988
2216 13994
2217 14000
2218 14006
2219 14012
2220 14018
2221 14024
2222 14027
2223 14033
2224 14039
2225 14045
2226 14051
2227 14057
2228 14063
2229 14069
2230 14075
2231 14081
2232 14087
2233 14093
2234 14099
2235 14105
2236 14111
2237 14117
2238 14122
2239 14123
2240 14124
2241 14125
2242 14126
2243 14130
2244 14136
2245 14139
2246 14145
2247 14151
2248 14157
2249 14163
2250 14169
2251 14175
2252 14181
2253 14187
2254 14193
2255 14199
2256 14205
2257 14211
2258 14217
2259 14223
2260 14229
2261 14235
2262 14241
2263 14247
2264 14253
2265 14259
2266 14265
2267 14271
2268 14277
2269 14283
2270 14289
2271 14295
2272 14301
2273 14307
2274 14313
2275 14319
2276 14325
2277 14331
2278 14337
2279 14343
2280 14349
2281 14355
2282 14361
2283 14367
2284 14373
2285 14379
2286 14385
2287 14391
2288 14397
2289 14403
2290 14409
2291 14415
2292 14421
2293 14427
2294 14433
2295 14439
2296 14445
2297 14451
2298 14457
2299 14463
2300 14469
2301 14475
2302 14481
2303 14487
2304 14493
2305 14499
2306 14505
2307 14511
2308 14517
2309 14523
2310 14529
2311 14535
2312 14541
2313 14547
2314 14553
2315 14559
2316 14565
2317 14571
2318 14577
2319 14583
2320 14589
2321 14595
2322 14601
2323 14607
2324 14613
2325 14619
2326 14625
2327 14631
2328 14637
2329 14643
2330 14649
2331 14655
2332 14661
2333 14667
2334 14673
2335 14679
2336 14685
2337 14691
2338 14697
2339 14703
2340 14709
2341 14715
2342 14721
2343 14727
2344 14733
2345 14739
2346 14745
2347 14751
2348 14757
2349 14763
2350 14769
2351 14775
2352 14781
2353 14787
2354 14793
2355 14799
2356 14805
2357 14811
2358 14817
2359 14823
2360 14829
2361 14835
2362 14841
2363 14847
2364 14853
2365 14859
2366 14865
2367 14871
2368 14877
2369 14883
2370 14889
2371 14895
2372 14901
2373 14907
2374 14913
2375 14919
2376 14925
2377 14931
2378 14937
2379 14943
2380 14949
2381 14955
2382 14961
2383 14967
2384 14973
2385 14979
2386 14985
2387 14991
2388 14997
2389 15003
2390 15009
2391 15015
2392 15021
2393 15027
2394 15033
2395 15039
2396 15045
2397 15051
2398 15057
2399 15063
2400 15069
2401 15075
2402 15081
2403 15087
2404 15093
2405 15099
2406 15105
2407 15111
2408 15117
2409 15123
2410 15129
2411 15135
2412 15141
2413 15147
2414 15153
2415 15159
2416 15165
2417 15171
2418 15177
2419 15183
2420 15189
2421 15195
2422 15201
2423 15207
2424 15213
2425 15219
2426 15225
2427 15231
2428 15237
2429 15243
2430 15249
2431 15255
2432 15261
2433 15267
2434 15273
2435 15279
2436 15285
2437 15291
2438 15297
2439 15303
2440 15309
2441 15315
2442 15321
2443 15327
2444 15333
2445 15339
2446 15345
2447 15351
2448 15357
2449 15363
2450 15369
2451 15375
2452 15381
2453 15387
2454 15393
2455 15399
2456 15405
2457 15411
2458 15417
2459 15423
2460 15429
2461 15435
2462 15441
2463 15447
2464 15453
2465 15459
2466 15465
2467 15471
2468 15477
2469 15483
2470 15489
2471 15495
2472 15501
2473 15507
2474 15513
2475 15519
2476 15525
2477 15531
2478 15537
2479 15543
2480 15549
2481 15555
2482 15561
2483 15567
2484 15573
2485 15579
2486 15585
2487 15591
2488 15597
2489 15603
2490 15609
2491 15615
2492 15621
2493 15627
2494 15633
2495 15639
2496 15645
2497 15651
2498 15657
2499 15663
2500 15669
2501 15675
2502 15681
2503 15687
2504 15693
2505 15699
2506 15705
2507 15711
2508 15717
2509 15723
2510 15729
2511 15735
2512 15741
2513 15747
2514 15753
2515 15759
2516 15765
2517 15771
2518 15777
2519 15783
2520 15789
2521 15795
2522 15801
2523 15807
2524 15813
2525 15819
2526 15825
2527 15831
2528 15837
2529 15843
2530 15849
2531 15855
2532 15861
2533 15867
2534 15873
2535 15879
2536 15885
2537 15891
2538 15897
2539 15903
2540 15909
2541 15915
2542 15921
2543 15927
2544 15933
2545 15939
2546 15945
2547 15951
2548 15957
2549 15963
2550 15969
2551 15975
2552 15981
2553 15987
2554 15993
2555 15999
2556 16005
2557 16011
2558 16017
2559 16023
2560 16029
2561 16035
2562 16041
2563 16047
2564 16053
2565 16059
2566 16065
2567 16071
2568 16077
2569 16083
2570 16089
2571 16095
2572 16101
2573 16107
2574 16113
2575 16119
2576 16125
2577 16131
2578 16137
2579 16143
2580 16149
2581 16155
2582 16161
2583 16167
2584 16173
2585 16179
2586 16185
2587 16191
2588 16197
2589 16203
2590 16209
2591 16215
2592 16221
2593 16227
2594 16233
2595 16239
2596 16245
2597 16251
2598 16257
2599 16263
2600 16269
2601 16275
2602 16281
2603 16287
2604 16293
2605 16299
2606 16305
2607 16311
2608 16317
2609 16323
2610 16329
2611 16335
2612 16341
2613 16347
2614 16353
2615 16359
2616 16365
2617 16371
2618 16377
2619 16383
2620 16389
2621 16395
2622 16401
2623 16407
2624 16413
2625 16419
2626 16425
2627 16431
2628 16437
2629 16443
2630 16449
2631 16455
2632 16461
2633 16467
2634 16473
2635 16479
2636 16485
2637 16491
2638 16497
2639 16503
2640 16509
2641 16515
2642 16521
2643 16527
2644 16533
2645 16539
