0 1297
1 1303
2 1309
3 1315
4 1321
5 1327
6 1333
7 1339
8 1345
9 1351
10 1357
11 1363
12 1369
13 1375
14 1381
15 1387
16 1393
17 1399
18 1405
19 1411
20 1417
21 1423
22 1429
23 1435
24 1441
25 1447
26 1453
27 1459
28 1465
29 1471
30 1477
31 1483
32 1489
33 1495
34 1501
35 1507
36 1513
37 1519
38 1525
39 1531
40 1537
41 1543
42 1549
43 1555
44 1561
45 1567
46 1573
47 1579
48 1585
49 1591
50 1597
51 1603
52 1609
53 1615
54 1621
55 1627
56 1633
57 1639
58 1645
59 1651
60 1657
61 1663
62 1669
63 1675
64 1681
65 1687
66 1693
67 1699
68 1705
69 1711
70 1717
71 1723
72 1729
73 1735
74 1741
75 1747
76 1753
77 1759
78 1765
79 1771
80 1777
81 1783
82 1789
83 1795
84 1801
85 1807
86 1813
87 1819
88 1825
89 1831
90 1837
91 1843
92 1849
93 1855
94 1861
95 1867
96 1873
97 1879
98 1885
99 1891
100 1897
101 1903
102 1909
103 1915
104 1921
105 1927
106 1933
107 1939
108 1945
109 1951
110 1957
111 1963
112 1969
113 1975
114 1981
115 1987
116 1993
117 1999
118 2005
119 2011
120 2017
121 2023
122 2029
123 2035
124 2041
125 2047
126 2053
127 2059
128 2065
129 2071
130 2077
131 2083
132 2089
133 2095
134 2101
135 2107
136 2113
137 2119
138 2125
139 2131
140 2137
141 2143
142 2149
143 2155
144 2161
145 2167
146 2173
147 2179
148 2185
149 2191
150 2197
151 2203
152 2209
153 2215
154 2221
155 2227
156 2233
157 2239
158 2245
159 2251
160 2257
161 2263
162 2269
163 2275
164 2281
165 2287
166 2293
167 2299
168 2305
169 2311
170 2317
171 2323
172 2329
173 2335
174 2341
175 2347
176 2353
177 2359
178 2365
179 2371
180 2377
181 2383
182 2389
183 2395
184 2401
185 2407
186 2413
187 2419
188 2425
189 2431
190 2437
191 2443
192 2449
193 2455
194 2461
195 2467
196 2473
197 2479
198 2485
199 2491
200 2497
201 2503
202 2509
203 2515
204 2521
205 2527
206 2533
207 2539
208 2545
209 2551
210 2557
211 2563
212 2569
213 2575
214 2581
215 2587
216 2593
217 2599
218 2605
219 2611
220 2617
221 2623
222 2629
223 2635
224 2641
225 2647
226 2653
227 2659
228 2665
229 2671
230 2677
231 2683
232 2689
233 2695
234 2701
235 2707
236 2713
237 2719
238 2725
239 2731
240 2737
241 2743
242 2749
243 2755
244 2761
245 2767
246 2773
247 2779
248 2785
249 2791
250 2797
251 2803
252 2809
253 2815
254 2821
255 2827
256 2833
257 2839
258 2845
259 2851
260 2857
261 2863
262 2869
263 2875
264 2881
265 2887
266 2893
267 2899
268 2905
269 2911
270 2917
271 2923
272 2929
273 2935
274 2941
275 2947
276 2953
277 2959
278 2965
279 2971
280 2977
281 2983
282 2989
283 2995
284 3001
285 3007
286 3013
287 3019
288 3025
289 3031
290 3037
291 3043
292 3049
293 3055
294 3061
295 3067
296 3073
297 3079
298 3085
299 3091
300 3097
301 3103
302 3109
303 3115
304 3121
305 3127
306 3133
307 3139
308 3145
309 3151
310 3157
311 3163
312 3169
313 3175
314 3181
315 3187
316 3193
317 3199
318 3205
319 3211
320 3217
321 3223
322 3229
323 3235
324 3241
325 3247
326 3253
327 3259
328 3265
329 3271
330 3277
331 3283
332 3289
333 3295
334 3301
335 3307
336 3313
337 3319
338 3325
339 3331
340 3337
341 3343
342 3349
343 3355
344 3361
345 3367
346 3373
347 3379
348 3385
349 3391
350 3397
351 3403
352 3409
353 3415
354 3421
355 3427
356 3433
357 3439
358 3445
359 3451
360 3457
361 3463
362 3469
363 3475
364 3481
365 3487
366 3493
367 3499
368 3505
369 3511
370 3517
371 3523
372 3529
373 3535
374 3541
375 3547
376 3553
377 3559
378 3565
379 3571
380 3577
381 3583
382 3589
383 3595
384 3601
385 3607
386 3613
387 3619
388 3625
389 3631
390 3637
391 3643
392 3649
393 3655
394 3661
395 3667
396 3673
397 3679
398 3685
399 3691
400 3697
401 3703
402 3709
403 3715
404 3721
405 3727
406 3733
407 3739
408 3745
409 3751
410 3757
411 3763
412 3769
413 3775
414 3781
415 3787
416 3793
417 3799
418 3805
419 3811
420 3817
421 3823
422 3829
423 3835
424 3841
425 3847
426 3853
427 3859
428 3865
429 3871
430 3877
431 3883
432 3889
433 3895
434 3901
435 3907
436 3913
437 3919
438 3925
439 3931
440 3937
441 3943
442 3949
443 3955
444 3961
445 3967
446 3973
447 3979
448 3985
449 3991
450 3997
451 4003
452 4009
453 4015
454 4021
455 4027
456 4033
457 4039
458 4045
459 4051
460 4057
461 4063
462 4069
463 4075
464 4081
465 4087
466 4093
467 4099
468 4105
469 4111
470 4117
471 4123
472 4129
473 4135
474 4141
475 4147
476 4153
477 4159
478 4165
479 4171
480 4177
481 4183
482 4189
483 4195
484 4201
485 4207
486 4213
487 4219
488 4225
489 4231
490 4237
491 4243
492 4249
493 4255
494 4261
495 4267
496 4273
497 4279
498 4285
499 4291
500 4297
501 4303
502 4309
503 4315
504 4321
505 4327
506 4333
507 4339
508 4345
509 4351
510 4357
511 4363
512 4369
513 4375
514 4381
515 4387
516 4393
517 4399
518 4405
519 4411
520 4417
521 4423
522 4429
523 4435
524 4441
525 4447
526 4453
527 4459
528 4465
529 4471
530 4477
531 4483
532 4489
533 4495
534 4501
535 4507
536 4513
537 4519
538 4525
539 4531
540 4537
541 4543
542 4549
543 4555
544 4561
545 4567
546 4573
547 4579
548 4585
549 4591
550 4597
551 4603
552 4609
553 4615
554 4621
555 4627
556 4633
557 4639
558 4645
559 4651
560 4657
561 4663
562 4669
563 4675
564 4681
565 4687
566 4693
567 4699
568 4705
569 4711
570 4717
571 4723
572 4729
573 4735
574 4741
575 4747
576 4753
577 4759
578 4765
579 4771
580 4777
581 4783
582 4789
583 4795
584 4801
585 4807
586 4813
587 4819
588 4825
589 4831
590 4837
591 4843
592 4849
593 4855
594 4856
595 4862
596 4868
597 4874
603 4877
604 4881
605 4884
606 4890
607 4895
608 4901
609 4904
610 4907
611 4913
612 4919
613 4925
614 4931
615 4937
616 4943
617 4949
618 4955
619 4961
620 4967
621 4973
622 4979
623 4985
624 4991
625 4997
626 5003
627 5009
628 5015
629 5021
630 5027
631 5033
632 5039
633 5045
634 5051
635 5057
636 5063
637 5069
638 5075
639 5081
640 5087
641 5093
642 5099
643 5105
644 5111
645 5117
646 5123
647 5129
648 5135
649 5141
650 5147
651 5153
652 5159
653 5165
654 5171
655 5177
656 5183
657 5189
658 5195
659 5201
660 5207
661 5213
662 5219
663 5225
664 5231
665 5237
666 5243
667 5249
668 5255
669 5261
670 5267
671 5273
672 5279
673 5285
674 5291
675 5297
676 5303
677 5309
678 5315
679 5321
680 5327
681 5333
682 5339
683 5345
684 5351
685 5357
686 5363
687 5369
688 5375
689 5381
690 5387
691 5393
692 5399
693 5405
694 5411
695 5417
696 5423
697 5429
698 5435
699 5441
700 5447
701 5453
702 5459
703 5465
704 5471
705 5477
706 5483
707 5489
708 5495
709 5501
710 5507
711 5513
712 5519
713 5525
714 5531
715 5537
716 5543
717 5549
718 5555
719 5561
720 5567
721 5573
722 5579
723 5585
724 5591
725 5597
726 5603
727 5609
728 5615
729 5621
730 5627
731 5633
732 5639
733 5645
734 5651
735 5657
736 5663
737 5669
738 5675
739 5681
740 5687
741 5693
742 5699
745 5704
748 5705
749 5710
751 5714
752 5719
753 5725
754 5731
755 5737
756 5743
757 5749
758 5755
759 5761
760 5767
761 5773
762 5779
763 5785
764 5791
765 5797
766 5803
767 5809
768 5815
769 5821
770 5827
771 5833
772 5839
773 5842
774 5848
775 5854
776 5860
777 5866
778 5872
779 5878
780 5884
781 5890
782 5896
783 5902
784 5908
785 5914
786 5920
787 5926
788 5932
789 5938
790 5944
791 5950
792 5956
793 5962
794 5968
795 5974
796 5980
797 5986
798 5992
799 5998
800 6004
801 6010
802 6016
803 6022
804 6028
805 6034
806 6040
807 6046
808 6052
809 6058
810 6064
811 6070
812 6076
813 6082
814 6088
815 6094
816 6100
817 6106
818 6112
819 6118
820 6124
821 6130
822 6136
823 6142
824 6148
825 6154
826 6160
827 6166
828 6172
829 6178
830 6184
831 6190
832 6196
833 6202
834 6208
835 6214
836 6220
837 6226
838 6232
839 6238
840 6244
841 6250
842 6256
843 6262
844 6268
845 6274
846 6280
847 6286
848 6292
849 6298
850 6304
851 6310
852 6316
853 6322
854 6328
855 6334
856 6340
857 6346
858 6352
859 6358
860 6364
861 6370
862 6376
863 6382
864 6388
865 6394
866 6400
867 6406
868 6412
869 6418
870 6424
871 6430
872 6436
873 6442
874 6448
875 6454
876 6460
877 6466
878 6472
879 6478
880 6484
881 6490
882 6496
883 6502
884 6508
885 6514
886 6520
887 6526
888 6532
889 6538
890 6544
891 6550
892 6556
893 6562
894 6567
895 6569
896 6575
897 6581
898 6587
899 6593
901 6600
902 6606
903 6612
904 6618
905 6624
906 6630
907 6636
908 6642
909 6648
910 6654
911 6660
912 6666
913 6672
914 6678
915 6684
916 6691
917 6697
918 6703
919 6709
920 6715
921 6721
922 6727
923 6733
924 6738
925 6744
926 6750
927 6756
928 6762
929 6768
930 6774
931 6780
932 6786
933 6792
934 6798
935 6804
936 6810
937 6816
938 6822
939 6828
940 6834
941 6840
942 6846
943 6852
944 6858
945 6864
946 6870
947 6876
948 6882
949 6888
950 6894
951 6900
952 6906
953 6912
954 6918
955 6924
956 6930
957 6936
958 6942
959 6948
960 6954
961 6960
962 6966
963 6972
964 6978
965 6985
966 6991
967 6997
968 7003
969 7009
970 7015
971 7021
972 7027
973 7033
974 7039
975 7045
976 7051
977 7057
978 7063
979 7069
980 7075
981 7080
982 7086
983 7092
984 7098
985 7104
986 7110
987 7116
988 7122
989 7128
990 7134
991 7140
992 7146
993 7152
994 7158
995 7164
996 7170
997 7176
998 7182
999 7188
1000 7194
1001 7200
1002 7206
1003 7212
1004 7218
1005 7224
1006 7230
1007 7236
1008 7242
1009 7248
1010 7254
1011 7260
1012 7266
1013 7272
1014 7278
1015 7284
1016 7290
1017 7296
1018 7302
1019 7308
1020 7314
1021 7320
1022 7326
1023 7332
1024 7338
1025 7344
1026 7350
1027 7356
1028 7362
1029 7368
1030 7374
1031 7380
1032 7386
1033 7392
1034 7398
1035 7404
1036 7410
1037 7416
1038 7422
1039 7428
1040 7434
1041 7440
1042 7446
1043 7452
1044 7458
1045 7464
1046 7470
1047 7476
1048 7482
1049 7488
1050 7494
1051 7500
1052 7506
1053 7512
1054 7518
1055 7524
1056 7530
1057 7536
1058 7542
1059 7548
1060 7554
1061 7560
1062 7566
1063 7572
1064 7578
1065 7584
1066 7590
1067 7596
1068 7602
1069 7608
1070 7614
1071 7620
1072 7626
1073 7632
1074 7638
1075 7644
1092 7645
1093 7649
1094 7655
1095 7661
1096 7667
1097 7673
1098 7679
1099 7685
1100 7691
1101 7697
1102 7703
1103 7706
1104 7712
1105 7718
1106 7724
1107 7730
1108 7736
1109 7742
1110 7748
1111 7754
1112 7761
1113 7767
1114 7773
1115 7779
1116 7785
1117 7791
1118 7797
1119 7803
1120 7809
1121 7815
1122 7821
1123 7827
1124 7833
1125 7839
1126 7845
1127 7851
1128 7857
1129 7863
1130 7869
1131 7875
1132 7881
1133 7887
1134 7893
1135 7899
1136 7905
1137 7911
1138 7917
1139 7923
1140 7929
1141 7935
1142 7941
1143 7947
1144 7953
1145 7958
1146 7964
1147 7970
1148 7976
1149 7982
1150 7988
1151 7994
1152 8000
1153 8007
1154 8013
1155 8019
1156 8025
1157 8031
1158 8037
1159 8043
1160 8049
1161 8055
1162 8061
1163 8067
1164 8073
1165 8079
1166 8085
1167 8091
1168 8097
1169 8102
1170 8108
1171 8114
1172 8120
1173 8126
1174 8132
1175 8138
1176 8144
1177 8150
1178 8156
1179 8162
1180 8168
1181 8174
1182 8180
1183 8186
1184 8192
1185 8198
1186 8204
1187 8210
1188 8216
1189 8222
1190 8228
1191 8234
1192 8240
1193 8246
1194 8253
1195 8259
1196 8265
1197 8271
1198 8277
1199 8283
1200 8289
1201 8295
1202 8300
1203 8306
1204 8312
1205 8318
1206 8324
1207 8330
1208 8336
1209 8342
1210 8348
1211 8354
1212 8360
1213 8366
1214 8372
1215 8378
1216 8384
1217 8390
1218 8396
1219 8402
1220 8408
1221 8414
1222 8420
1223 8426
1224 8432
1225 8438
1226 8444
1227 8450
1228 8455
1229 8459
1230 8465
1231 8471
1232 8477
1233 8483
1234 8489
1235 8495
1236 8501
1237 8507
1238 8513
1239 8519
1240 8525
1241 8531
1242 8537
1243 8543
1244 8549
1245 8555
1246 8561
1247 8567
1248 8573
1249 8579
1250 8585
1251 8592
1252 8598
1253 8604
1254 8610
1255 8616
1256 8622
1257 8628
1258 8634
1259 8640
1260 8646
1261 8652
1262 8658
1263 8664
1264 8670
1265 8676
1266 8682
1267 8687
1268 8693
1269 8699
1270 8705
1271 8711
1272 8717
1273 8723
1274 8729
1275 8735
1276 8742
1277 8748
1278 8754
1279 8760
1280 8766
1281 8772
1282 8778
1283 8784
1284 8790
1285 8796
1286 8802
1287 8808
1288 8814
1289 8820
1290 8826
1291 8832
1292 8838
1293 8844
1294 8850
1295 8856
1296 8862
1297 8868
1298 8874
1299 8880
1300 8886
1301 8892
1302 8898
1303 8904
1304 8910
1305 8916
1306 8922
1307 8928
1308 8934
1309 8940
1310 8946
1311 8952
1312 8958
1313 8964
1314 8970
1315 8976
1316 8982
1317 8988
1318 8994
1319 9000
1320 9006
1321 9012
1322 9018
1323 9024
1324 9030
1325 9036
1326 9042
1327 9048
1328 9054
1329 9060
1330 9066
1331 9072
1332 9078
1333 9084
1334 9090
1335 9096
1336 9102
1337 9108
1338 9114
1339 9120
1340 9126
1341 9132
1342 9138
1343 9144
1344 9150
1345 9156
1346 9162
1347 9168
1348 9174
1349 9180
1350 9186
1351 9192
1352 9198
1353 9204
1354 9210
1355 9216
1356 9222
1357 9228
1358 9234
1359 9240
1360 9246
1361 9252
1362 9258
1363 9264
1364 9270
1365 9276
1366 9282
1367 9288
1368 9294
1369 9300
1370 9306
1371 9312
1372 9318
1373 9324
1374 9330
1375 9336
1376 9342
1377 9348
1378 9354
1379 9360
1380 9366
1381 9372
1382 9378
1383 9384
1384 9390
1385 9396
1386 9402
1387 9408
1388 9414
1389 9420
1390 9426
1391 9432
1392 9438
1393 9444
1394 9450
1395 9456
1396 9462
1397 9468
1398 9474
1399 9480
1400 9486
1401 9492
1402 9498
1403 9504
1404 9510
1405 9516
1406 9522
1407 9527
1408 9531
1409 9537
1410 9543
1411 9549
1412 9555
1413 9561
1414 9567
1415 9573
1416 9579
1417 9585
1418 9591
1419 9597
1420 9603
1421 9609
1422 9615
1423 9621
1424 9627
1425 9633
1426 9639
1427 9645
1428 9651
1429 9657
1430 9663
1431 9669
1432 9675
1433 9681
1434 9687
1435 9693
1436 9699
1437 9705
1438 9711
1439 9717
1440 9723
1441 9729
1442 9735
1443 9741
1444 9747
1445 9753
1446 9759
1447 9765
1448 9771
1449 9777
1450 9783
1451 9789
1452 9795
1453 9801
1454 9807
1455 9813
1456 9819
1457 9825
1458 9831
1459 9837
1460 9843
1461 9849
1462 9855
1463 9861
1464 9867
1465 9873
1466 9879
1467 9885
1468 9891
1469 9897
1470 9903
1471 9909
1472 9915
1473 9921
1474 9927
1475 9933
1476 9939
1477 9945
1478 9951
1479 9957
1480 9962
1481 9968
1482 9974
1483 9980
1484 9986
1485 9992
1486 9998
1487 10004
1488 10011
1489 10017
1490 10023
1491 10029
1492 10035
1493 10041
1494 10047
1495 10053
1496 10059
1497 10065
1498 10071
1499 10077
1500 10083
1501 10089
1502 10095
1503 10101
1504 10106
1505 10112
1506 10118
1507 10124
1508 10130
1509 10136
1510 10142
1511 10148
1512 10155
1513 10161
1514 10167
1515 10173
1516 10179
1517 10185
1518 10191
1519 10197
1520 10203
1521 10209
1522 10215
1523 10221
1524 10227
1525 10233
1526 10239
1527 10245
1528 10251
1529 10257
1530 10263
1531 10269
1532 10275
1533 10281
1534 10287
1535 10293
1536 10299
1537 10305
1538 10311
1539 10317
1540 10323
1541 10329
1542 10335
1543 10341
1544 10347
1545 10353
1546 10359
1547 10365
1548 10371
1549 10377
1550 10383
1551 10389
1552 10395
1553 10401
1554 10407
1555 10413
1556 10419
1557 10425
1558 10431
1559 10437
1560 10443
1561 10449
1562 10455
1563 10461
1564 10467
1565 10473
1566 10479
1567 10485
1568 10491
1569 10497
1570 10503
1571 10509
1572 10515
1573 10521
1574 10527
1575 10533
1576 10539
1577 10545
1578 10551
1579 10557
1580 10563
1581 10569
1582 10575
1583 10581
1584 10587
1585 10593
1586 10599
1587 10605
1588 10611
1589 10617
1590 10623
1591 10629
1592 10635
1593 10641
1594 10647
1595 10653
1596 10659
1597 10665
1598 10671
1599 10677
1600 10683
1601 10689
1602 10695
1603 10701
1604 10707
1605 10713
1606 10719
1607 10725
1608 10731
1609 10737
1610 10743
1611 10749
1612 10755
1613 10761
1614 10767
1615 10773
1616 10779
1617 10785
1618 10791
1619 10797
1620 10803
1621 10809
1622 10815
1623 10821
1624 10827
1625 10833
1626 10839
1627 10845
1628 10851
1629 10857
1630 10863
1631 10869
1632 10875
1633 10881
1634 10887
1635 10893
1636 10899
1637 10905
1638 10911
1639 10917
1640 10923
1641 10929
1642 10935
1643 10941
1644 10947
1645 10953
1646 10959
1647 10965
1648 10971
1649 10977
1650 10983
1651 10989
1652 10995
1653 11001
1654 11007
1655 11013
1656 11019
1657 11025
1658 11031
1659 11037
1660 11043
1661 11049
1662 11055
1663 11061
1664 11067
1665 11073
1666 11079
1667 11085
1668 11091
1669 11097
1670 11103
1671 11109
1672 11115
1673 11121
1674 11127
1675 11133
1676 11139
1677 11145
1678 11151
1679 11157
1680 11163
1681 11169
1682 11175
1683 11181
1684 11187
1685 11193
1686 11199
1687 11205
1688 11211
1689 11217
1690 11223
1691 11229
1692 11235
1693 11241
1694 11247
1695 11253
1696 11259
1697 11265
1698 11271
1699 11277
1700 11283
1701 11289
1702 11295
1703 11301
1704 11307
1705 11313
1706 11319
1707 11325
1708 11331
1709 11337
1710 11343
1711 11349
1712 11355
1713 11361
1714 11367
1715 11373
1716 11379
1717 11385
1718 11391
1719 11397
1720 11403
1721 11409
1722 11415
1723 11421
1724 11427
1725 11433
1726 11439
1727 11445
1728 11451
1729 11457
1730 11463
1731 11469
1732 11475
1733 11481
1734 11487
1735 11493
1736 11499
1737 11505
1738 11511
1739 11517
1740 11523
1741 11529
1742 11535
1743 11541
1744 11547
1745 11553
1746 11559
1747 11565
1748 11571
1749 11577
1750 11583
1772 11589
1773 11595
1774 11601
1775 11607
1776 11613
1777 11619
1778 11625
1779 11631
1780 11637
1781 11643
1782 11649
1783 11655
1784 11661
1785 11667
1786 11673
1787 11679
1788 11685
1789 11691
1790 11697
1791 11703
1792 11709
1793 11715
1794 11721
1795 11727
1796 11733
1797 11739
1798 11745
1799 11751
1800 11757
1801 11763
1802 11769
1803 11775
1804 11781
1805 11787
1806 11793
1807 11799
1808 11805
1809 11811
1810 11817
1811 11823
1812 11829
1813 11835
1814 11841
1815 11847
1816 11853
1817 11859
1818 11865
1819 11871
1820 11877
1821 11883
1822 11889
1823 11895
1824 11901
1825 11907
1826 11913
1827 11919
1828 11925
1829 11931
1830 11937
1831 11943
1832 11949
1833 11955
1834 11961
1835 11967
1836 11973
1837 11979
1838 11985
1839 11991
1840 11997
1841 12003
1842 12009
1843 12015
1844 12021
1845 12027
1846 12033
1847 12039
1848 12045
1849 12051
1850 12057
1851 12063
1852 12069
1853 12075
1854 12081
1855 12087
1856 12093
1857 12099
1858 12105
1859 12111
1860 12117
1861 12123
1862 12129
1863 12135
1864 12141
1865 12147
1866 12153
1867 12159
1868 12165
1869 12171
1870 12177
1871 12183
1872 12189
1873 12195
1874 12201
1875 12207
1876 12213
1877 12219
1878 12225
1879 12231
1880 12237
1881 12243
1882 12249
1883 12255
1884 12261
1885 12267
1886 12273
1887 12279
1888 12285
1889 12291
1890 12297
1891 12303
1892 12309
1893 12315
1894 12321
1895 12327
1896 12333
1897 12339
1898 12345
1899 12351
1900 12357
1901 12363
1902 12369
1903 12375
1904 12381
1905 12387
1906 12393
1907 12399
1908 12405
1909 12411
1910 12417
1911 12423
1912 12429
1913 12435
1914 12441
1915 12447
1916 12453
1917 12459
1918 12465
1919 12471
1920 12477
1921 12483
1922 12489
1923 12495
1924 12501
1925 12507
1926 12513
1927 12519
1928 12525
1929 12531
1930 12537
1931 12543
1932 12549
1933 12555
1934 12561
1935 12567
1936 12573
1937 12579
1938 12585
1939 12591
1940 12597
1941 12603
1942 12609
1943 12615
1944 12621
1945 12627
1946 12633
1947 12639
1948 12645
1949 12651
1950 12657
1951 12663
1952 12669
1953 12675
1954 12681
1955 12687
1956 12693
1957 12699
1958 12705
1959 12711
1960 12717
1961 12723
1962 12729
1963 12735
1964 12741
1965 12747
1966 12753
1967 12759
1968 12765
1969 12771
1970 12777
1971 12783
1972 12789
1973 12795
1974 12801
1975 12807
1976 12810
1977 12815
1978 12821
1979 12827
1980 12833
1981 12839
1982 12845
1983 12851
1984 12857
1985 12863
1986 12869
1987 12875
1988 12881
1989 12887
1990 12893
1991 12899
1992 12905
1993 12908
1994 12914
1995 12920
1996 12926
1997 12932
1998 12938
1999 12944
2000 12950
2001 12956
2002 12962
2003 12968
2004 12974
2005 12980
2006 12986
2007 12992
2008 12998
2009 13004
2010 13010
2011 13016
2012 13022
2013 13028
2014 13034
2015 13040
2016 13046
2017 13052
2018 13058
2019 13064
2020 13070
2021 13076
2022 13082
2023 13088
2024 13094
2025 13100
2026 13106
2027 13112
2028 13118
2029 13124
2030 13130
2031 13136
2032 13142
2033 13148
2034 13154
2035 13160
2036 13166
2037 13172
2038 13178
2039 13184
2040 13190
2041 13196
2042 13202
2043 13208
2044 13214
2045 13220
2046 13226
2047 13232
2048 13238
2049 13244
2050 13250
2051 13256
2052 13262
2053 13268
2054 13274
2055 13280
2056 13286
2057 13292
2058 13298
2059 13304
2060 13310
2061 13316
2062 13322
2063 13328
2064 13334
2065 13340
2066 13346
2067 13352
2068 13358
2069 13364
2070 13370
2071 13376
2072 13382
2073 13388
2074 13394
2075 13400
2076 13406
2077 13412
2078 13418
2079 13424
2080 13430
2081 13436
2082 13442
2083 13448
2084 13454
2085 13460
2086 13466
2087 13472
2088 13478
2089 13484
2090 13490
2091 13496
2092 13502
2093 13508
2094 13514
2095 13520
2096 13526
2097 13532
2098 13538
2099 13544
2100 13550
2101 13556
2102 13562
2103 13568
2104 13574
2105 13580
2106 13586
2107 13592
2108 13598
2109 13604
2110 13610
2111 13616
2112 13622
2113 13628
2114 13634
2115 13640
2116 13646
2117 13652
2118 13658
2119 13664
2120 13670
2121 13676
2122 13682
2123 13688
2124 13694
2125 13700
2126 13706
2127 13712
2128 13718
2129 13724
2130 13730
2131 13736
2132 13742
2133 13748
2134 13754
2135 13760
2136 13766
2137 13772
2138 13778
2139 13784
2140 13790
2141 13796
2142 13802
2143 13808
2144 13814
2145 13820
2146 13826
2147 13832
2148 13838
2149 13844
2150 13850
2151 13856
2152 13862
2153 13868
2154 13874
2155 13880
2156 13886
2157 13892
2158 13898
2159 13904
2160 13910
2161 13916
2162 13922
2163 13928
2164 13934
2165 13940
2166 13946
2167 13952
2168 13958
2169 13964
2170 13967
2171 13973
2172 13979
2173 13985
2174 13988
2175 13994
2176 14000
2177 14006
2178 14012
2179 14018
2180 14024
2181 14027
2182 14033
2183 14039
2184 14045
2185 14051
2186 14057
2187 14063
2188 14069
2189 14075
2190 14081
2191 14087
2192 14093
2193 14099
2194 14105
2195 14111
2196 14117
2197 14122
2198 14123
2199 14124
2200 14125
2201 14126
2202 14130
2203 14136
2204 14139
2205 14145
2206 14151
2207 14157
2208 14163
2209 14169
2210 14175
2211 14181
2212 14187
2213 14193
2214 14199
2215 14205
2216 14211
2217 14217
2218 14223
2219 14229
2220 14235
2221 14241
2222 14247
2223 14253
2224 14259
2225 14265
2226 14271
2227 14277
2228 14283
2229 14289
2230 14295
2231 14301
2232 14307
2233 14313
2234 14319
2235 14325
2236 14331
2237 14337
2238 14343
2239 14349
2240 14355
2241 14361
2242 14367
2243 14373
2244 14379
2245 14385
2246 14391
2247 14397
2248 14403
2249 14409
2250 14415
2251 14421
2252 14427
2253 14433
2254 14439
2255 14445
2256 14451
2257 14457
2258 14463
2259 14469
2260 14475
2261 14481
2262 14487
2263 14493
2264 14499
2265 14505
2266 14511
2267 14517
2268 14523
2269 14529
2270 14535
2271 14541
2272 14547
2273 14553
2274 14559
2275 14565
2276 14571
2277 14577
2278 14583
2279 14589
2280 14595
2281 14601
2282 14607
2283 14613
2284 14619
2285 14625
2286 14631
2287 14637
2288 14643
2289 14649
2290 14655
2291 14661
2292 14667
2293 14673
2294 14679
2295 14685
2296 14691
2297 14697
2298 14703
2299 14709
2300 14715
2301 14721
2302 14727
2303 14733
2304 14739
2305 14745
2306 14751
2307 14757
2308 14763
2309 14769
2310 14775
2311 14781
2312 14787
2313 14793
2314 14799
2315 14805
2316 14811
2317 14817
2318 14823
2319 14829
2320 14835
2321 14841
2322 14847
2323 14853
2324 14859
2325 14865
2326 14871
2327 14877
2328 14883
2329 14889
2330 14895
2331 14901
2332 14907
2333 14913
2334 14919
2335 14925
2336 14931
2337 14937
2338 14943
2339 14949
2340 14955
2341 14961
2342 14967
2343 14973
2344 14979
2345 14985
2346 14991
2347 14997
2348 15003
2349 15009
2350 15015
2351 15021
2352 15027
2353 15033
2354 15039
2355 15045
2356 15051
2357 15057
2358 15063
2359 15069
2360 15075
2361 15081
2362 15087
2363 15093
2364 15099
2365 15105
2366 15111
2367 15117
2368 15123
2369 15129
2370 15135
2371 15141
2372 15147
2373 15153
2374 15159
2375 15165
2376 15171
2377 15177
2378 15183
2379 15189
2380 15195
2381 15201
2382 15207
2383 15213
2384 15219
2385 15225
2386 15231
2387 15237
2388 15243
2389 15249
2390 15255
2391 15261
2392 15267
2393 15273
2394 15279
2395 15285
2396 15291
2397 15297
2398 15303
2399 15309
2400 15315
2401 15321
2402 15327
2403 15333
2404 15339
2405 15345
2406 15351
2407 15357
2408 15363
2409 15369
2410 15375
2411 15381
2412 15387
2413 15393
2414 15399
2415 15405
2416 15411
2417 15417
2418 15423
2419 15429
2420 15435
2421 15441
2422 15447
2423 15453
2424 15459
2425 15465
2426 15471
2427 15477
2428 15483
2429 15489
2430 15495
2431 15501
2432 15507
2433 15513
2434 15519
2435 15525
2436 15531
2437 15537
2438 15543
2439 15549
2440 15555
2441 15561
2442 15567
2443 15573
2444 15579
2445 15585
2446 15591
2447 15597
2448 15603
2449 15609
2450 15615
2451 15621
2452 15627
2453 15633
2454 15639
2455 15645
2456 15651
2457 15657
2458 15663
2459 15669
2460 15675
2461 15681
2462 15687
2463 15693
2464 15699
2465 15705
2466 15711
2467 15717
2468 15723
2469 15729
2470 15735
2471 15741
2472 15747
2473 15753
2474 15759
2475 15765
2476 15771
2477 15777
2478 15783
2479 15789
2480 15795
2481 15801
2482 15807
2483 15813
2484 15819
2485 15825
2486 15831
2487 15837
2488 15843
2489 15849
2490 15855
2491 15861
2492 15867
2493 15873
2494 15879
2495 15885
2496 15891
2497 15897
2498 15903
2499 15909
2500 15915
2501 15921
2502 15927
2503 15933
2504 15939
2505 15945
2506 15951
2507 15957
2508 15963
2509 15969
2510 15975
2511 15981
2512 15987
2513 15993
2514 15999
2515 16005
2516 16011
2517 16017
2518 16023
2519 16029
2520 16035
2521 16041
2522 16047
2523 16053
2524 16059
2525 16065
2526 16071
2527 16077
2528 16083
2529 16089
2530 16095
2531 16101
2532 16107
2533 16113
2534 16119
2535 16125
2536 16131
2537 16137
2538 16143
2539 16149
2540 16155
2541 16161
2542 16167
2543 16173
2544 16179
2545 16185
2546 16191
2547 16197
2548 16203
2549 16209
2550 16215
2551 16221
2552 16227
2553 16233
2554 16239
2555 16245
2556 16251
2557 16257
2558 16263
2559 16269
2560 16275
2561 16281
2562 16287
2563 16293
2564 16299
2565 16305
2566 16311
2567 16317
2568 16323
2569 16329
2570 16335
2571 16341
2572 16347
2573 16353
2574 16359
2575 16365
2576 16371
2577 16377
2578 16383
2579 16389
2580 16395
2581 16401
2582 16407
2583 16413
2584 16419
2585 16425
2586 16431
2587 16437
2588 16443
2589 16449
2590 16455
2591 16461
2592 16467
2593 16473
2594 16479
2595 16485
2596 16491
2597 16497
2598 16503
2599 16509
2600 16515
2601 16521
2602 16527
2603 16533
2604 16539
