0 709
1 715
2 721
3 727
4 733
5 739
6 745
7 751
8 757
9 763
10 769
11 775
12 781
13 787
14 793
15 799
16 805
17 811
18 817
19 823
20 829
21 835
22 841
23 847
24 853
25 859
26 865
27 871
28 877
29 883
30 889
31 895
32 901
33 907
34 913
35 919
36 925
37 931
38 937
39 943
40 949
41 955
42 961
43 967
44 973
45 979
46 985
47 991
48 997
49 1003
50 1009
51 1015
52 1021
53 1027
54 1033
55 1039
56 1045
57 1051
58 1057
59 1063
60 1069
61 1075
62 1081
63 1087
64 1093
65 1099
66 1105
67 1111
68 1117
69 1123
70 1129
71 1135
72 1141
73 1147
74 1153
75 1159
76 1165
77 1171
78 1177
79 1183
80 1189
81 1195
82 1201
83 1207
84 1213
85 1219
86 1225
87 1231
88 1237
89 1243
90 1249
91 1255
92 1261
93 1267
94 1273
95 1279
96 1285
97 1291
98 1297
99 1303
100 1309
101 1315
102 1321
103 1327
104 1333
105 1339
106 1345
107 1351
108 1357
109 1363
110 1369
111 1375
112 1381
113 1387
114 1393
115 1399
116 1405
117 1411
118 1417
119 1423
120 1429
121 1435
122 1441
123 1447
124 1453
125 1459
126 1465
127 1471
128 1477
129 1483
130 1489
131 1495
132 1501
133 1507
134 1513
135 1519
136 1525
137 1531
138 1537
139 1543
140 1549
141 1555
142 1561
143 1567
144 1573
145 1579
146 1585
147 1591
148 1597
149 1603
150 1609
151 1615
152 1621
153 1627
154 1633
155 1639
156 1645
157 1651
158 1657
159 1663
160 1669
161 1675
162 1681
163 1687
164 1693
165 1699
166 1705
167 1711
168 1717
169 1723
170 1729
171 1735
172 1741
173 1747
174 1753
175 1759
176 1765
177 1771
178 1777
179 1783
180 1789
181 1795
182 1801
183 1807
184 1813
185 1819
186 1825
187 1831
188 1837
189 1843
190 1849
191 1855
192 1861
193 1867
194 1873
195 1879
196 1885
197 1891
198 1897
199 1903
200 1909
201 1915
202 1921
203 1927
204 1933
205 1939
206 1945
207 1951
208 1957
209 1963
210 1969
211 1975
212 1981
213 1987
214 1993
215 1999
216 2005
217 2011
218 2017
219 2023
220 2029
221 2035
222 2041
223 2047
224 2053
225 2059
226 2065
227 2071
228 2077
229 2083
230 2089
231 2095
232 2101
233 2107
234 2113
235 2119
236 2125
237 2131
238 2137
239 2143
240 2149
241 2155
242 2161
243 2167
244 2173
245 2179
246 2185
247 2191
248 2197
249 2203
250 2209
251 2215
252 2221
253 2227
254 2233
255 2239
256 2245
257 2251
258 2257
259 2263
260 2269
261 2275
262 2281
263 2287
264 2293
265 2299
266 2305
267 2311
268 2317
269 2323
270 2329
271 2335
272 2341
273 2347
274 2353
275 2359
276 2365
277 2371
278 2377
279 2383
280 2389
281 2395
282 2401
283 2407
284 2413
285 2419
286 2425
287 2431
288 2437
289 2443
290 2449
291 2455
292 2461
293 2467
294 2473
295 2479
296 2485
297 2491
298 2497
299 2503
300 2509
301 2515
302 2521
303 2527
304 2533
305 2539
306 2545
307 2551
308 2557
309 2563
310 2569
311 2575
312 2581
313 2587
314 2593
315 2599
316 2605
317 2611
318 2617
319 2623
320 2629
321 2635
322 2641
323 2647
324 2653
325 2659
326 2665
327 2671
328 2677
329 2683
330 2689
331 2695
332 2701
333 2707
334 2713
335 2719
336 2725
337 2731
338 2737
339 2743
340 2749
341 2755
342 2761
343 2767
344 2773
345 2779
346 2785
347 2791
348 2797
349 2803
350 2809
351 2815
352 2821
353 2827
354 2833
355 2839
356 2845
357 2851
358 2857
359 2863
360 2869
361 2875
362 2881
363 2887
364 2893
365 2899
366 2905
367 2911
368 2917
369 2923
370 2929
371 2935
372 2941
373 2947
374 2953
375 2959
376 2965
377 2971
378 2977
379 2983
380 2989
381 2995
382 3001
383 3007
384 3013
385 3019
386 3025
387 3031
388 3037
389 3043
390 3049
391 3055
392 3061
393 3067
394 3073
395 3079
396 3085
397 3091
398 3097
399 3103
400 3109
401 3115
402 3121
403 3127
404 3133
405 3139
406 3145
407 3151
408 3157
409 3163
410 3169
411 3175
412 3181
413 3187
414 3193
415 3199
416 3205
417 3211
418 3217
419 3223
420 3229
421 3235
422 3241
423 3247
424 3253
425 3259
426 3265
427 3271
428 3277
429 3283
430 3289
431 3295
432 3301
433 3307
434 3313
435 3319
436 3325
437 3331
438 3337
439 3343
440 3349
441 3355
442 3361
443 3367
444 3373
445 3379
446 3385
447 3391
448 3397
449 3403
450 3409
451 3415
452 3421
453 3427
454 3433
455 3439
456 3445
457 3451
458 3457
459 3463
460 3469
461 3475
462 3481
463 3487
464 3493
465 3499
466 3505
467 3511
468 3517
469 3523
470 3529
471 3535
472 3541
473 3547
474 3553
475 3559
476 3565
477 3571
478 3577
479 3583
480 3589
481 3595
482 3601
483 3607
484 3613
485 3619
486 3625
487 3631
488 3637
489 3643
490 3649
491 3655
492 3661
493 3667
494 3673
495 3679
496 3685
497 3691
498 3697
499 3703
500 3709
501 3715
502 3721
503 3727
504 3733
505 3739
506 3745
507 3751
508 3757
509 3763
510 3769
511 3775
512 3781
513 3787
514 3793
515 3799
516 3805
517 3811
518 3817
519 3823
520 3829
521 3835
522 3841
523 3847
524 3853
525 3859
526 3865
527 3871
528 3877
529 3883
530 3889
531 3895
532 3901
533 3907
534 3913
535 3919
536 3925
537 3931
538 3937
539 3943
540 3949
541 3955
542 3961
543 3967
544 3973
545 3979
546 3985
547 3991
548 3997
549 4003
550 4009
551 4015
552 4021
553 4027
554 4033
555 4039
556 4045
557 4051
558 4057
559 4063
560 4069
561 4075
562 4081
563 4087
564 4093
565 4099
566 4105
567 4111
568 4117
569 4123
570 4129
571 4135
572 4141
573 4147
574 4153
575 4159
576 4165
577 4171
578 4177
579 4183
580 4189
581 4195
582 4201
583 4207
584 4213
585 4219
586 4225
587 4231
588 4237
589 4243
590 4249
591 4255
592 4261
593 4267
594 4273
595 4279
596 4285
597 4291
598 4297
599 4303
600 4309
601 4315
602 4321
603 4327
604 4333
605 4339
606 4345
607 4351
608 4357
609 4363
610 4369
611 4375
612 4381
613 4387
614 4393
615 4399
616 4405
617 4411
618 4417
619 4423
620 4429
621 4435
622 4441
623 4447
624 4453
625 4459
626 4465
627 4471
628 4477
629 4483
630 4489
631 4495
632 4501
633 4507
634 4513
635 4519
636 4525
637 4531
638 4537
639 4543
640 4549
641 4555
642 4561
643 4567
644 4573
645 4579
646 4585
647 4591
648 4597
649 4603
650 4609
651 4615
652 4621
653 4627
654 4633
655 4639
656 4645
657 4651
658 4657
659 4663
660 4669
661 4675
662 4681
663 4687
664 4693
665 4699
666 4705
667 4711
668 4717
669 4723
670 4729
671 4735
672 4741
673 4747
674 4753
675 4759
676 4765
677 4771
678 4777
679 4783
680 4789
681 4795
682 4801
683 4807
684 4813
685 4819
686 4825
687 4831
688 4837
689 4843
690 4849
691 4855
692 4856
693 4862
694 4868
695 4874
701 4877
702 4881
703 4884
704 4890
705 4895
706 4901
707 4904
708 4907
709 4913
710 4919
711 4925
712 4931
713 4937
714 4943
715 4949
716 4955
717 4961
718 4967
719 4973
720 4979
721 4985
722 4991
723 4997
724 5003
725 5009
726 5015
727 5021
728 5027
729 5033
730 5039
731 5045
732 5051
733 5057
734 5063
735 5069
736 5075
737 5081
738 5087
739 5093
740 5099
741 5105
742 5111
743 5117
744 5123
745 5129
746 5135
747 5141
748 5147
749 5153
750 5159
751 5165
752 5171
753 5177
754 5183
755 5189
756 5195
757 5201
758 5207
759 5213
760 5219
761 5225
762 5231
763 5237
764 5243
765 5249
766 5255
767 5261
768 5267
769 5273
770 5279
771 5285
772 5291
773 5297
774 5303
775 5309
776 5315
777 5321
778 5327
779 5333
780 5339
781 5345
782 5351
783 5357
784 5363
785 5369
786 5375
787 5381
788 5387
789 5393
790 5399
791 5405
792 5411
793 5417
794 5423
795 5429
796 5435
797 5441
798 5447
799 5453
800 5459
801 5465
802 5471
803 5477
804 5483
805 5489
806 5495
807 5501
808 5507
809 5513
810 5519
811 5525
812 5531
813 5537
814 5543
815 5549
816 5555
817 5561
818 5567
819 5573
820 5579
821 5585
822 5591
823 5597
824 5603
825 5609
826 5615
827 5621
828 5627
829 5633
830 5639
831 5645
832 5651
833 5657
834 5663
835 5669
836 5675
837 5681
838 5687
839 5693
840 5699
843 5704
846 5705
847 5710
849 5714
850 5719
851 5725
852 5731
853 5737
854 5743
855 5749
856 5755
857 5761
858 5767
859 5773
860 5779
861 5785
862 5791
863 5797
864 5803
865 5809
866 5815
867 5821
868 5827
869 5833
870 5839
871 5842
872 5848
873 5854
874 5860
875 5866
876 5872
877 5878
878 5884
879 5890
880 5896
881 5902
882 5908
883 5914
884 5920
885 5926
886 5932
887 5938
888 5944
889 5950
890 5956
891 5962
892 5968
893 5974
894 5980
895 5986
896 5992
897 5998
898 6004
899 6010
900 6016
901 6022
902 6028
903 6034
904 6040
905 6046
906 6052
907 6058
908 6064
909 6070
910 6076
911 6082
912 6088
913 6094
914 6100
915 6106
916 6112
917 6118
918 6124
919 6130
920 6136
921 6142
922 6148
923 6154
924 6160
925 6166
926 6172
927 6178
928 6184
929 6190
930 6196
931 6202
932 6208
933 6214
934 6220
935 6226
936 6232
937 6238
938 6244
939 6250
940 6256
941 6262
942 6268
943 6274
944 6280
945 6286
946 6292
947 6298
948 6304
949 6310
950 6316
951 6322
952 6328
953 6334
954 6340
955 6346
956 6352
957 6358
958 6364
959 6370
960 6376
961 6382
962 6388
963 6394
964 6400
965 6406
966 6412
967 6418
968 6424
969 6430
970 6436
971 6442
972 6448
973 6454
974 6460
975 6466
976 6472
977 6478
978 6484
979 6490
980 6496
981 6502
982 6508
983 6514
984 6520
985 6526
986 6532
987 6538
988 6544
989 6550
990 6556
991 6562
992 6567
993 6569
994 6575
995 6581
996 6587
997 6593
999 6600
1000 6606
1001 6612
1002 6618
1003 6624
1004 6630
1005 6636
1006 6642
1007 6648
1008 6654
1009 6660
1010 6666
1011 6672
1012 6678
1013 6684
1014 6691
1015 6697
1016 6703
1017 6709
1018 6715
1019 6721
1020 6727
1021 6733
1022 6738
1023 6744
1024 6750
1025 6756
1026 6762
1027 6768
1028 6774
1029 6780
1030 6786
1031 6792
1032 6798
1033 6804
1034 6810
1035 6816
1036 6822
1037 6828
1038 6834
1039 6840
1040 6846
1041 6852
1042 6858
1043 6864
1044 6870
1045 6876
1046 6882
1047 6888
1048 6894
1049 6900
1050 6906
1051 6912
1052 6918
1053 6924
1054 6930
1055 6936
1056 6942
1057 6948
1058 6954
1059 6960
1060 6966
1061 6972
1062 6978
1063 6985
1064 6991
1065 6997
1066 7003
1067 7009
1068 7015
1069 7021
1070 7027
1071 7033
1072 7039
1073 7045
1074 7051
1075 7057
1076 7063
1077 7069
1078 7075
1079 7080
1080 7086
1081 7092
1082 7098
1083 7104
1084 7110
1085 7116
1086 7122
1087 7128
1088 7134
1089 7140
1090 7146
1091 7152
1092 7158
1093 7164
1094 7170
1095 7176
1096 7182
1097 7188
1098 7194
1099 7200
1100 7206
1101 7212
1102 7218
1103 7224
1104 7230
1105 7236
1106 7242
1107 7248
1108 7254
1109 7260
1110 7266
1111 7272
1112 7278
1113 7284
1114 7290
1115 7296
1116 7302
1117 7308
1118 7314
1119 7320
1120 7326
1121 7332
1122 7338
1123 7344
1124 7350
1125 7356
1126 7362
1127 7368
1128 7374
1129 7380
1130 7386
1131 7392
1132 7398
1133 7404
1134 7410
1135 7416
1136 7422
1137 7428
1138 7434
1139 7440
1140 7446
1141 7452
1142 7458
1143 7464
1144 7470
1145 7476
1146 7482
1147 7488
1148 7494
1149 7500
1150 7506
1151 7512
1152 7518
1153 7524
1154 7530
1155 7536
1156 7542
1157 7548
1158 7554
1159 7560
1160 7566
1161 7572
1162 7578
1163 7584
1164 7590
1165 7596
1166 7602
1167 7608
1168 7614
1169 7620
1170 7626
1171 7632
1172 7638
1173 7644
1190 7645
1191 7649
1192 7655
1193 7661
1194 7667
1195 7673
1196 7679
1197 7685
1198 7691
1199 7697
1200 7703
1201 7706
1202 7712
1203 7718
1204 7724
1205 7730
1206 7736
1207 7742
1208 7748
1209 7754
1210 7761
1211 7767
1212 7773
1213 7779
1214 7785
1215 7791
1216 7797
1217 7803
1218 7809
1219 7815
1220 7821
1221 7827
1222 7833
1223 7839
1224 7845
1225 7851
1226 7857
1227 7863
1228 7869
1229 7875
1230 7881
1231 7887
1232 7893
1233 7899
1234 7905
1235 7911
1236 7917
1237 7923
1238 7929
1239 7935
1240 7941
1241 7947
1242 7953
1243 7958
1244 7964
1245 7970
1246 7976
1247 7982
1248 7988
1249 7994
1250 8000
1251 8007
1252 8013
1253 8019
1254 8025
1255 8031
1256 8037
1257 8043
1258 8049
1259 8055
1260 8061
1261 8067
1262 8073
1263 8079
1264 8085
1265 8091
1266 8097
1267 8102
1268 8108
1269 8114
1270 8120
1271 8126
1272 8132
1273 8138
1274 8144
1275 8150
1276 8156
1277 8162
1278 8168
1279 8174
1280 8180
1281 8186
1282 8192
1283 8198
1284 8204
1285 8210
1286 8216
1287 8222
1288 8228
1289 8234
1290 8240
1291 8246
1292 8253
1293 8259
1294 8265
1295 8271
1296 8277
1297 8283
1298 8289
1299 8295
1300 8300
1301 8306
1302 8312
1303 8318
1304 8324
1305 8330
1306 8336
1307 8342
1308 8348
1309 8354
1310 8360
1311 8366
1312 8372
1313 8378
1314 8384
1315 8390
1316 8396
1317 8402
1318 8408
1319 8414
1320 8420
1321 8426
1322 8432
1323 8438
1324 8444
1325 8450
1326 8455
1327 8459
1328 8465
1329 8471
1330 8477
1331 8483
1332 8489
1333 8495
1334 8501
1335 8507
1336 8513
1337 8519
1338 8525
1339 8531
1340 8537
1341 8543
1342 8549
1343 8555
1344 8561
1345 8567
1346 8573
1347 8579
1348 8585
1349 8592
1350 8598
1351 8604
1352 8610
1353 8616
1354 8622
1355 8628
1356 8634
1357 8640
1358 8646
1359 8652
1360 8658
1361 8664
1362 8670
1363 8676
1364 8682
1365 8687
1366 8693
1367 8699
1368 8705
1369 8711
1370 8717
1371 8723
1372 8729
1373 8735
1374 8742
1375 8748
1376 8754
1377 8760
1378 8766
1379 8772
1380 8778
1381 8784
1382 8790
1383 8796
1384 8802
1385 8808
1386 8814
1387 8820
1388 8826
1389 8832
1390 8838
1391 8844
1392 8850
1393 8856
1394 8862
1395 8868
1396 8874
1397 8880
1398 8886
1399 8892
1400 8898
1401 8904
1402 8910
1403 8916
1404 8922
1405 8928
1406 8934
1407 8940
1408 8946
1409 8952
1410 8958
1411 8964
1412 8970
1413 8976
1414 8982
1415 8988
1416 8994
1417 9000
1418 9006
1419 9012
1420 9018
1421 9024
1422 9030
1423 9036
1424 9042
1425 9048
1426 9054
1427 9060
1428 9066
1429 9072
1430 9078
1431 9084
1432 9090
1433 9096
1434 9102
1435 9108
1436 9114
1437 9120
1438 9126
1439 9132
1440 9138
1441 9144
1442 9150
1443 9156
1444 9162
1445 9168
1446 9174
1447 9180
1448 9186
1449 9192
1450 9198
1451 9204
1452 9210
1453 9216
1454 9222
1455 9228
1456 9234
1457 9240
1458 9246
1459 9252
1460 9258
1461 9264
1462 9270
1463 9276
1464 9282
1465 9288
1466 9294
1467 9300
1468 9306
1469 9312
1470 9318
1471 9324
1472 9330
1473 9336
1474 9342
1475 9348
1476 9354
1477 9360
1478 9366
1479 9372
1480 9378
1481 9384
1482 9390
1483 9396
1484 9402
1485 9408
1486 9414
1487 9420
1488 9426
1489 9432
1490 9438
1491 9444
1492 9450
1493 9456
1494 9462
1495 9468
1496 9474
1497 9480
1498 9486
1499 9492
1500 9498
1501 9504
1502 9510
1503 9516
1504 9522
1505 9527
1506 9531
1507 9537
1508 9543
1509 9549
1510 9555
1511 9561
1512 9567
1513 9573
1514 9579
1515 9585
1516 9591
1517 9597
1518 9603
1519 9609
1520 9615
1521 9621
1522 9627
1523 9633
1524 9639
1525 9645
1526 9651
1527 9657
1528 9663
1529 9669
1530 9675
1531 9681
1532 9687
1533 9693
1534 9699
1535 9705
1536 9711
1537 9717
1538 9723
1539 9729
1540 9735
1541 9741
1542 9747
1543 9753
1544 9759
1545 9765
1546 9771
1547 9777
1548 9783
1549 9789
1550 9795
1551 9801
1552 9807
1553 9813
1554 9819
1555 9825
1556 9831
1557 9837
1558 9843
1559 9849
1560 9855
1561 9861
1562 9867
1563 9873
1564 9879
1565 9885
1566 9891
1567 9897
1568 9903
1569 9909
1570 9915
1571 9921
1572 9927
1573 9933
1574 9939
1575 9945
1576 9951
1577 9957
1578 9962
1579 9968
1580 9974
1581 9980
1582 9986
1583 9992
1584 9998
1585 10004
1586 10011
1587 10017
1588 10023
1589 10029
1590 10035
1591 10041
1592 10047
1593 10053
1594 10059
1595 10065
1596 10071
1597 10077
1598 10083
1599 10089
1600 10095
1601 10101
1602 10106
1603 10112
1604 10118
1605 10124
1606 10130
1607 10136
1608 10142
1609 10148
1610 10155
1611 10161
1612 10167
1613 10173
1614 10179
1615 10185
1616 10191
1617 10197
1618 10203
1619 10209
1620 10215
1621 10221
1622 10227
1623 10233
1624 10239
1625 10245
1626 10251
1627 10257
1628 10263
1629 10269
1630 10275
1631 10281
1632 10287
1633 10293
1634 10299
1635 10305
1636 10311
1637 10317
1638 10323
1639 10329
1640 10335
1641 10341
1642 10347
1643 10353
1644 10359
1645 10365
1646 10371
1647 10377
1648 10383
1649 10389
1650 10395
1651 10401
1652 10407
1653 10413
1654 10419
1655 10425
1656 10431
1657 10437
1658 10443
1659 10449
1660 10455
1661 10461
1662 10467
1663 10473
1664 10479
1665 10485
1666 10491
1667 10497
1668 10503
1669 10509
1670 10515
1671 10521
1672 10527
1673 10533
1674 10539
1675 10545
1676 10551
1677 10557
1678 10563
1679 10569
1680 10575
1681 10581
1682 10587
1683 10593
1684 10599
1685 10605
1686 10611
1687 10617
1688 10623
1689 10629
1690 10635
1691 10641
1692 10647
1693 10653
1694 10659
1695 10665
1696 10671
1697 10677
1698 10683
1699 10689
1700 10695
1701 10701
1702 10707
1703 10713
1704 10719
1705 10725
1706 10731
1707 10737
1708 10743
1709 10749
1710 10755
1711 10761
1712 10767
1713 10773
1714 10779
1715 10785
1716 10791
1717 10797
1718 10803
1719 10809
1720 10815
1721 10821
1722 10827
1723 10833
1724 10839
1725 10845
1726 10851
1727 10857
1728 10863
1729 10869
1730 10875
1731 10881
1732 10887
1733 10893
1734 10899
1735 10905
1736 10911
1737 10917
1738 10923
1739 10929
1740 10935
1741 10941
1742 10947
1743 10953
1744 10959
1745 10965
1746 10971
1747 10977
1748 10983
1749 10989
1750 10995
1751 11001
1752 11007
1753 11013
1754 11019
1755 11025
1756 11031
1757 11037
1758 11043
1759 11049
1760 11055
1761 11061
1762 11067
1763 11073
1764 11079
1765 11085
1766 11091
1767 11097
1768 11103
1769 11109
1770 11115
1771 11121
1772 11127
1773 11133
1774 11139
1775 11145
1776 11151
1777 11157
1778 11163
1779 11169
1780 11175
1781 11181
1782 11187
1783 11193
1784 11199
1785 11205
1786 11211
1787 11217
1788 11223
1789 11229
1790 11235
1791 11241
1792 11247
1793 11253
1794 11259
1795 11265
1796 11271
1797 11277
1798 11283
1799 11289
1800 11295
1801 11301
1802 11307
1803 11313
1804 11319
1805 11325
1806 11331
1807 11337
1808 11343
1809 11349
1810 11355
1811 11361
1812 11367
1813 11373
1814 11379
1815 11385
1816 11391
1817 11397
1818 11403
1819 11409
1820 11415
1821 11421
1822 11427
1823 11433
1824 11439
1825 11445
1826 11451
1827 11457
1828 11463
1829 11469
1830 11475
1831 11481
1832 11487
1833 11493
1834 11499
1835 11505
1836 11511
1837 11517
1838 11523
1839 11529
1840 11535
1841 11541
1842 11547
1843 11553
1844 11559
1845 11565
1846 11571
1847 11577
1848 11583
1870 11589
1871 11595
1872 11601
1873 11607
1874 11613
1875 11619
1876 11625
1877 11631
1878 11637
1879 11643
1880 11649
1881 11655
1882 11661
1883 11667
1884 11673
1885 11679
1886 11685
1887 11691
1888 11697
1889 11703
1890 11709
1891 11715
1892 11721
1893 11727
1894 11733
1895 11739
1896 11745
1897 11751
1898 11757
1899 11763
1900 11769
1901 11775
1902 11781
1903 11787
1904 11793
1905 11799
1906 11805
1907 11811
1908 11817
1909 11823
1910 11829
1911 11835
1912 11841
1913 11847
1914 11853
1915 11859
1916 11865
1917 11871
1918 11877
1919 11883
1920 11889
1921 11895
1922 11901
1923 11907
1924 11913
1925 11919
1926 11925
1927 11931
1928 11937
1929 11943
1930 11949
1931 11955
1932 11961
1933 11967
1934 11973
1935 11979
1936 11985
1937 11991
1938 11997
1939 12003
1940 12009
1941 12015
1942 12021
1943 12027
1944 12033
1945 12039
1946 12045
1947 12051
1948 12057
1949 12063
1950 12069
1951 12075
1952 12081
1953 12087
1954 12093
1955 12099
1956 12105
1957 12111
1958 12117
1959 12123
1960 12129
1961 12135
1962 12141
1963 12147
1964 12153
1965 12159
1966 12165
1967 12171
1968 12177
1969 12183
1970 12189
1971 12195
1972 12201
1973 12207
1974 12213
1975 12219
1976 12225
1977 12231
1978 12237
1979 12243
1980 12249
1981 12255
1982 12261
1983 12267
1984 12273
1985 12279
1986 12285
1987 12291
1988 12297
1989 12303
1990 12309
1991 12315
1992 12321
1993 12327
1994 12333
1995 12339
1996 12345
1997 12351
1998 12357
1999 12363
2000 12369
2001 12375
2002 12381
2003 12387
2004 12393
2005 12399
2006 12405
2007 12411
2008 12417
2009 12423
2010 12429
2011 12435
2012 12441
2013 12447
2014 12453
2015 12459
2016 12465
2017 12471
2018 12477
2019 12483
2020 12489
2021 12495
2022 12501
2023 12507
2024 12513
2025 12519
2026 12525
2027 12531
2028 12537
2029 12543
2030 12549
2031 12555
2032 12561
2033 12567
2034 12573
2035 12579
2036 12585
2037 12591
2038 12597
2039 12603
2040 12609
2041 12615
2042 12621
2043 12627
2044 12633
2045 12639
2046 12645
2047 12651
2048 12657
2049 12663
2050 12669
2051 12675
2052 12681
2053 12687
2054 12693
2055 12699
2056 12705
2057 12711
2058 12717
2059 12723
2060 12729
2061 12735
2062 12741
2063 12747
2064 12753
2065 12759
2066 12765
2067 12771
2068 12777
2069 12783
2070 12789
2071 12795
2072 12801
2073 12807
2074 12810
2075 12815
2076 12821
2077 12827
2078 12833
2079 12839
2080 12845
2081 12851
2082 12857
2083 12863
2084 12869
2085 12875
2086 12881
2087 12887
2088 12893
2089 12899
2090 12905
2091 12908
2092 12914
2093 12920
2094 12926
2095 12932
2096 12938
2097 12944
2098 12950
2099 12956
2100 12962
2101 12968
2102 12974
2103 12980
2104 12986
2105 12992
2106 12998
2107 13004
2108 13010
2109 13016
2110 13022
2111 13028
2112 13034
2113 13040
2114 13046
2115 13052
2116 13058
2117 13064
2118 13070
2119 13076
2120 13082
2121 13088
2122 13094
2123 13100
2124 13106
2125 13112
2126 13118
2127 13124
2128 13130
2129 13136
2130 13142
2131 13148
2132 13154
2133 13160
2134 13166
2135 13172
2136 13178
2137 13184
2138 13190
2139 13196
2140 13202
2141 13208
2142 13214
2143 13220
2144 13226
2145 13232
2146 13238
2147 13244
2148 13250
2149 13256
2150 13262
2151 13268
2152 13274
2153 13280
2154 13286
2155 13292
2156 13298
2157 13304
2158 13310
2159 13316
2160 13322
2161 13328
2162 13334
2163 13340
2164 13346
2165 13352
2166 13358
2167 13364
2168 13370
2169 13376
2170 13382
2171 13388
2172 13394
2173 13400
2174 13406
2175 13412
2176 13418
2177 13424
2178 13430
2179 13436
2180 13442
2181 13448
2182 13454
2183 13460
2184 13466
2185 13472
2186 13478
2187 13484
2188 13490
2189 13496
2190 13502
2191 13508
2192 13514
2193 13520
2194 13526
2195 13532
2196 13538
2197 13544
2198 13550
2199 13556
2200 13562
2201 13568
2202 13574
2203 13580
2204 13586
2205 13592
2206 13598
2207 13604
2208 13610
2209 13616
2210 13622
2211 13628
2212 13634
2213 13640
2214 13646
2215 13652
2216 13658
2217 13664
2218 13670
2219 13676
2220 13682
2221 13688
2222 13694
2223 13700
2224 13706
2225 13712
2226 13718
2227 13724
2228 13730
2229 13736
2230 13742
2231 13748
2232 13754
2233 13760
2234 13766
2235 13772
2236 13778
2237 13784
2238 13790
2239 13796
2240 13802
2241 13808
2242 13814
2243 13820
2244 13826
2245 13832
2246 13838
2247 13844
2248 13850
2249 13856
2250 13862
2251 13868
2252 13874
2253 13880
2254 13886
2255 13892
2256 13898
2257 13904
2258 13910
2259 13916
2260 13922
2261 13928
2262 13934
2263 13940
2264 13946
2265 13952
2266 13958
2267 13964
2268 13967
2269 13973
2270 13979
2271 13985
2272 13988
2273 13994
2274 14000
2275 14006
2276 14012
2277 14018
2278 14024
2279 14027
2280 14033
2281 14039
2282 14045
2283 14051
2284 14057
2285 14063
2286 14069
2287 14075
2288 14081
2289 14087
2290 14093
2291 14099
2292 14105
2293 14111
2294 14117
2295 14122
2296 14123
2297 14124
2298 14125
2299 14126
2300 14130
2301 14136
2302 14139
2303 14145
2304 14151
2305 14157
2306 14163
2307 14169
2308 14175
2309 14181
2310 14187
2311 14193
2312 14199
2313 14205
2314 14211
2315 14217
2316 14223
2317 14229
2318 14235
2319 14241
2320 14247
2321 14253
2322 14259
2323 14265
2324 14271
2325 14277
2326 14283
2327 14289
2328 14295
2329 14301
2330 14307
2331 14313
2332 14319
2333 14325
2334 14331
2335 14337
2336 14343
2337 14349
2338 14355
2339 14361
2340 14367
2341 14373
2342 14379
2343 14385
2344 14391
2345 14397
2346 14403
2347 14409
2348 14415
2349 14421
2350 14427
2351 14433
2352 14439
2353 14445
2354 14451
2355 14457
2356 14463
2357 14469
2358 14475
2359 14481
2360 14487
2361 14493
2362 14499
2363 14505
2364 14511
2365 14517
2366 14523
2367 14529
2368 14535
2369 14541
2370 14547
2371 14553
2372 14559
2373 14565
2374 14571
2375 14577
2376 14583
2377 14589
2378 14595
2379 14601
2380 14607
2381 14613
2382 14619
2383 14625
2384 14631
2385 14637
2386 14643
2387 14649
2388 14655
2389 14661
2390 14667
2391 14673
2392 14679
2393 14685
2394 14691
2395 14697
2396 14703
2397 14709
2398 14715
2399 14721
2400 14727
2401 14733
2402 14739
2403 14745
2404 14751
2405 14757
2406 14763
2407 14769
2408 14775
2409 14781
2410 14787
2411 14793
2412 14799
2413 14805
2414 14811
2415 14817
2416 14823
2417 14829
2418 14835
2419 14841
2420 14847
2421 14853
2422 14859
2423 14865
2424 14871
2425 14877
2426 14883
2427 14889
2428 14895
2429 14901
2430 14907
2431 14913
2432 14919
2433 14925
2434 14931
2435 14937
2436 14943
2437 14949
2438 14955
2439 14961
2440 14967
2441 14973
2442 14979
2443 14985
2444 14991
2445 14997
2446 15003
2447 15009
2448 15015
2449 15021
2450 15027
2451 15033
2452 15039
2453 15045
2454 15051
2455 15057
2456 15063
2457 15069
2458 15075
2459 15081
2460 15087
2461 15093
2462 15099
2463 15105
2464 15111
2465 15117
2466 15123
2467 15129
2468 15135
2469 15141
2470 15147
2471 15153
2472 15159
2473 15165
2474 15171
2475 15177
2476 15183
2477 15189
2478 15195
2479 15201
2480 15207
2481 15213
2482 15219
2483 15225
2484 15231
2485 15237
2486 15243
2487 15249
2488 15255
2489 15261
2490 15267
2491 15273
2492 15279
2493 15285
2494 15291
2495 15297
2496 15303
2497 15309
2498 15315
2499 15321
2500 15327
2501 15333
2502 15339
2503 15345
2504 15351
2505 15357
2506 15363
2507 15369
2508 15375
2509 15381
2510 15387
2511 15393
2512 15399
2513 15405
2514 15411
2515 15417
2516 15423
2517 15429
2518 15435
2519 15441
2520 15447
2521 15453
2522 15459
2523 15465
2524 15471
2525 15477
2526 15483
2527 15489
2528 15495
2529 15501
2530 15507
2531 15513
2532 15519
2533 15525
2534 15531
2535 15537
2536 15543
2537 15549
2538 15555
2539 15561
2540 15567
2541 15573
2542 15579
2543 15585
2544 15591
2545 15597
2546 15603
2547 15609
2548 15615
2549 15621
2550 15627
2551 15633
2552 15639
2553 15645
2554 15651
2555 15657
2556 15663
2557 15669
2558 15675
2559 15681
2560 15687
2561 15693
2562 15699
2563 15705
2564 15711
2565 15717
2566 15723
2567 15729
2568 15735
2569 15741
2570 15747
2571 15753
2572 15759
2573 15765
2574 15771
2575 15777
2576 15783
2577 15789
2578 15795
2579 15801
2580 15807
2581 15813
2582 15819
2583 15825
2584 15831
2585 15837
2586 15843
2587 15849
2588 15855
2589 15861
2590 15867
2591 15873
2592 15879
2593 15885
2594 15891
2595 15897
2596 15903
2597 15909
2598 15915
2599 15921
2600 15927
2601 15933
2602 15939
2603 15945
2604 15951
2605 15957
2606 15963
2607 15969
2608 15975
2609 15981
2610 15987
2611 15993
2612 15999
2613 16005
2614 16011
2615 16017
2616 16023
2617 16029
2618 16035
2619 16041
2620 16047
2621 16053
2622 16059
2623 16065
2624 16071
2625 16077
2626 16083
2627 16089
2628 16095
2629 16101
2630 16107
2631 16113
2632 16119
2633 16125
2634 16131
2635 16137
2636 16143
2637 16149
2638 16155
2639 16161
2640 16167
2641 16173
2642 16179
2643 16185
2644 16191
2645 16197
2646 16203
2647 16209
2648 16215
2649 16221
2650 16227
2651 16233
2652 16239
2653 16245
2654 16251
2655 16257
2656 16263
2657 16269
2658 16275
2659 16281
2660 16287
2661 16293
2662 16299
2663 16305
2664 16311
2665 16317
2666 16323
2667 16329
2668 16335
2669 16341
2670 16347
2671 16353
2672 16359
2673 16365
2674 16371
2675 16377
2676 16383
2677 16389
2678 16395
2679 16401
2680 16407
2681 16413
2682 16419
2683 16425
2684 16431
2685 16437
2686 16443
2687 16449
2688 16455
2689 16461
2690 16467
2691 16473
2692 16479
2693 16485
2694 16491
2695 16497
2696 16503
2697 16509
2698 16515
2699 16521
2700 16527
2701 16533
2702 16539
