0 949
1 955
2 961
3 967
4 973
5 979
6 985
7 991
8 997
9 1003
10 1009
11 1015
12 1021
13 1027
14 1033
15 1039
16 1045
17 1051
18 1057
19 1063
20 1069
21 1075
22 1081
23 1087
24 1093
25 1099
26 1105
27 1111
28 1117
29 1123
30 1129
31 1135
32 1141
33 1147
34 1153
35 1159
36 1165
37 1171
38 1177
39 1183
40 1189
41 1195
42 1201
43 1207
44 1213
45 1219
46 1225
47 1231
48 1237
49 1243
50 1249
51 1255
52 1261
53 1267
54 1273
55 1279
56 1285
57 1291
58 1297
59 1303
60 1309
61 1315
62 1321
63 1327
64 1333
65 1339
66 1345
67 1351
68 1357
69 1363
70 1369
71 1375
72 1381
73 1387
74 1393
75 1399
76 1405
77 1411
78 1417
79 1423
80 1429
81 1435
82 1441
83 1447
84 1453
85 1459
86 1465
87 1471
88 1477
89 1483
90 1489
91 1495
92 1501
93 1507
94 1513
95 1519
96 1525
97 1531
98 1537
99 1543
100 1549
101 1555
102 1561
103 1567
104 1573
105 1579
106 1585
107 1591
108 1597
109 1603
110 1609
111 1615
112 1621
113 1627
114 1633
115 1639
116 1645
117 1651
118 1657
119 1663
120 1669
121 1675
122 1681
123 1687
124 1693
125 1699
126 1705
127 1711
128 1717
129 1723
130 1729
131 1735
132 1741
133 1747
134 1753
135 1759
136 1765
137 1771
138 1777
139 1783
140 1789
141 1795
142 1801
143 1807
144 1813
145 1819
146 1825
147 1831
148 1837
149 1843
150 1849
151 1855
152 1861
153 1867
154 1873
155 1879
156 1885
157 1891
158 1897
159 1903
160 1909
161 1915
162 1921
163 1927
164 1933
165 1939
166 1945
167 1951
168 1957
169 1963
170 1969
171 1975
172 1981
173 1987
174 1993
175 1999
176 2005
177 2011
178 2017
179 2023
180 2029
181 2035
182 2041
183 2047
184 2053
185 2059
186 2065
187 2071
188 2077
189 2083
190 2089
191 2095
192 2101
193 2107
194 2113
195 2119
196 2125
197 2131
198 2137
199 2143
200 2149
201 2155
202 2161
203 2167
204 2173
205 2179
206 2185
207 2191
208 2197
209 2203
210 2209
211 2215
212 2221
213 2227
214 2233
215 2239
216 2245
217 2251
218 2257
219 2263
220 2269
221 2275
222 2281
223 2287
224 2293
225 2299
226 2305
227 2311
228 2317
229 2323
230 2329
231 2335
232 2341
233 2347
234 2353
235 2359
236 2365
237 2371
238 2377
239 2383
240 2389
241 2395
242 2401
243 2407
244 2413
245 2419
246 2425
247 2431
248 2437
249 2443
250 2449
251 2455
252 2461
253 2467
254 2473
255 2479
256 2485
257 2491
258 2497
259 2503
260 2509
261 2515
262 2521
263 2527
264 2533
265 2539
266 2545
267 2551
268 2557
269 2563
270 2569
271 2575
272 2581
273 2587
274 2593
275 2599
276 2605
277 2611
278 2617
279 2623
280 2629
281 2635
282 2641
283 2647
284 2653
285 2659
286 2665
287 2671
288 2677
289 2683
290 2689
291 2695
292 2701
293 2707
294 2713
295 2719
296 2725
297 2731
298 2737
299 2743
300 2749
301 2755
302 2761
303 2767
304 2773
305 2779
306 2785
307 2791
308 2797
309 2803
310 2809
311 2815
312 2821
313 2827
314 2833
315 2839
316 2845
317 2851
318 2857
319 2863
320 2869
321 2875
322 2881
323 2887
324 2893
325 2899
326 2905
327 2911
328 2917
329 2923
330 2929
331 2935
332 2941
333 2947
334 2953
335 2959
336 2965
337 2971
338 2977
339 2983
340 2989
341 2995
342 3001
343 3007
344 3013
345 3019
346 3025
347 3031
348 3037
349 3043
350 3049
351 3055
352 3061
353 3067
354 3073
355 3079
356 3085
357 3091
358 3097
359 3103
360 3109
361 3115
362 3121
363 3127
364 3133
365 3139
366 3145
367 3151
368 3157
369 3163
370 3169
371 3175
372 3181
373 3187
374 3193
375 3199
376 3205
377 3211
378 3217
379 3223
380 3229
381 3235
382 3241
383 3247
384 3253
385 3259
386 3265
387 3271
388 3277
389 3283
390 3289
391 3295
392 3301
393 3307
394 3313
395 3319
396 3325
397 3331
398 3337
399 3343
400 3349
401 3355
402 3361
403 3367
404 3373
405 3379
406 3385
407 3391
408 3397
409 3403
410 3409
411 3415
412 3421
413 3427
414 3433
415 3439
416 3445
417 3451
418 3457
419 3463
420 3469
421 3475
422 3481
423 3487
424 3493
425 3499
426 3505
427 3511
428 3517
429 3523
430 3529
431 3535
432 3541
433 3547
434 3553
435 3559
436 3565
437 3571
438 3577
439 3583
440 3589
441 3595
442 3601
443 3607
444 3613
445 3619
446 3625
447 3631
448 3637
449 3643
450 3649
451 3655
452 3661
453 3667
454 3673
455 3679
456 3685
457 3691
458 3697
459 3703
460 3709
461 3715
462 3721
463 3727
464 3733
465 3739
466 3745
467 3751
468 3757
469 3763
470 3769
471 3775
472 3781
473 3787
474 3793
475 3799
476 3805
477 3811
478 3817
479 3823
480 3829
481 3835
482 3841
483 3847
484 3853
485 3859
486 3865
487 3871
488 3877
489 3883
490 3889
491 3895
492 3901
493 3907
494 3913
495 3919
496 3925
497 3931
498 3937
499 3943
500 3949
501 3955
502 3961
503 3967
504 3973
505 3979
506 3985
507 3991
508 3997
509 4003
510 4009
511 4015
512 4021
513 4027
514 4033
515 4039
516 4045
517 4051
518 4057
519 4063
520 4069
521 4075
522 4081
523 4087
524 4093
525 4099
526 4105
527 4111
528 4117
529 4123
530 4129
531 4135
532 4141
533 4147
534 4153
535 4159
536 4165
537 4171
538 4177
539 4183
540 4189
541 4195
542 4201
543 4207
544 4213
545 4219
546 4225
547 4231
548 4237
549 4243
550 4249
551 4255
552 4261
553 4267
554 4273
555 4279
556 4285
557 4291
558 4297
559 4303
560 4309
561 4315
562 4321
563 4327
564 4333
565 4339
566 4345
567 4351
568 4357
569 4363
570 4369
571 4375
572 4381
573 4387
574 4393
575 4399
576 4405
577 4411
578 4417
579 4423
580 4429
581 4435
582 4441
583 4447
584 4453
585 4459
586 4465
587 4471
588 4477
589 4483
590 4489
591 4495
592 4501
593 4507
594 4513
595 4519
596 4525
597 4531
598 4537
599 4543
600 4549
601 4555
602 4561
603 4567
604 4573
605 4579
606 4585
607 4591
608 4597
609 4603
610 4609
611 4615
612 4621
613 4627
614 4633
615 4639
616 4645
617 4651
618 4657
619 4663
620 4669
621 4675
622 4681
623 4687
624 4693
625 4699
626 4705
627 4711
628 4717
629 4723
630 4729
631 4735
632 4741
633 4747
634 4753
635 4759
636 4765
637 4771
638 4777
639 4783
640 4789
641 4795
642 4801
643 4807
644 4813
645 4819
646 4825
647 4831
648 4837
649 4843
650 4849
651 4855
652 4856
653 4862
654 4868
655 4874
661 4877
662 4881
663 4884
664 4890
665 4895
666 4901
667 4904
668 4907
669 4913
670 4919
671 4925
672 4931
673 4937
674 4943
675 4949
676 4955
677 4961
678 4967
679 4973
680 4979
681 4985
682 4991
683 4997
684 5003
685 5009
686 5015
687 5021
688 5027
689 5033
690 5039
691 5045
692 5051
693 5057
694 5063
695 5069
696 5075
697 5081
698 5087
699 5093
700 5099
701 5105
702 5111
703 5117
704 5123
705 5129
706 5135
707 5141
708 5147
709 5153
710 5159
711 5165
712 5171
713 5177
714 5183
715 5189
716 5195
717 5201
718 5207
719 5213
720 5219
721 5225
722 5231
723 5237
724 5243
725 5249
726 5255
727 5261
728 5267
729 5273
730 5279
731 5285
732 5291
733 5297
734 5303
735 5309
736 5315
737 5321
738 5327
739 5333
740 5339
741 5345
742 5351
743 5357
744 5363
745 5369
746 5375
747 5381
748 5387
749 5393
750 5399
751 5405
752 5411
753 5417
754 5423
755 5429
756 5435
757 5441
758 5447
759 5453
760 5459
761 5465
762 5471
763 5477
764 5483
765 5489
766 5495
767 5501
768 5507
769 5513
770 5519
771 5525
772 5531
773 5537
774 5543
775 5549
776 5555
777 5561
778 5567
779 5573
780 5579
781 5585
782 5591
783 5597
784 5603
785 5609
786 5615
787 5621
788 5627
789 5633
790 5639
791 5645
792 5651
793 5657
794 5663
795 5669
796 5675
797 5681
798 5687
799 5693
800 5699
803 5704
806 5705
807 5710
809 5714
810 5719
811 5725
812 5731
813 5737
814 5743
815 5749
816 5755
817 5761
818 5767
819 5773
820 5779
821 5785
822 5791
823 5797
824 5803
825 5809
826 5815
827 5821
828 5827
829 5833
830 5839
831 5842
832 5848
833 5854
834 5860
835 5866
836 5872
837 5878
838 5884
839 5890
840 5896
841 5902
842 5908
843 5914
844 5920
845 5926
846 5932
847 5938
848 5944
849 5950
850 5956
851 5962
852 5968
853 5974
854 5980
855 5986
856 5992
857 5998
858 6004
859 6010
860 6016
861 6022
862 6028
863 6034
864 6040
865 6046
866 6052
867 6058
868 6064
869 6070
870 6076
871 6082
872 6088
873 6094
874 6100
875 6106
876 6112
877 6118
878 6124
879 6130
880 6136
881 6142
882 6148
883 6154
884 6160
885 6166
886 6172
887 6178
888 6184
889 6190
890 6196
891 6202
892 6208
893 6214
894 6220
895 6226
896 6232
897 6238
898 6244
899 6250
900 6256
901 6262
902 6268
903 6274
904 6280
905 6286
906 6292
907 6298
908 6304
909 6310
910 6316
911 6322
912 6328
913 6334
914 6340
915 6346
916 6352
917 6358
918 6364
919 6370
920 6376
921 6382
922 6388
923 6394
924 6400
925 6406
926 6412
927 6418
928 6424
929 6430
930 6436
931 6442
932 6448
933 6454
934 6460
935 6466
936 6472
937 6478
938 6484
939 6490
940 6496
941 6502
942 6508
943 6514
944 6520
945 6526
946 6532
947 6538
948 6544
949 6550
950 6556
951 6562
952 6567
953 6569
954 6575
955 6581
956 6587
957 6593
959 6600
960 6606
961 6612
962 6618
963 6624
964 6630
965 6636
966 6642
967 6648
968 6654
969 6660
970 6666
971 6672
972 6678
973 6684
974 6691
975 6697
976 6703
977 6709
978 6715
979 6721
980 6727
981 6733
982 6738
983 6744
984 6750
985 6756
986 6762
987 6768
988 6774
989 6780
990 6786
991 6792
992 6798
993 6804
994 6810
995 6816
996 6822
997 6828
998 6834
999 6840
1000 6846
1001 6852
1002 6858
1003 6864
1004 6870
1005 6876
1006 6882
1007 6888
1008 6894
1009 6900
1010 6906
1011 6912
1012 6918
1013 6924
1014 6930
1015 6936
1016 6942
1017 6948
1018 6954
1019 6960
1020 6966
1021 6972
1022 6978
1023 6985
1024 6991
1025 6997
1026 7003
1027 7009
1028 7015
1029 7021
1030 7027
1031 7033
1032 7039
1033 7045
1034 7051
1035 7057
1036 7063
1037 7069
1038 7075
1039 7080
1040 7086
1041 7092
1042 7098
1043 7104
1044 7110
1045 7116
1046 7122
1047 7128
1048 7134
1049 7140
1050 7146
1051 7152
1052 7158
1053 7164
1054 7170
1055 7176
1056 7182
1057 7188
1058 7194
1059 7200
1060 7206
1061 7212
1062 7218
1063 7224
1064 7230
1065 7236
1066 7242
1067 7248
1068 7254
1069 7260
1070 7266
1071 7272
1072 7278
1073 7284
1074 7290
1075 7296
1076 7302
1077 7308
1078 7314
1079 7320
1080 7326
1081 7332
1082 7338
1083 7344
1084 7350
1085 7356
1086 7362
1087 7368
1088 7374
1089 7380
1090 7386
1091 7392
1092 7398
1093 7404
1094 7410
1095 7416
1096 7422
1097 7428
1098 7434
1099 7440
1100 7446
1101 7452
1102 7458
1103 7464
1104 7470
1105 7476
1106 7482
1107 7488
1108 7494
1109 7500
1110 7506
1111 7512
1112 7518
1113 7524
1114 7530
1115 7536
1116 7542
1117 7548
1118 7554
1119 7560
1120 7566
1121 7572
1122 7578
1123 7584
1124 7590
1125 7596
1126 7602
1127 7608
1128 7614
1129 7620
1130 7626
1131 7632
1132 7638
1133 7644
1150 7645
1151 7649
1152 7655
1153 7661
1154 7667
1155 7673
1156 7679
1157 7685
1158 7691
1159 7697
1160 7703
1161 7706
1162 7712
1163 7718
1164 7724
1165 7730
1166 7736
1167 7742
1168 7748
1169 7754
1170 7761
1171 7767
1172 7773
1173 7779
1174 7785
1175 7791
1176 7797
1177 7803
1178 7809
1179 7815
1180 7821
1181 7827
1182 7833
1183 7839
1184 7845
1185 7851
1186 7857
1187 7863
1188 7869
1189 7875
1190 7881
1191 7887
1192 7893
1193 7899
1194 7905
1195 7911
1196 7917
1197 7923
1198 7929
1199 7935
1200 7941
1201 7947
1202 7953
1203 7958
1204 7964
1205 7970
1206 7976
1207 7982
1208 7988
1209 7994
1210 8000
1211 8007
1212 8013
1213 8019
1214 8025
1215 8031
1216 8037
1217 8043
1218 8049
1219 8055
1220 8061
1221 8067
1222 8073
1223 8079
1224 8085
1225 8091
1226 8097
1227 8102
1228 8108
1229 8114
1230 8120
1231 8126
1232 8132
1233 8138
1234 8144
1235 8150
1236 8156
1237 8162
1238 8168
1239 8174
1240 8180
1241 8186
1242 8192
1243 8198
1244 8204
1245 8210
1246 8216
1247 8222
1248 8228
1249 8234
1250 8240
1251 8246
1252 8253
1253 8259
1254 8265
1255 8271
1256 8277
1257 8283
1258 8289
1259 8295
1260 8300
1261 8306
1262 8312
1263 8318
1264 8324
1265 8330
1266 8336
1267 8342
1268 8348
1269 8354
1270 8360
1271 8366
1272 8372
1273 8378
1274 8384
1275 8390
1276 8396
1277 8402
1278 8408
1279 8414
1280 8420
1281 8426
1282 8432
1283 8438
1284 8444
1285 8450
1286 8455
1287 8459
1288 8465
1289 8471
1290 8477
1291 8483
1292 8489
1293 8495
1294 8501
1295 8507
1296 8513
1297 8519
1298 8525
1299 8531
1300 8537
1301 8543
1302 8549
1303 8555
1304 8561
1305 8567
1306 8573
1307 8579
1308 8585
1309 8592
1310 8598
1311 8604
1312 8610
1313 8616
1314 8622
1315 8628
1316 8634
1317 8640
1318 8646
1319 8652
1320 8658
1321 8664
1322 8670
1323 8676
1324 8682
1325 8687
1326 8693
1327 8699
1328 8705
1329 8711
1330 8717
1331 8723
1332 8729
1333 8735
1334 8742
1335 8748
1336 8754
1337 8760
1338 8766
1339 8772
1340 8778
1341 8784
1342 8790
1343 8796
1344 8802
1345 8808
1346 8814
1347 8820
1348 8826
1349 8832
1350 8838
1351 8844
1352 8850
1353 8856
1354 8862
1355 8868
1356 8874
1357 8880
1358 8886
1359 8892
1360 8898
1361 8904
1362 8910
1363 8916
1364 8922
1365 8928
1366 8934
1367 8940
1368 8946
1369 8952
1370 8958
1371 8964
1372 8970
1373 8976
1374 8982
1375 8988
1376 8994
1377 9000
1378 9006
1379 9012
1380 9018
1381 9024
1382 9030
1383 9036
1384 9042
1385 9048
1386 9054
1387 9060
1388 9066
1389 9072
1390 9078
1391 9084
1392 9090
1393 9096
1394 9102
1395 9108
1396 9114
1397 9120
1398 9126
1399 9132
1400 9138
1401 9144
1402 9150
1403 9156
1404 9162
1405 9168
1406 9174
1407 9180
1408 9186
1409 9192
1410 9198
1411 9204
1412 9210
1413 9216
1414 9222
1415 9228
1416 9234
1417 9240
1418 9246
1419 9252
1420 9258
1421 9264
1422 9270
1423 9276
1424 9282
1425 9288
1426 9294
1427 9300
1428 9306
1429 9312
1430 9318
1431 9324
1432 9330
1433 9336
1434 9342
1435 9348
1436 9354
1437 9360
1438 9366
1439 9372
1440 9378
1441 9384
1442 9390
1443 9396
1444 9402
1445 9408
1446 9414
1447 9420
1448 9426
1449 9432
1450 9438
1451 9444
1452 9450
1453 9456
1454 9462
1455 9468
1456 9474
1457 9480
1458 9486
1459 9492
1460 9498
1461 9504
1462 9510
1463 9516
1464 9522
1465 9527
1466 9531
1467 9537
1468 9543
1469 9549
1470 9555
1471 9561
1472 9567
1473 9573
1474 9579
1475 9585
1476 9591
1477 9597
1478 9603
1479 9609
1480 9615
1481 9621
1482 9627
1483 9633
1484 9639
1485 9645
1486 9651
1487 9657
1488 9663
1489 9669
1490 9675
1491 9681
1492 9687
1493 9693
1494 9699
1495 9705
1496 9711
1497 9717
1498 9723
1499 9729
1500 9735
1501 9741
1502 9747
1503 9753
1504 9759
1505 9765
1506 9771
1507 9777
1508 9783
1509 9789
1510 9795
1511 9801
1512 9807
1513 9813
1514 9819
1515 9825
1516 9831
1517 9837
1518 9843
1519 9849
1520 9855
1521 9861
1522 9867
1523 9873
1524 9879
1525 9885
1526 9891
1527 9897
1528 9903
1529 9909
1530 9915
1531 9921
1532 9927
1533 9933
1534 9939
1535 9945
1536 9951
1537 9957
1538 9962
1539 9968
1540 9974
1541 9980
1542 9986
1543 9992
1544 9998
1545 10004
1546 10011
1547 10017
1548 10023
1549 10029
1550 10035
1551 10041
1552 10047
1553 10053
1554 10059
1555 10065
1556 10071
1557 10077
1558 10083
1559 10089
1560 10095
1561 10101
1562 10106
1563 10112
1564 10118
1565 10124
1566 10130
1567 10136
1568 10142
1569 10148
1570 10155
1571 10161
1572 10167
1573 10173
1574 10179
1575 10185
1576 10191
1577 10197
1578 10203
1579 10209
1580 10215
1581 10221
1582 10227
1583 10233
1584 10239
1585 10245
1586 10251
1587 10257
1588 10263
1589 10269
1590 10275
1591 10281
1592 10287
1593 10293
1594 10299
1595 10305
1596 10311
1597 10317
1598 10323
1599 10329
1600 10335
1601 10341
1602 10347
1603 10353
1604 10359
1605 10365
1606 10371
1607 10377
1608 10383
1609 10389
1610 10395
1611 10401
1612 10407
1613 10413
1614 10419
1615 10425
1616 10431
1617 10437
1618 10443
1619 10449
1620 10455
1621 10461
1622 10467
1623 10473
1624 10479
1625 10485
1626 10491
1627 10497
1628 10503
1629 10509
1630 10515
1631 10521
1632 10527
1633 10533
1634 10539
1635 10545
1636 10551
1637 10557
1638 10563
1639 10569
1640 10575
1641 10581
1642 10587
1643 10593
1644 10599
1645 10605
1646 10611
1647 10617
1648 10623
1649 10629
1650 10635
1651 10641
1652 10647
1653 10653
1654 10659
1655 10665
1656 10671
1657 10677
1658 10683
1659 10689
1660 10695
1661 10701
1662 10707
1663 10713
1664 10719
1665 10725
1666 10731
1667 10737
1668 10743
1669 10749
1670 10755
1671 10761
1672 10767
1673 10773
1674 10779
1675 10785
1676 10791
1677 10797
1678 10803
1679 10809
1680 10815
1681 10821
1682 10827
1683 10833
1684 10839
1685 10845
1686 10851
1687 10857
1688 10863
1689 10869
1690 10875
1691 10881
1692 10887
1693 10893
1694 10899
1695 10905
1696 10911
1697 10917
1698 10923
1699 10929
1700 10935
1701 10941
1702 10947
1703 10953
1704 10959
1705 10965
1706 10971
1707 10977
1708 10983
1709 10989
1710 10995
1711 11001
1712 11007
1713 11013
1714 11019
1715 11025
1716 11031
1717 11037
1718 11043
1719 11049
1720 11055
1721 11061
1722 11067
1723 11073
1724 11079
1725 11085
1726 11091
1727 11097
1728 11103
1729 11109
1730 11115
1731 11121
1732 11127
1733 11133
1734 11139
1735 11145
1736 11151
1737 11157
1738 11163
1739 11169
1740 11175
1741 11181
1742 11187
1743 11193
1744 11199
1745 11205
1746 11211
1747 11217
1748 11223
1749 11229
1750 11235
1751 11241
1752 11247
1753 11253
1754 11259
1755 11265
1756 11271
1757 11277
1758 11283
1759 11289
1760 11295
1761 11301
1762 11307
1763 11313
1764 11319
1765 11325
1766 11331
1767 11337
1768 11343
1769 11349
1770 11355
1771 11361
1772 11367
1773 11373
1774 11379
1775 11385
1776 11391
1777 11397
1778 11403
1779 11409
1780 11415
1781 11421
1782 11427
1783 11433
1784 11439
1785 11445
1786 11451
1787 11457
1788 11463
1789 11469
1790 11475
1791 11481
1792 11487
1793 11493
1794 11499
1795 11505
1796 11511
1797 11517
1798 11523
1799 11529
1800 11535
1801 11541
1802 11547
1803 11553
1804 11559
1805 11565
1806 11571
1807 11577
1808 11583
1830 11589
1831 11595
1832 11601
1833 11607
1834 11613
1835 11619
1836 11625
1837 11631
1838 11637
1839 11643
1840 11649
1841 11655
1842 11661
1843 11667
1844 11673
1845 11679
1846 11685
1847 11691
1848 11697
1849 11703
1850 11709
1851 11715
1852 11721
1853 11727
1854 11733
1855 11739
1856 11745
1857 11751
1858 11757
1859 11763
1860 11769
1861 11775
1862 11781
1863 11787
1864 11793
1865 11799
1866 11805
1867 11811
1868 11817
1869 11823
1870 11829
1871 11835
1872 11841
1873 11847
1874 11853
1875 11859
1876 11865
1877 11871
1878 11877
1879 11883
1880 11889
1881 11895
1882 11901
1883 11907
1884 11913
1885 11919
1886 11925
1887 11931
1888 11937
1889 11943
1890 11949
1891 11955
1892 11961
1893 11967
1894 11973
1895 11979
1896 11985
1897 11991
1898 11997
1899 12003
1900 12009
1901 12015
1902 12021
1903 12027
1904 12033
1905 12039
1906 12045
1907 12051
1908 12057
1909 12063
1910 12069
1911 12075
1912 12081
1913 12087
1914 12093
1915 12099
1916 12105
1917 12111
1918 12117
1919 12123
1920 12129
1921 12135
1922 12141
1923 12147
1924 12153
1925 12159
1926 12165
1927 12171
1928 12177
1929 12183
1930 12189
1931 12195
1932 12201
1933 12207
1934 12213
1935 12219
1936 12225
1937 12231
1938 12237
1939 12243
1940 12249
1941 12255
1942 12261
1943 12267
1944 12273
1945 12279
1946 12285
1947 12291
1948 12297
1949 12303
1950 12309
1951 12315
1952 12321
1953 12327
1954 12333
1955 12339
1956 12345
1957 12351
1958 12357
1959 12363
1960 12369
1961 12375
1962 12381
1963 12387
1964 12393
1965 12399
1966 12405
1967 12411
1968 12417
1969 12423
1970 12429
1971 12435
1972 12441
1973 12447
1974 12453
1975 12459
1976 12465
1977 12471
1978 12477
1979 12483
1980 12489
1981 12495
1982 12501
1983 12507
1984 12513
1985 12519
1986 12525
1987 12531
1988 12537
1989 12543
1990 12549
1991 12555
1992 12561
1993 12567
1994 12573
1995 12579
1996 12585
1997 12591
1998 12597
1999 12603
2000 12609
2001 12615
2002 12621
2003 12627
2004 12633
2005 12639
2006 12645
2007 12651
2008 12657
2009 12663
2010 12669
2011 12675
2012 12681
2013 12687
2014 12693
2015 12699
2016 12705
2017 12711
2018 12717
2019 12723
2020 12729
2021 12735
2022 12741
2023 12747
2024 12753
2025 12759
2026 12765
2027 12771
2028 12777
2029 12783
2030 12789
2031 12795
2032 12801
2033 12807
2034 12810
2035 12815
2036 12821
2037 12827
2038 12833
2039 12839
2040 12845
2041 12851
2042 12857
2043 12863
2044 12869
2045 12875
2046 12881
2047 12887
2048 12893
2049 12899
2050 12905
2051 12908
2052 12914
2053 12920
2054 12926
2055 12932
2056 12938
2057 12944
2058 12950
2059 12956
2060 12962
2061 12968
2062 12974
2063 12980
2064 12986
2065 12992
2066 12998
2067 13004
2068 13010
2069 13016
2070 13022
2071 13028
2072 13034
2073 13040
2074 13046
2075 13052
2076 13058
2077 13064
2078 13070
2079 13076
2080 13082
2081 13088
2082 13094
2083 13100
2084 13106
2085 13112
2086 13118
2087 13124
2088 13130
2089 13136
2090 13142
2091 13148
2092 13154
2093 13160
2094 13166
2095 13172
2096 13178
2097 13184
2098 13190
2099 13196
2100 13202
2101 13208
2102 13214
2103 13220
2104 13226
2105 13232
2106 13238
2107 13244
2108 13250
2109 13256
2110 13262
2111 13268
2112 13274
2113 13280
2114 13286
2115 13292
2116 13298
2117 13304
2118 13310
2119 13316
2120 13322
2121 13328
2122 13334
2123 13340
2124 13346
2125 13352
2126 13358
2127 13364
2128 13370
2129 13376
2130 13382
2131 13388
2132 13394
2133 13400
2134 13406
2135 13412
2136 13418
2137 13424
2138 13430
2139 13436
2140 13442
2141 13448
2142 13454
2143 13460
2144 13466
2145 13472
2146 13478
2147 13484
2148 13490
2149 13496
2150 13502
2151 13508
2152 13514
2153 13520
2154 13526
2155 13532
2156 13538
2157 13544
2158 13550
2159 13556
2160 13562
2161 13568
2162 13574
2163 13580
2164 13586
2165 13592
2166 13598
2167 13604
2168 13610
2169 13616
2170 13622
2171 13628
2172 13634
2173 13640
2174 13646
2175 13652
2176 13658
2177 13664
2178 13670
2179 13676
2180 13682
2181 13688
2182 13694
2183 13700
2184 13706
2185 13712
2186 13718
2187 13724
2188 13730
2189 13736
2190 13742
2191 13748
2192 13754
2193 13760
2194 13766
2195 13772
2196 13778
2197 13784
2198 13790
2199 13796
2200 13802
2201 13808
2202 13814
2203 13820
2204 13826
2205 13832
2206 13838
2207 13844
2208 13850
2209 13856
2210 13862
2211 13868
2212 13874
2213 13880
2214 13886
2215 13892
2216 13898
2217 13904
2218 13910
2219 13916
2220 13922
2221 13928
2222 13934
2223 13940
2224 13946
2225 13952
2226 13958
2227 13964
2228 13967
2229 13973
2230 13979
2231 13985
2232 13988
2233 13994
2234 14000
2235 14006
2236 14012
2237 14018
2238 14024
2239 14027
2240 14033
2241 14039
2242 14045
2243 14051
2244 14057
2245 14063
2246 14069
2247 14075
2248 14081
2249 14087
2250 14093
2251 14099
2252 14105
2253 14111
2254 14117
2255 14122
2256 14123
2257 14124
2258 14125
2259 14126
2260 14130
2261 14136
2262 14139
2263 14145
2264 14151
2265 14157
2266 14163
2267 14169
2268 14175
2269 14181
2270 14187
2271 14193
2272 14199
2273 14205
2274 14211
2275 14217
2276 14223
2277 14229
2278 14235
2279 14241
2280 14247
2281 14253
2282 14259
2283 14265
2284 14271
2285 14277
2286 14283
2287 14289
2288 14295
2289 14301
2290 14307
2291 14313
2292 14319
2293 14325
2294 14331
2295 14337
2296 14343
2297 14349
2298 14355
2299 14361
2300 14367
2301 14373
2302 14379
2303 14385
2304 14391
2305 14397
2306 14403
2307 14409
2308 14415
2309 14421
2310 14427
2311 14433
2312 14439
2313 14445
2314 14451
2315 14457
2316 14463
2317 14469
2318 14475
2319 14481
2320 14487
2321 14493
2322 14499
2323 14505
2324 14511
2325 14517
2326 14523
2327 14529
2328 14535
2329 14541
2330 14547
2331 14553
2332 14559
2333 14565
2334 14571
2335 14577
2336 14583
2337 14589
2338 14595
2339 14601
2340 14607
2341 14613
2342 14619
2343 14625
2344 14631
2345 14637
2346 14643
2347 14649
2348 14655
2349 14661
2350 14667
2351 14673
2352 14679
2353 14685
2354 14691
2355 14697
2356 14703
2357 14709
2358 14715
2359 14721
2360 14727
2361 14733
2362 14739
2363 14745
2364 14751
2365 14757
2366 14763
2367 14769
2368 14775
2369 14781
2370 14787
2371 14793
2372 14799
2373 14805
2374 14811
2375 14817
2376 14823
2377 14829
2378 14835
2379 14841
2380 14847
2381 14853
2382 14859
2383 14865
2384 14871
2385 14877
2386 14883
2387 14889
2388 14895
2389 14901
2390 14907
2391 14913
2392 14919
2393 14925
2394 14931
2395 14937
2396 14943
2397 14949
2398 14955
2399 14961
2400 14967
2401 14973
2402 14979
2403 14985
2404 14991
2405 14997
2406 15003
2407 15009
2408 15015
2409 15021
2410 15027
2411 15033
2412 15039
2413 15045
2414 15051
2415 15057
2416 15063
2417 15069
2418 15075
2419 15081
2420 15087
2421 15093
2422 15099
2423 15105
2424 15111
2425 15117
2426 15123
2427 15129
2428 15135
2429 15141
2430 15147
2431 15153
2432 15159
2433 15165
2434 15171
2435 15177
2436 15183
2437 15189
2438 15195
2439 15201
2440 15207
2441 15213
2442 15219
2443 15225
2444 15231
2445 15237
2446 15243
2447 15249
2448 15255
2449 15261
2450 15267
2451 15273
2452 15279
2453 15285
2454 15291
2455 15297
2456 15303
2457 15309
2458 15315
2459 15321
2460 15327
2461 15333
2462 15339
2463 15345
2464 15351
2465 15357
2466 15363
2467 15369
2468 15375
2469 15381
2470 15387
2471 15393
2472 15399
2473 15405
2474 15411
2475 15417
2476 15423
2477 15429
2478 15435
2479 15441
2480 15447
2481 15453
2482 15459
2483 15465
2484 15471
2485 15477
2486 15483
2487 15489
2488 15495
2489 15501
2490 15507
2491 15513
2492 15519
2493 15525
2494 15531
2495 15537
2496 15543
2497 15549
2498 15555
2499 15561
2500 15567
2501 15573
2502 15579
2503 15585
2504 15591
2505 15597
2506 15603
2507 15609
2508 15615
2509 15621
2510 15627
2511 15633
2512 15639
2513 15645
2514 15651
2515 15657
2516 15663
2517 15669
2518 15675
2519 15681
2520 15687
2521 15693
2522 15699
2523 15705
2524 15711
2525 15717
2526 15723
2527 15729
2528 15735
2529 15741
2530 15747
2531 15753
2532 15759
2533 15765
2534 15771
2535 15777
2536 15783
2537 15789
2538 15795
2539 15801
2540 15807
2541 15813
2542 15819
2543 15825
2544 15831
2545 15837
2546 15843
2547 15849
2548 15855
2549 15861
2550 15867
2551 15873
2552 15879
2553 15885
2554 15891
2555 15897
2556 15903
2557 15909
2558 15915
2559 15921
2560 15927
2561 15933
2562 15939
2563 15945
2564 15951
2565 15957
2566 15963
2567 15969
2568 15975
2569 15981
2570 15987
2571 15993
2572 15999
2573 16005
2574 16011
2575 16017
2576 16023
2577 16029
2578 16035
2579 16041
2580 16047
2581 16053
2582 16059
2583 16065
2584 16071
2585 16077
2586 16083
2587 16089
2588 16095
2589 16101
2590 16107
2591 16113
2592 16119
2593 16125
2594 16131
2595 16137
2596 16143
2597 16149
2598 16155
2599 16161
2600 16167
2601 16173
2602 16179
2603 16185
2604 16191
2605 16197
2606 16203
2607 16209
2608 16215
2609 16221
2610 16227
2611 16233
2612 16239
2613 16245
2614 16251
2615 16257
2616 16263
2617 16269
2618 16275
2619 16281
2620 16287
2621 16293
2622 16299
2623 16305
2624 16311
2625 16317
2626 16323
2627 16329
2628 16335
2629 16341
2630 16347
2631 16353
2632 16359
2633 16365
2634 16371
2635 16377
2636 16383
2637 16389
2638 16395
2639 16401
2640 16407
2641 16413
2642 16419
2643 16425
2644 16431
2645 16437
2646 16443
2647 16449
2648 16455
2649 16461
2650 16467
2651 16473
2652 16479
2653 16485
2654 16491
2655 16497
2656 16503
2657 16509
2658 16515
2659 16521
2660 16527
2661 16533
2662 16539
