0 13
1 229
2 235
3 241
4 247
5 253
6 259
7 265
8 271
9 277
10 283
11 289
12 295
13 301
14 307
15 313
16 319
17 325
18 331
19 337
20 343
21 349
22 355
23 361
24 367
25 373
26 379
27 385
28 391
29 397
30 403
31 409
32 415
33 421
34 427
35 433
36 439
37 445
38 451
39 457
40 463
41 469
42 475
43 481
44 487
45 493
46 499
47 505
48 511
49 517
50 523
51 529
52 535
53 541
54 547
55 553
56 559
57 565
58 571
59 577
60 583
61 589
62 595
63 601
64 607
65 613
66 619
67 625
68 631
69 637
70 643
71 649
72 655
73 661
74 667
75 673
76 679
77 685
78 691
79 697
80 703
81 709
82 715
83 721
84 727
85 733
86 739
87 745
88 751
89 757
90 763
91 769
92 775
93 781
94 787
95 793
96 799
97 805
98 811
99 817
100 823
101 829
102 835
103 841
104 847
105 853
106 859
107 865
108 871
109 877
110 883
111 889
112 895
113 901
114 907
115 913
116 919
117 925
118 931
119 937
120 943
121 949
122 955
123 961
124 967
125 973
126 979
127 985
128 991
129 997
130 1003
131 1009
132 1015
133 1021
134 1027
135 1033
136 1039
137 1045
138 1051
139 1057
140 1063
141 1069
142 1075
143 1081
144 1087
145 1093
146 1099
147 1105
148 1111
149 1117
150 1123
151 1129
152 1135
153 1141
154 1147
155 1153
156 1159
157 1165
158 1171
159 1177
160 1183
161 1189
162 1195
163 1201
164 1207
165 1213
166 1219
167 1225
168 1231
169 1237
170 1243
171 1249
172 1255
173 1261
174 1267
175 1273
176 1279
177 1285
178 1291
179 1297
180 1303
181 1309
182 1315
183 1321
184 1327
185 1333
186 1339
187 1345
188 1351
189 1357
190 1363
191 1369
192 1375
193 1381
194 1387
195 1393
196 1399
197 1405
198 1411
199 1417
200 1423
201 1429
202 1435
203 1441
204 1447
205 1453
206 1459
207 1465
208 1471
209 1477
210 1483
211 1489
212 1495
213 1501
214 1507
215 1513
216 1519
217 1525
218 1531
219 1537
220 1543
221 1549
222 1555
223 1561
224 1567
225 1573
226 1579
227 1585
228 1591
229 1597
230 1603
231 1609
232 1615
233 1621
234 1627
235 1633
236 1639
237 1645
238 1651
239 1657
240 1663
241 1669
242 1675
243 1681
244 1687
245 1693
246 1699
247 1705
248 1711
249 1717
250 1723
251 1729
252 1735
253 1741
254 1747
255 1753
256 1759
257 1765
258 1771
259 1777
260 1783
261 1789
262 1795
263 1801
264 1807
265 1813
266 1819
267 1825
268 1831
269 1837
270 1843
271 1849
272 1855
273 1861
274 1867
275 1873
276 1879
277 1885
278 1891
279 1897
280 1903
281 1909
282 1915
283 1921
284 1927
285 1933
286 1939
287 1945
288 1951
289 1957
290 1963
291 1969
292 1975
293 1981
294 1987
295 1993
296 1999
297 2005
298 2011
299 2017
300 2023
301 2029
302 2035
303 2041
304 2047
305 2053
306 2059
307 2065
308 2071
309 2077
310 2083
311 2089
312 2095
313 2101
314 2107
315 2113
316 2119
317 2125
318 2131
319 2137
320 2143
321 2149
322 2155
323 2161
324 2167
325 2173
326 2179
327 2185
328 2191
329 2197
330 2203
331 2209
332 2215
333 2221
334 2227
335 2233
336 2239
337 2245
338 2251
339 2257
340 2263
341 2269
342 2275
343 2281
344 2287
345 2293
346 2299
347 2305
348 2311
349 2317
350 2323
351 2329
352 2335
353 2341
354 2347
355 2353
356 2359
357 2365
358 2371
359 2377
360 2383
361 2389
362 2395
363 2401
364 2407
365 2413
366 2419
367 2425
368 2431
369 2437
370 2443
371 2449
372 2455
373 2461
374 2467
375 2473
376 2479
377 2485
378 2491
379 2497
380 2503
381 2509
382 2515
383 2521
384 2527
385 2533
386 2539
387 2545
388 2551
389 2557
390 2563
391 2569
392 2575
393 2581
394 2587
395 2593
396 2599
397 2605
398 2611
399 2617
400 2623
401 2629
402 2635
403 2641
404 2647
405 2653
406 2659
407 2665
408 2671
409 2677
410 2683
411 2689
412 2695
413 2701
414 2707
415 2713
416 2719
417 2725
418 2731
419 2737
420 2743
421 2749
422 2755
423 2761
424 2767
425 2773
426 2779
427 2785
428 2791
429 2797
430 2803
431 2809
432 2815
433 2821
434 2827
435 2833
436 2839
437 2845
438 2851
439 2857
440 2863
441 2869
442 2875
443 2881
444 2887
445 2893
446 2899
447 2905
448 2911
449 2917
450 2923
451 2929
452 2935
453 2941
454 2947
455 2953
456 2959
457 2965
458 2971
459 2977
460 2983
461 2989
462 2995
463 3001
464 3007
465 3013
466 3019
467 3025
468 3031
469 3037
470 3043
471 3049
472 3055
473 3061
474 3067
475 3073
476 3079
477 3085
478 3091
479 3097
480 3103
481 3109
482 3115
483 3121
484 3127
485 3133
486 3139
487 3145
488 3151
489 3157
490 3163
491 3169
492 3175
493 3181
494 3187
495 3193
496 3199
497 3205
498 3211
499 3217
500 3223
501 3229
502 3235
503 3241
504 3247
505 3253
506 3259
507 3265
508 3271
509 3277
510 3283
511 3289
512 3295
513 3301
514 3307
515 3313
516 3319
517 3325
518 3331
519 3337
520 3343
521 3349
522 3355
523 3361
524 3367
525 3373
526 3379
527 3385
528 3391
529 3397
530 3403
531 3409
532 3415
533 3421
534 3427
535 3433
536 3439
537 3445
538 3451
539 3457
540 3463
541 3469
542 3475
543 3481
544 3487
545 3493
546 3499
547 3505
548 3511
549 3517
550 3523
551 3529
552 3535
553 3541
554 3547
555 3553
556 3559
557 3565
558 3571
559 3577
560 3583
561 3589
562 3595
563 3601
564 3607
565 3613
566 3619
567 3625
568 3631
569 3637
570 3643
571 3649
572 3655
573 3661
574 3667
575 3673
576 3679
577 3685
578 3691
579 3697
580 3703
581 3709
582 3715
583 3721
584 3727
585 3733
586 3739
587 3745
588 3751
589 3757
590 3763
591 3769
592 3775
593 3781
594 3787
595 3793
596 3799
597 3805
598 3811
599 3817
600 3823
601 3829
602 3835
603 3841
604 3847
605 3853
606 3859
607 3865
608 3871
609 3877
610 3883
611 3889
612 3895
613 3901
614 3907
615 3913
616 3919
617 3925
618 3931
619 3937
620 3943
621 3949
622 3955
623 3961
624 3967
625 3973
626 3979
627 3985
628 3991
629 3997
630 4003
631 4009
632 4015
633 4021
634 4027
635 4033
636 4039
637 4045
638 4051
639 4057
640 4063
641 4069
642 4075
643 4081
644 4087
645 4093
646 4099
647 4105
648 4111
649 4117
650 4123
651 4129
652 4135
653 4141
654 4147
655 4153
656 4159
657 4165
658 4171
659 4177
660 4183
661 4189
662 4195
663 4201
664 4207
665 4213
666 4219
667 4225
668 4231
669 4237
670 4243
671 4249
672 4255
673 4261
674 4267
675 4273
676 4279
677 4285
678 4291
679 4297
680 4303
681 4309
682 4315
683 4321
684 4327
685 4333
686 4339
687 4345
688 4351
689 4357
690 4363
691 4369
692 4375
693 4381
694 4387
695 4393
696 4399
697 4405
698 4411
699 4417
700 4423
701 4429
702 4435
703 4441
704 4447
705 4453
706 4459
707 4465
708 4471
709 4477
710 4483
711 4489
712 4495
713 4501
714 4507
715 4513
716 4519
717 4525
718 4531
719 4537
720 4543
721 4549
722 4555
723 4561
724 4567
725 4573
726 4579
727 4585
728 4591
729 4597
730 4603
731 4609
732 4615
733 4621
734 4627
735 4633
736 4639
737 4645
738 4651
739 4657
740 4663
741 4669
742 4675
743 4681
744 4687
745 4693
746 4699
747 4705
748 4711
749 4717
750 4723
751 4729
752 4735
753 4741
754 4747
755 4753
756 4759
757 4765
758 4771
759 4777
760 4783
761 4789
762 4795
763 4801
764 4807
765 4813
766 4819
767 4825
768 4831
769 4837
770 4843
771 4849
772 4855
773 4856
774 4862
775 4868
776 4874
782 4877
783 4881
784 4884
785 4890
786 4895
787 4901
788 4904
789 4907
790 4913
791 4919
792 4925
793 4931
794 4937
795 4943
796 4949
797 4955
798 4961
799 4967
800 4973
801 4979
802 4985
803 4991
804 4997
805 5003
806 5009
807 5015
808 5021
809 5027
810 5033
811 5039
812 5045
813 5051
814 5057
815 5063
816 5069
817 5075
818 5081
819 5087
820 5093
821 5099
822 5105
823 5111
824 5117
825 5123
826 5129
827 5135
828 5141
829 5147
830 5153
831 5159
832 5165
833 5171
834 5177
835 5183
836 5189
837 5195
838 5201
839 5207
840 5213
841 5219
842 5225
843 5231
844 5237
845 5243
846 5249
847 5255
848 5261
849 5267
850 5273
851 5279
852 5285
853 5291
854 5297
855 5303
856 5309
857 5315
858 5321
859 5327
860 5333
861 5339
862 5345
863 5351
864 5357
865 5363
866 5369
867 5375
868 5381
869 5387
870 5393
871 5399
872 5405
873 5411
874 5417
875 5423
876 5429
877 5435
878 5441
879 5447
880 5453
881 5459
882 5465
883 5471
884 5477
885 5483
886 5489
887 5495
888 5501
889 5507
890 5513
891 5519
892 5525
893 5531
894 5537
895 5543
896 5549
897 5555
898 5561
899 5567
900 5573
901 5579
902 5585
903 5591
904 5597
905 5603
906 5609
907 5615
908 5621
909 5627
910 5633
911 5639
912 5645
913 5651
914 5657
915 5663
916 5669
917 5675
918 5681
919 5687
920 5693
921 5699
924 5704
927 5705
928 5710
930 5714
931 5719
932 5725
933 5731
934 5737
935 5743
936 5749
937 5755
938 5761
939 5767
940 5773
941 5779
942 5785
943 5791
944 5797
945 5803
946 5809
947 5815
948 5821
949 5827
950 5833
951 5839
952 5842
953 5848
954 5854
955 5860
956 5866
957 5872
958 5878
959 5884
960 5890
961 5896
962 5902
963 5908
964 5914
965 5920
966 5926
967 5932
968 5938
969 5944
970 5950
971 5956
972 5962
973 5968
974 5974
975 5980
976 5986
977 5992
978 5998
979 6004
980 6010
981 6016
982 6022
983 6028
984 6034
985 6040
986 6046
987 6052
988 6058
989 6064
990 6070
991 6076
992 6082
993 6088
994 6094
995 6100
996 6106
997 6112
998 6118
999 6124
1000 6130
1001 6136
1002 6142
1003 6148
1004 6154
1005 6160
1006 6166
1007 6172
1008 6178
1009 6184
1010 6190
1011 6196
1012 6202
1013 6208
1014 6214
1015 6220
1016 6226
1017 6232
1018 6238
1019 6244
1020 6250
1021 6256
1022 6262
1023 6268
1024 6274
1025 6280
1026 6286
1027 6292
1028 6298
1029 6304
1030 6310
1031 6316
1032 6322
1033 6328
1034 6334
1035 6340
1036 6346
1037 6352
1038 6358
1039 6364
1040 6370
1041 6376
1042 6382
1043 6388
1044 6394
1045 6400
1046 6406
1047 6412
1048 6418
1049 6424
1050 6430
1051 6436
1052 6442
1053 6448
1054 6454
1055 6460
1056 6466
1057 6472
1058 6478
1059 6484
1060 6490
1061 6496
1062 6502
1063 6508
1064 6514
1065 6520
1066 6526
1067 6532
1068 6538
1069 6544
1070 6550
1071 6556
1072 6562
1073 6567
1074 6569
1075 6575
1076 6581
1077 6587
1078 6593
1080 6600
1081 6606
1082 6612
1083 6618
1084 6624
1085 6630
1086 6636
1087 6642
1088 6648
1089 6654
1090 6660
1091 6666
1092 6672
1093 6678
1094 6684
1095 6691
1096 6697
1097 6703
1098 6709
1099 6715
1100 6721
1101 6727
1102 6733
1103 6738
1104 6744
1105 6750
1106 6756
1107 6762
1108 6768
1109 6774
1110 6780
1111 6786
1112 6792
1113 6798
1114 6804
1115 6810
1116 6816
1117 6822
1118 6828
1119 6834
1120 6840
1121 6846
1122 6852
1123 6858
1124 6864
1125 6870
1126 6876
1127 6882
1128 6888
1129 6894
1130 6900
1131 6906
1132 6912
1133 6918
1134 6924
1135 6930
1136 6936
1137 6942
1138 6948
1139 6954
1140 6960
1141 6967
1142 6972
1143 6979
1144 6985
1145 6991
1146 6997
1147 7003
1148 7009
1149 7015
1150 7021
1151 7027
1152 7033
1153 7039
1154 7045
1155 7051
1156 7057
1157 7063
1158 7069
1159 7075
1160 7080
1161 7086
1162 7092
1163 7098
1164 7104
1165 7110
1166 7116
1167 7122
1168 7128
1169 7134
1170 7140
1171 7146
1172 7152
1173 7158
1174 7164
1175 7170
1176 7176
1177 7182
1178 7188
1179 7194
1180 7200
1181 7206
1182 7212
1183 7218
1184 7224
1185 7230
1186 7236
1187 7242
1188 7248
1189 7254
1190 7260
1191 7266
1192 7272
1193 7278
1194 7284
1195 7290
1196 7296
1197 7302
1198 7308
1199 7314
1200 7320
1201 7326
1202 7332
1203 7338
1204 7344
1205 7350
1206 7356
1207 7362
1208 7368
1209 7374
1210 7380
1211 7386
1212 7392
1213 7398
1214 7404
1215 7410
1216 7416
1217 7422
1218 7428
1219 7434
1220 7440
1221 7446
1222 7452
1223 7458
1224 7464
1225 7470
1226 7476
1227 7482
1228 7488
1229 7494
1230 7500
1231 7506
1232 7512
1233 7518
1234 7524
1235 7530
1236 7536
1237 7542
1238 7548
1239 7554
1240 7560
1241 7566
1242 7572
1243 7578
1244 7584
1245 7590
1246 7596
1247 7602
1248 7608
1249 7614
1250 7620
1251 7626
1252 7632
1253 7638
1254 7644
1271 7645
1272 7649
1273 7655
1274 7661
1275 7667
1276 7673
1277 7679
1278 7685
1279 7691
1280 7697
1281 7703
1282 7706
1283 7712
1284 7718
1285 7724
1286 7730
1287 7736
1288 7742
1289 7748
1290 7754
1291 7761
1292 7767
1293 7773
1294 7779
1295 7785
1296 7791
1297 7797
1298 7803
1299 7809
1300 7815
1301 7821
1302 7827
1303 7833
1304 7839
1305 7845
1306 7851
1307 7857
1308 7863
1309 7869
1310 7875
1311 7881
1312 7887
1313 7893
1314 7899
1315 7905
1316 7911
1317 7917
1318 7923
1319 7929
1320 7935
1321 7941
1322 7947
1323 7953
1324 7958
1325 7964
1326 7970
1327 7976
1328 7982
1329 7988
1330 7994
1331 8000
1332 8007
1333 8013
1334 8019
1335 8025
1336 8031
1337 8037
1338 8043
1339 8049
1340 8055
1341 8061
1342 8067
1343 8073
1344 8079
1345 8085
1346 8091
1347 8097
1348 8102
1349 8108
1350 8114
1351 8120
1352 8126
1353 8132
1354 8138
1355 8144
1356 8150
1357 8156
1358 8162
1359 8168
1360 8174
1361 8180
1362 8186
1363 8192
1364 8198
1365 8204
1366 8210
1367 8216
1368 8222
1369 8228
1370 8234
1371 8240
1372 8246
1373 8253
1374 8259
1375 8265
1376 8271
1377 8277
1378 8283
1379 8289
1380 8295
1381 8300
1382 8306
1383 8312
1384 8318
1385 8324
1386 8330
1387 8336
1388 8342
1389 8348
1390 8354
1391 8360
1392 8366
1393 8372
1394 8378
1395 8384
1396 8390
1397 8396
1398 8402
1399 8408
1400 8414
1401 8420
1402 8426
1403 8432
1404 8438
1405 8444
1406 8450
1407 8455
1408 8459
1409 8465
1410 8471
1411 8477
1412 8483
1413 8489
1414 8495
1415 8501
1416 8507
1417 8513
1418 8519
1419 8525
1420 8531
1421 8537
1422 8543
1423 8549
1424 8555
1425 8561
1426 8567
1427 8573
1428 8579
1429 8585
1430 8592
1431 8598
1432 8604
1433 8610
1434 8616
1435 8622
1436 8628
1437 8634
1438 8640
1439 8646
1440 8652
1441 8658
1442 8664
1443 8670
1444 8676
1445 8682
1446 8687
1447 8693
1448 8699
1449 8705
1450 8711
1451 8717
1452 8723
1453 8729
1454 8735
1455 8742
1456 8748
1457 8754
1458 8760
1459 8766
1460 8772
1461 8778
1462 8784
1463 8790
1464 8796
1465 8802
1466 8808
1467 8814
1468 8820
1469 8826
1470 8832
1471 8838
1472 8844
1473 8850
1474 8856
1475 8862
1476 8868
1477 8874
1478 8880
1479 8886
1480 8892
1481 8898
1482 8904
1483 8910
1484 8916
1485 8922
1486 8928
1487 8934
1488 8940
1489 8946
1490 8952
1491 8958
1492 8964
1493 8970
1494 8976
1495 8982
1496 8988
1497 8994
1498 9000
1499 9006
1500 9012
1501 9018
1502 9024
1503 9030
1504 9036
1505 9042
1506 9048
1507 9054
1508 9060
1509 9066
1510 9072
1511 9078
1512 9084
1513 9090
1514 9096
1515 9102
1516 9108
1517 9114
1518 9120
1519 9126
1520 9132
1521 9138
1522 9144
1523 9150
1524 9156
1525 9162
1526 9168
1527 9174
1528 9180
1529 9186
1530 9192
1531 9198
1532 9204
1533 9210
1534 9216
1535 9222
1536 9228
1537 9234
1538 9240
1539 9246
1540 9252
1541 9258
1542 9264
1543 9270
1544 9276
1545 9282
1546 9288
1547 9294
1548 9300
1549 9306
1550 9312
1551 9318
1552 9324
1553 9330
1554 9336
1555 9342
1556 9348
1557 9354
1558 9360
1559 9366
1560 9372
1561 9378
1562 9384
1563 9390
1564 9396
1565 9402
1566 9408
1567 9414
1568 9420
1569 9426
1570 9432
1571 9438
1572 9444
1573 9450
1574 9456
1575 9462
1576 9468
1577 9474
1578 9480
1579 9486
1580 9492
1581 9498
1582 9504
1583 9510
1584 9516
1585 9522
1586 9527
1587 9531
1588 9537
1589 9543
1590 9549
1591 9555
1592 9561
1593 9567
1594 9573
1595 9579
1596 9585
1597 9591
1598 9597
1599 9603
1600 9609
1601 9615
1602 9621
1603 9627
1604 9633
1605 9639
1606 9645
1607 9651
1608 9657
1609 9663
1610 9669
1611 9675
1612 9681
1613 9687
1614 9693
1615 9699
1616 9705
1617 9711
1618 9717
1619 9723
1620 9729
1621 9735
1622 9741
1623 9747
1624 9753
1625 9759
1626 9765
1627 9771
1628 9777
1629 9783
1630 9789
1631 9795
1632 9801
1633 9807
1634 9813
1635 9819
1636 9825
1637 9831
1638 9837
1639 9843
1640 9849
1641 9855
1642 9861
1643 9867
1644 9873
1645 9879
1646 9885
1647 9891
1648 9897
1649 9903
1650 9909
1651 9915
1652 9921
1653 9927
1654 9933
1655 9939
1656 9945
1657 9951
1658 9957
1659 9962
1660 9968
1661 9974
1662 9980
1663 9986
1664 9992
1665 9998
1666 10004
1667 10011
1668 10017
1669 10023
1670 10029
1671 10035
1672 10041
1673 10047
1674 10053
1675 10059
1676 10065
1677 10071
1678 10077
1679 10083
1680 10089
1681 10095
1682 10101
1683 10106
1684 10112
1685 10118
1686 10124
1687 10130
1688 10136
1689 10142
1690 10149
1691 10155
1692 10161
1693 10167
1694 10173
1695 10179
1696 10185
1697 10191
1698 10197
1699 10203
1700 10209
1701 10215
1702 10221
1703 10227
1704 10233
1705 10239
1706 10245
1707 10251
1708 10257
1709 10263
1710 10269
1711 10275
1712 10281
1713 10287
1714 10293
1715 10299
1716 10305
1717 10311
1718 10317
1719 10323
1720 10329
1721 10335
1722 10341
1723 10347
1724 10353
1725 10359
1726 10365
1727 10371
1728 10377
1729 10383
1730 10389
1731 10395
1732 10401
1733 10407
1734 10413
1735 10419
1736 10425
1737 10431
1738 10437
1739 10443
1740 10449
1741 10455
1742 10461
1743 10467
1744 10473
1745 10479
1746 10485
1747 10491
1748 10497
1749 10503
1750 10509
1751 10515
1752 10521
1753 10527
1754 10533
1755 10539
1756 10545
1757 10551
1758 10557
1759 10563
1760 10569
1761 10575
1762 10581
1763 10587
1764 10593
1765 10599
1766 10605
1767 10611
1768 10617
1769 10623
1770 10629
1771 10635
1772 10641
1773 10647
1774 10653
1775 10659
1776 10665
1777 10671
1778 10677
1779 10683
1780 10689
1781 10695
1782 10701
1783 10707
1784 10713
1785 10719
1786 10725
1787 10731
1788 10737
1789 10743
1790 10749
1791 10755
1792 10761
1793 10767
1794 10773
1795 10779
1796 10785
1797 10791
1798 10797
1799 10803
1800 10809
1801 10815
1802 10821
1803 10827
1804 10833
1805 10839
1806 10845
1807 10851
1808 10857
1809 10863
1810 10869
1811 10875
1812 10881
1813 10887
1814 10893
1815 10899
1816 10905
1817 10911
1818 10917
1819 10923
1820 10929
1821 10935
1822 10941
1823 10947
1824 10953
1825 10959
1826 10965
1827 10971
1828 10977
1829 10983
1830 10989
1831 10995
1832 11001
1833 11007
1834 11013
1835 11019
1836 11025
1837 11031
1838 11037
1839 11043
1840 11049
1841 11055
1842 11061
1843 11067
1844 11073
1845 11079
1846 11085
1847 11091
1848 11097
1849 11103
1850 11109
1851 11115
1852 11121
1853 11127
1854 11133
1855 11139
1856 11145
1857 11151
1858 11157
1859 11163
1860 11169
1861 11175
1862 11181
1863 11187
1864 11193
1865 11199
1866 11205
1867 11211
1868 11217
1869 11223
1870 11229
1871 11235
1872 11241
1873 11247
1874 11253
1875 11259
1876 11265
1877 11271
1878 11277
1879 11283
1880 11289
1881 11295
1882 11301
1883 11307
1884 11313
1885 11319
1886 11325
1887 11331
1888 11337
1889 11343
1890 11349
1891 11355
1892 11361
1893 11367
1894 11373
1895 11379
1896 11385
1897 11391
1898 11397
1899 11403
1900 11409
1901 11415
1902 11421
1903 11427
1904 11433
1905 11439
1906 11445
1907 11451
1908 11457
1909 11463
1910 11469
1911 11475
1912 11481
1913 11487
1914 11493
1915 11499
1916 11505
1917 11511
1918 11517
1919 11523
1920 11529
1921 11535
1922 11541
1923 11547
1924 11553
1925 11559
1926 11565
1927 11571
1928 11577
1929 11583
1951 11589
1952 11595
1953 11601
1954 11607
1955 11613
1956 11619
1957 11625
1958 11631
1959 11637
1960 11643
1961 11649
1962 11655
1963 11661
1964 11667
1965 11673
1966 11679
1967 11685
1968 11691
1969 11697
1970 11703
1971 11709
1972 11715
1973 11721
1974 11727
1975 11733
1976 11739
1977 11745
1978 11751
1979 11757
1980 11763
1981 11769
1982 11775
1983 11781
1984 11787
1985 11793
1986 11799
1987 11805
1988 11811
1989 11817
1990 11823
1991 11829
1992 11835
1993 11841
1994 11847
1995 11853
1996 11859
1997 11865
1998 11871
1999 11877
2000 11883
2001 11889
2002 11895
2003 11901
2004 11907
2005 11913
2006 11919
2007 11925
2008 11931
2009 11937
2010 11943
2011 11949
2012 11955
2013 11961
2014 11967
2015 11973
2016 11979
2017 11985
2018 11991
2019 11997
2020 12003
2021 12009
2022 12015
2023 12021
2024 12027
2025 12033
2026 12039
2027 12045
2028 12051
2029 12057
2030 12063
2031 12069
2032 12075
2033 12081
2034 12087
2035 12093
2036 12099
2037 12105
2038 12111
2039 12117
2040 12123
2041 12129
2042 12135
2043 12141
2044 12147
2045 12153
2046 12159
2047 12165
2048 12171
2049 12177
2050 12183
2051 12189
2052 12195
2053 12201
2054 12207
2055 12213
2056 12219
2057 12225
2058 12231
2059 12237
2060 12243
2061 12249
2062 12255
2063 12261
2064 12267
2065 12273
2066 12279
2067 12285
2068 12291
2069 12297
2070 12303
2071 12309
2072 12315
2073 12321
2074 12327
2075 12333
2076 12339
2077 12345
2078 12351
2079 12357
2080 12363
2081 12369
2082 12375
2083 12381
2084 12387
2085 12393
2086 12399
2087 12405
2088 12411
2089 12417
2090 12423
2091 12429
2092 12435
2093 12441
2094 12447
2095 12453
2096 12459
2097 12465
2098 12471
2099 12477
2100 12483
2101 12489
2102 12495
2103 12501
2104 12507
2105 12513
2106 12519
2107 12525
2108 12531
2109 12537
2110 12543
2111 12549
2112 12555
2113 12561
2114 12567
2115 12573
2116 12579
2117 12585
2118 12591
2119 12597
2120 12603
2121 12609
2122 12615
2123 12621
2124 12627
2125 12633
2126 12639
2127 12645
2128 12651
2129 12657
2130 12663
2131 12669
2132 12675
2133 12681
2134 12687
2135 12693
2136 12699
2137 12705
2138 12711
2139 12717
2140 12723
2141 12729
2142 12735
2143 12741
2144 12747
2145 12753
2146 12759
2147 12765
2148 12771
2149 12777
2150 12783
2151 12789
2152 12795
2153 12801
2154 12807
2155 12810
2156 12815
2157 12821
2158 12827
2159 12833
2160 12839
2161 12845
2162 12851
2163 12857
2164 12863
2165 12869
2166 12875
2167 12881
2168 12887
2169 12893
2170 12899
2171 12905
2172 12908
2173 12914
2174 12920
2175 12926
2176 12932
2177 12938
2178 12944
2179 12950
2180 12956
2181 12962
2182 12968
2183 12974
2184 12980
2185 12986
2186 12992
2187 12998
2188 13004
2189 13010
2190 13016
2191 13022
2192 13028
2193 13034
2194 13040
2195 13046
2196 13052
2197 13058
2198 13064
2199 13070
2200 13076
2201 13082
2202 13088
2203 13094
2204 13100
2205 13106
2206 13112
2207 13118
2208 13124
2209 13130
2210 13136
2211 13142
2212 13148
2213 13154
2214 13160
2215 13166
2216 13172
2217 13178
2218 13184
2219 13190
2220 13196
2221 13202
2222 13208
2223 13214
2224 13220
2225 13226
2226 13232
2227 13238
2228 13244
2229 13250
2230 13256
2231 13262
2232 13268
2233 13274
2234 13280
2235 13286
2236 13292
2237 13298
2238 13304
2239 13310
2240 13316
2241 13322
2242 13328
2243 13334
2244 13340
2245 13346
2246 13352
2247 13358
2248 13364
2249 13370
2250 13376
2251 13382
2252 13388
2253 13394
2254 13400
2255 13406
2256 13412
2257 13418
2258 13424
2259 13430
2260 13436
2261 13442
2262 13448
2263 13454
2264 13460
2265 13466
2266 13472
2267 13478
2268 13484
2269 13490
2270 13496
2271 13502
2272 13508
2273 13514
2274 13520
2275 13526
2276 13532
2277 13538
2278 13544
2279 13550
2280 13556
2281 13562
2282 13568
2283 13574
2284 13580
2285 13586
2286 13592
2287 13598
2288 13604
2289 13610
2290 13616
2291 13622
2292 13628
2293 13634
2294 13640
2295 13646
2296 13652
2297 13658
2298 13664
2299 13670
2300 13676
2301 13682
2302 13688
2303 13694
2304 13700
2305 13706
2306 13712
2307 13718
2308 13724
2309 13730
2310 13736
2311 13742
2312 13748
2313 13754
2314 13760
2315 13766
2316 13772
2317 13778
2318 13784
2319 13790
2320 13796
2321 13802
2322 13808
2323 13814
2324 13820
2325 13826
2326 13832
2327 13838
2328 13844
2329 13850
2330 13856
2331 13862
2332 13868
2333 13874
2334 13880
2335 13886
2336 13892
2337 13898
2338 13904
2339 13910
2340 13916
2341 13922
2342 13928
2343 13934
2344 13940
2345 13946
2346 13952
2347 13958
2348 13964
2349 13967
2350 13973
2351 13979
2352 13985
2353 13988
2354 13994
2355 14000
2356 14006
2357 14012
2358 14018
2359 14024
2360 14027
2361 14033
2362 14039
2363 14045
2364 14051
2365 14057
2366 14063
2367 14069
2368 14075
2369 14081
2370 14087
2371 14093
2372 14099
2373 14105
2374 14111
2375 14117
2376 14122
2377 14123
2378 14124
2379 14125
2380 14126
2381 14130
2382 14136
2383 14139
2384 14145
2385 14151
2386 14157
2387 14163
2388 14169
2389 14175
2390 14181
2391 14187
2392 14193
2393 14199
2394 14205
2395 14211
2396 14217
2397 14223
2398 14229
2399 14235
2400 14241
2401 14247
2402 14253
2403 14259
2404 14265
2405 14271
2406 14277
2407 14283
2408 14289
2409 14295
2410 14301
2411 14307
2412 14313
2413 14319
2414 14325
2415 14331
2416 14337
2417 14343
2418 14349
2419 14355
2420 14361
2421 14367
2422 14373
2423 14379
2424 14385
2425 14391
2426 14397
2427 14403
2428 14409
2429 14415
2430 14421
2431 14427
2432 14433
2433 14439
2434 14445
