0 13
1 235
2 241
3 247
4 253
5 259
6 265
7 271
8 277
9 283
10 289
11 295
12 301
13 307
14 313
15 319
16 325
17 331
18 337
19 343
20 349
21 355
22 361
23 367
24 373
25 379
26 385
27 391
28 397
29 403
30 409
31 415
32 421
33 427
34 433
35 439
36 445
37 451
38 457
39 463
40 469
41 475
42 481
43 487
44 493
45 499
46 505
47 511
48 517
49 523
50 529
51 535
52 541
53 547
54 553
55 559
56 565
57 571
58 577
59 583
60 589
61 595
62 601
63 607
64 613
65 619
66 625
67 631
68 637
69 643
70 649
71 655
72 661
73 667
74 673
75 679
76 685
77 691
78 697
79 703
80 709
81 715
82 721
83 727
84 733
85 739
86 745
87 751
88 757
89 763
90 769
91 775
92 781
93 787
94 793
95 799
96 805
97 811
98 817
99 823
100 829
101 835
102 841
103 847
104 853
105 859
106 865
107 871
108 877
109 883
110 889
111 895
112 901
113 907
114 913
115 919
116 925
117 931
118 937
119 943
120 949
121 955
122 961
123 967
124 973
125 979
126 985
127 991
128 997
129 1003
130 1009
131 1015
132 1021
133 1027
134 1033
135 1039
136 1045
137 1051
138 1057
139 1063
140 1069
141 1075
142 1081
143 1087
144 1093
145 1099
146 1105
147 1111
148 1117
149 1123
150 1129
151 1135
152 1141
153 1147
154 1153
155 1159
156 1165
157 1171
158 1177
159 1183
160 1189
161 1195
162 1201
163 1207
164 1213
165 1219
166 1225
167 1231
168 1237
169 1243
170 1249
171 1255
172 1261
173 1267
174 1273
175 1279
176 1285
177 1291
178 1297
179 1303
180 1309
181 1315
182 1321
183 1327
184 1333
185 1339
186 1345
187 1351
188 1357
189 1363
190 1369
191 1375
192 1381
193 1387
194 1393
195 1399
196 1405
197 1411
198 1417
199 1423
200 1429
201 1435
202 1441
203 1447
204 1453
205 1459
206 1465
207 1471
208 1477
209 1483
210 1489
211 1495
212 1501
213 1507
214 1513
215 1519
216 1525
217 1531
218 1537
219 1543
220 1549
221 1555
222 1561
223 1567
224 1573
225 1579
226 1585
227 1591
228 1597
229 1603
230 1609
231 1615
232 1621
233 1627
234 1633
235 1639
236 1645
237 1651
238 1657
239 1663
240 1669
241 1675
242 1681
243 1687
244 1693
245 1699
246 1705
247 1711
248 1717
249 1723
250 1729
251 1735
252 1741
253 1747
254 1753
255 1759
256 1765
257 1771
258 1777
259 1783
260 1789
261 1795
262 1801
263 1807
264 1813
265 1819
266 1825
267 1831
268 1837
269 1843
270 1849
271 1855
272 1861
273 1867
274 1873
275 1879
276 1885
277 1891
278 1897
279 1903
280 1909
281 1915
282 1921
283 1927
284 1933
285 1939
286 1945
287 1951
288 1957
289 1963
290 1969
291 1975
292 1981
293 1987
294 1993
295 1999
296 2005
297 2011
298 2017
299 2023
300 2029
301 2035
302 2041
303 2047
304 2053
305 2059
306 2065
307 2071
308 2077
309 2083
310 2089
311 2095
312 2101
313 2107
314 2113
315 2119
316 2125
317 2131
318 2137
319 2143
320 2149
321 2155
322 2161
323 2167
324 2173
325 2179
326 2185
327 2191
328 2197
329 2203
330 2209
331 2215
332 2221
333 2227
334 2233
335 2239
336 2245
337 2251
338 2257
339 2263
340 2269
341 2275
342 2281
343 2287
344 2293
345 2299
346 2305
347 2311
348 2317
349 2323
350 2329
351 2335
352 2341
353 2347
354 2353
355 2359
356 2365
357 2371
358 2377
359 2383
360 2389
361 2395
362 2401
363 2407
364 2413
365 2419
366 2425
367 2431
368 2437
369 2443
370 2449
371 2455
372 2461
373 2467
374 2473
375 2479
376 2485
377 2491
378 2497
379 2503
380 2509
381 2515
382 2521
383 2527
384 2533
385 2539
386 2545
387 2551
388 2557
389 2563
390 2569
391 2575
392 2581
393 2587
394 2593
395 2599
396 2605
397 2611
398 2617
399 2623
400 2629
401 2635
402 2641
403 2647
404 2653
405 2659
406 2665
407 2671
408 2677
409 2683
410 2689
411 2695
412 2701
413 2707
414 2713
415 2719
416 2725
417 2731
418 2737
419 2743
420 2749
421 2755
422 2761
423 2767
424 2773
425 2779
426 2785
427 2791
428 2797
429 2803
430 2809
431 2815
432 2821
433 2827
434 2833
435 2839
436 2845
437 2851
438 2857
439 2863
440 2869
441 2875
442 2881
443 2887
444 2893
445 2899
446 2905
447 2911
448 2917
449 2923
450 2929
451 2935
452 2941
453 2947
454 2953
455 2959
456 2965
457 2971
458 2977
459 2983
460 2989
461 2995
462 3001
463 3007
464 3013
465 3019
466 3025
467 3031
468 3037
469 3043
470 3049
471 3055
472 3061
473 3067
474 3073
475 3079
476 3085
477 3091
478 3097
479 3103
480 3109
481 3115
482 3121
483 3127
484 3133
485 3139
486 3145
487 3151
488 3157
489 3163
490 3169
491 3175
492 3181
493 3187
494 3193
495 3199
496 3205
497 3211
498 3217
499 3223
500 3229
501 3235
502 3241
503 3247
504 3253
505 3259
506 3265
507 3271
508 3277
509 3283
510 3289
511 3295
512 3301
513 3307
514 3313
515 3319
516 3325
517 3331
518 3337
519 3343
520 3349
521 3355
522 3361
523 3367
524 3373
525 3379
526 3385
527 3391
528 3397
529 3403
530 3409
531 3415
532 3421
533 3427
534 3433
535 3439
536 3445
537 3451
538 3457
539 3463
540 3469
541 3475
542 3481
543 3487
544 3493
545 3499
546 3505
547 3511
548 3517
549 3523
550 3529
551 3535
552 3541
553 3547
554 3553
555 3559
556 3565
557 3571
558 3577
559 3583
560 3589
561 3595
562 3601
563 3607
564 3613
565 3619
566 3625
567 3631
568 3637
569 3643
570 3649
571 3655
572 3661
573 3667
574 3673
575 3679
576 3685
577 3691
578 3697
579 3703
580 3709
581 3715
582 3721
583 3727
584 3733
585 3739
586 3745
587 3751
588 3757
589 3763
590 3769
591 3775
592 3781
593 3787
594 3793
595 3799
596 3805
597 3811
598 3817
599 3823
600 3829
601 3835
602 3841
603 3847
604 3853
605 3859
606 3865
607 3871
608 3877
609 3883
610 3889
611 3895
612 3901
613 3907
614 3913
615 3919
616 3925
617 3931
618 3937
619 3943
620 3949
621 3955
622 3961
623 3967
624 3973
625 3979
626 3985
627 3991
628 3997
629 4003
630 4009
631 4015
632 4021
633 4027
634 4033
635 4039
636 4045
637 4051
638 4057
639 4063
640 4069
641 4075
642 4081
643 4087
644 4093
645 4099
646 4105
647 4111
648 4117
649 4123
650 4129
651 4135
652 4141
653 4147
654 4153
655 4159
656 4165
657 4171
658 4177
659 4183
660 4189
661 4195
662 4201
663 4207
664 4213
665 4219
666 4225
667 4231
668 4237
669 4243
670 4249
671 4255
672 4261
673 4267
674 4273
675 4279
676 4285
677 4291
678 4297
679 4303
680 4309
681 4315
682 4321
683 4327
684 4333
685 4339
686 4345
687 4351
688 4357
689 4363
690 4369
691 4375
692 4381
693 4387
694 4393
695 4399
696 4405
697 4411
698 4417
699 4423
700 4429
701 4435
702 4441
703 4447
704 4453
705 4459
706 4465
707 4471
708 4477
709 4483
710 4489
711 4495
712 4501
713 4507
714 4513
715 4519
716 4525
717 4531
718 4537
719 4543
720 4549
721 4555
722 4561
723 4567
724 4573
725 4579
726 4585
727 4591
728 4597
729 4603
730 4609
731 4615
732 4621
733 4627
734 4633
735 4639
736 4645
737 4651
738 4657
739 4663
740 4669
741 4675
742 4681
743 4687
744 4693
745 4699
746 4705
747 4711
748 4717
749 4723
750 4729
751 4735
752 4741
753 4747
754 4753
755 4759
756 4765
757 4771
758 4777
759 4783
760 4789
761 4795
762 4801
763 4807
764 4813
765 4819
766 4825
767 4831
768 4837
769 4843
770 4849
771 4855
772 4856
773 4862
774 4868
775 4874
781 4877
782 4881
783 4884
784 4890
785 4895
786 4901
787 4904
788 4907
789 4913
790 4919
791 4925
792 4931
793 4937
794 4943
795 4949
796 4955
797 4961
798 4967
799 4973
800 4979
801 4985
802 4991
803 4997
804 5003
805 5009
806 5015
807 5021
808 5027
809 5033
810 5039
811 5045
812 5051
813 5057
814 5063
815 5069
816 5075
817 5081
818 5087
819 5093
820 5099
821 5105
822 5111
823 5117
824 5123
825 5129
826 5135
827 5141
828 5147
829 5153
830 5159
831 5165
832 5171
833 5177
834 5183
835 5189
836 5195
837 5201
838 5207
839 5213
840 5219
841 5225
842 5231
843 5237
844 5243
845 5249
846 5255
847 5261
848 5267
849 5273
850 5279
851 5285
852 5291
853 5297
854 5303
855 5309
856 5315
857 5321
858 5327
859 5333
860 5339
861 5345
862 5351
863 5357
864 5363
865 5369
866 5375
867 5381
868 5387
869 5393
870 5399
871 5405
872 5411
873 5417
874 5423
875 5429
876 5435
877 5441
878 5447
879 5453
880 5459
881 5465
882 5471
883 5477
884 5483
885 5489
886 5495
887 5501
888 5507
889 5513
890 5519
891 5525
892 5531
893 5537
894 5543
895 5549
896 5555
897 5561
898 5567
899 5573
900 5579
901 5585
902 5591
903 5597
904 5603
905 5609
906 5615
907 5621
908 5627
909 5633
910 5639
911 5645
912 5651
913 5657
914 5663
915 5669
916 5675
917 5681
918 5687
919 5693
920 5699
923 5704
926 5705
927 5710
929 5714
930 5719
931 5725
932 5731
933 5737
934 5743
935 5749
936 5755
937 5761
938 5767
939 5773
940 5779
941 5785
942 5791
943 5797
944 5803
945 5809
946 5815
947 5821
948 5827
949 5833
950 5839
951 5842
952 5848
953 5854
954 5860
955 5866
956 5872
957 5878
958 5884
959 5890
960 5896
961 5902
962 5908
963 5914
964 5920
965 5926
966 5932
967 5938
968 5944
969 5950
970 5956
971 5962
972 5968
973 5974
974 5980
975 5986
976 5992
977 5998
978 6004
979 6010
980 6016
981 6022
982 6028
983 6034
984 6040
985 6046
986 6052
987 6058
988 6064
989 6070
990 6076
991 6082
992 6088
993 6094
994 6100
995 6106
996 6112
997 6118
998 6124
999 6130
1000 6136
1001 6142
1002 6148
1003 6154
1004 6160
1005 6166
1006 6172
1007 6178
1008 6184
1009 6190
1010 6196
1011 6202
1012 6208
1013 6214
1014 6220
1015 6226
1016 6232
1017 6238
1018 6244
1019 6250
1020 6256
1021 6262
1022 6268
1023 6274
1024 6280
1025 6286
1026 6292
1027 6298
1028 6304
1029 6310
1030 6316
1031 6322
1032 6328
1033 6334
1034 6340
1035 6346
1036 6352
1037 6358
1038 6364
1039 6370
1040 6376
1041 6382
1042 6388
1043 6394
1044 6400
1045 6406
1046 6412
1047 6418
1048 6424
1049 6430
1050 6436
1051 6442
1052 6448
1053 6454
1054 6460
1055 6466
1056 6472
1057 6478
1058 6484
1059 6490
1060 6496
1061 6502
1062 6508
1063 6514
1064 6520
1065 6526
1066 6532
1067 6538
1068 6544
1069 6550
1070 6556
1071 6562
1072 6567
1073 6569
1074 6575
1075 6581
1076 6587
1077 6593
1079 6600
1080 6606
1081 6612
1082 6618
1083 6624
1084 6630
1085 6636
1086 6642
1087 6648
1088 6654
1089 6660
1090 6666
1091 6672
1092 6678
1093 6684
1094 6691
1095 6697
1096 6703
1097 6709
1098 6715
1099 6721
1100 6727
1101 6733
1102 6738
1103 6744
1104 6750
1105 6756
1106 6762
1107 6768
1108 6774
1109 6780
1110 6786
1111 6792
1112 6798
1113 6804
1114 6810
1115 6816
1116 6822
1117 6828
1118 6834
1119 6840
1120 6846
1121 6852
1122 6858
1123 6864
1124 6870
1125 6876
1126 6882
1127 6888
1128 6894
1129 6900
1130 6906
1131 6912
1132 6918
1133 6924
1134 6930
1135 6936
1136 6942
1137 6948
1138 6954
1139 6960
1140 6967
1141 6972
1142 6979
1143 6985
1144 6991
1145 6997
1146 7003
1147 7009
1148 7015
1149 7021
1150 7027
1151 7033
1152 7039
1153 7045
1154 7051
1155 7057
1156 7063
1157 7069
1158 7075
1159 7080
1160 7086
1161 7092
1162 7098
1163 7104
1164 7110
1165 7116
1166 7122
1167 7128
1168 7134
1169 7140
1170 7146
1171 7152
1172 7158
1173 7164
1174 7170
1175 7176
1176 7182
1177 7188
1178 7194
1179 7200
1180 7206
1181 7212
1182 7218
1183 7224
1184 7230
1185 7236
1186 7242
1187 7248
1188 7254
1189 7260
1190 7266
1191 7272
1192 7278
1193 7284
1194 7290
1195 7296
1196 7302
1197 7308
1198 7314
1199 7320
1200 7326
1201 7332
1202 7338
1203 7344
1204 7350
1205 7356
1206 7362
1207 7368
1208 7374
1209 7380
1210 7386
1211 7392
1212 7398
1213 7404
1214 7410
1215 7416
1216 7422
1217 7428
1218 7434
1219 7440
1220 7446
1221 7452
1222 7458
1223 7464
1224 7470
1225 7476
1226 7482
1227 7488
1228 7494
1229 7500
1230 7506
1231 7512
1232 7518
1233 7524
1234 7530
1235 7536
1236 7542
1237 7548
1238 7554
1239 7560
1240 7566
1241 7572
1242 7578
1243 7584
1244 7590
1245 7596
1246 7602
1247 7608
1248 7614
1249 7620
1250 7626
1251 7632
1252 7638
1253 7644
1270 7645
1271 7649
1272 7655
1273 7661
1274 7667
1275 7673
1276 7679
1277 7685
1278 7691
1279 7697
1280 7703
1281 7706
1282 7712
1283 7718
1284 7724
1285 7730
1286 7736
1287 7742
1288 7748
1289 7754
1290 7761
1291 7767
1292 7773
1293 7779
1294 7785
1295 7791
1296 7797
1297 7803
1298 7809
1299 7815
1300 7821
1301 7827
1302 7833
1303 7839
1304 7845
1305 7851
1306 7857
1307 7863
1308 7869
1309 7875
1310 7881
1311 7887
1312 7893
1313 7899
1314 7905
1315 7911
1316 7917
1317 7923
1318 7929
1319 7935
1320 7941
1321 7947
1322 7953
1323 7958
1324 7964
1325 7970
1326 7976
1327 7982
1328 7988
1329 7994
1330 8000
1331 8007
1332 8013
1333 8019
1334 8025
1335 8031
1336 8037
1337 8043
1338 8049
1339 8055
1340 8061
1341 8067
1342 8073
1343 8079
1344 8085
1345 8091
1346 8097
1347 8102
1348 8108
1349 8114
1350 8120
1351 8126
1352 8132
1353 8138
1354 8144
1355 8150
1356 8156
1357 8162
1358 8168
1359 8174
1360 8180
1361 8186
1362 8192
1363 8198
1364 8204
1365 8210
1366 8216
1367 8222
1368 8228
1369 8234
1370 8240
1371 8246
1372 8253
1373 8259
1374 8265
1375 8271
1376 8277
1377 8283
1378 8289
1379 8295
1380 8300
1381 8306
1382 8312
1383 8318
1384 8324
1385 8330
1386 8336
1387 8342
1388 8348
1389 8354
1390 8360
1391 8366
1392 8372
1393 8378
1394 8384
1395 8390
1396 8396
1397 8402
1398 8408
1399 8414
1400 8420
1401 8426
1402 8432
1403 8438
1404 8444
1405 8450
1406 8455
1407 8459
1408 8465
1409 8471
1410 8477
1411 8483
1412 8489
1413 8495
1414 8501
1415 8507
1416 8513
1417 8519
1418 8525
1419 8531
1420 8537
1421 8543
1422 8549
1423 8555
1424 8561
1425 8567
1426 8573
1427 8579
1428 8585
1429 8592
1430 8598
1431 8604
1432 8610
1433 8616
1434 8622
1435 8628
1436 8634
1437 8640
1438 8646
1439 8652
1440 8658
1441 8664
1442 8670
1443 8676
1444 8682
1445 8687
1446 8693
1447 8699
1448 8705
1449 8711
1450 8717
1451 8723
1452 8729
1453 8735
1454 8742
1455 8748
1456 8754
1457 8760
1458 8766
1459 8772
1460 8778
1461 8784
1462 8790
1463 8796
1464 8802
1465 8808
1466 8814
1467 8820
1468 8826
1469 8832
1470 8838
1471 8844
1472 8850
1473 8856
1474 8862
1475 8868
1476 8874
1477 8880
1478 8886
1479 8892
1480 8898
1481 8904
1482 8910
1483 8916
1484 8922
1485 8928
1486 8934
1487 8940
1488 8946
1489 8952
1490 8958
1491 8964
1492 8970
1493 8976
1494 8982
1495 8988
1496 8994
1497 9000
1498 9006
1499 9012
1500 9018
1501 9024
1502 9030
1503 9036
1504 9042
1505 9048
1506 9054
1507 9060
1508 9066
1509 9072
1510 9078
1511 9084
1512 9090
1513 9096
1514 9102
1515 9108
1516 9114
1517 9120
1518 9126
1519 9132
1520 9138
1521 9144
1522 9150
1523 9156
1524 9162
1525 9168
1526 9174
1527 9180
1528 9186
1529 9192
1530 9198
1531 9204
1532 9210
1533 9216
1534 9222
1535 9228
1536 9234
1537 9240
1538 9246
1539 9252
1540 9258
1541 9264
1542 9270
1543 9276
1544 9282
1545 9288
1546 9294
1547 9300
1548 9306
1549 9312
1550 9318
1551 9324
1552 9330
1553 9336
1554 9342
1555 9348
1556 9354
1557 9360
1558 9366
1559 9372
1560 9378
1561 9384
1562 9390
1563 9396
1564 9402
1565 9408
1566 9414
1567 9420
1568 9426
1569 9432
1570 9438
1571 9444
1572 9450
1573 9456
1574 9462
1575 9468
1576 9474
1577 9480
1578 9486
1579 9492
1580 9498
1581 9504
1582 9510
1583 9516
1584 9522
1585 9527
1586 9531
1587 9537
1588 9543
1589 9549
1590 9555
1591 9561
1592 9567
1593 9573
1594 9579
1595 9585
1596 9591
1597 9597
1598 9603
1599 9609
1600 9615
1601 9621
1602 9627
1603 9633
1604 9639
1605 9645
1606 9651
1607 9657
1608 9663
1609 9669
1610 9675
1611 9681
1612 9687
1613 9693
1614 9699
1615 9705
1616 9711
1617 9717
1618 9723
1619 9729
1620 9735
1621 9741
1622 9747
1623 9753
1624 9759
1625 9765
1626 9771
1627 9777
1628 9783
1629 9789
1630 9795
1631 9801
1632 9807
1633 9813
1634 9819
1635 9825
1636 9831
1637 9837
1638 9843
1639 9849
1640 9855
1641 9861
1642 9867
1643 9873
1644 9879
1645 9885
1646 9891
1647 9897
1648 9903
1649 9909
1650 9915
1651 9921
1652 9927
1653 9933
1654 9939
1655 9945
1656 9951
1657 9957
1658 9962
1659 9968
1660 9974
1661 9980
1662 9986
1663 9992
1664 9998
1665 10004
1666 10011
1667 10017
1668 10023
1669 10029
1670 10035
1671 10041
1672 10047
1673 10053
1674 10059
1675 10065
1676 10071
1677 10077
1678 10083
1679 10089
1680 10095
1681 10101
1682 10106
1683 10112
1684 10118
1685 10124
1686 10130
1687 10136
1688 10142
1689 10149
1690 10155
1691 10161
1692 10167
1693 10173
1694 10179
1695 10185
1696 10191
1697 10197
1698 10203
1699 10209
1700 10215
1701 10221
1702 10227
1703 10233
1704 10239
1705 10245
1706 10251
1707 10257
1708 10263
1709 10269
1710 10275
1711 10281
1712 10287
1713 10293
1714 10299
1715 10305
1716 10311
1717 10317
1718 10323
1719 10329
1720 10335
1721 10341
1722 10347
1723 10353
1724 10359
1725 10365
1726 10371
1727 10377
1728 10383
1729 10389
1730 10395
1731 10401
1732 10407
1733 10413
1734 10419
1735 10425
1736 10431
1737 10437
1738 10443
1739 10449
1740 10455
1741 10461
1742 10467
1743 10473
1744 10479
1745 10485
1746 10491
1747 10497
1748 10503
1749 10509
1750 10515
1751 10521
1752 10527
1753 10533
1754 10539
1755 10545
1756 10551
1757 10557
1758 10563
1759 10569
1760 10575
1761 10581
1762 10587
1763 10593
1764 10599
1765 10605
1766 10611
1767 10617
1768 10623
1769 10629
1770 10635
1771 10641
1772 10647
1773 10653
1774 10659
1775 10665
1776 10671
1777 10677
1778 10683
1779 10689
1780 10695
1781 10701
1782 10707
1783 10713
1784 10719
1785 10725
1786 10731
1787 10737
1788 10743
1789 10749
1790 10755
1791 10761
1792 10767
1793 10773
1794 10779
1795 10785
1796 10791
1797 10797
1798 10803
1799 10809
1800 10815
1801 10821
1802 10827
1803 10833
1804 10839
1805 10845
1806 10851
1807 10857
1808 10863
1809 10869
1810 10875
1811 10881
1812 10887
1813 10893
1814 10899
1815 10905
1816 10911
1817 10917
1818 10923
1819 10929
1820 10935
1821 10941
1822 10947
1823 10953
1824 10959
1825 10965
1826 10971
1827 10977
1828 10983
1829 10989
1830 10995
1831 11001
1832 11007
1833 11013
1834 11019
1835 11025
1836 11031
1837 11037
1838 11043
1839 11049
1840 11055
1841 11061
1842 11067
1843 11073
1844 11079
1845 11085
1846 11091
1847 11097
1848 11103
1849 11109
1850 11115
1851 11121
1852 11127
1853 11133
1854 11139
1855 11145
1856 11151
1857 11157
1858 11163
1859 11169
1860 11175
1861 11181
1862 11187
1863 11193
1864 11199
1865 11205
1866 11211
1867 11217
1868 11223
1869 11229
1870 11235
1871 11241
1872 11247
1873 11253
1874 11259
1875 11265
1876 11271
1877 11277
1878 11283
1879 11289
1880 11295
1881 11301
1882 11307
1883 11313
1884 11319
1885 11325
1886 11331
1887 11337
1888 11343
1889 11349
1890 11355
1891 11361
1892 11367
1893 11373
1894 11379
1895 11385
1896 11391
1897 11397
1898 11403
1899 11409
1900 11415
1901 11421
1902 11427
1903 11433
1904 11439
1905 11445
1906 11451
1907 11457
1908 11463
1909 11469
1910 11475
1911 11481
1912 11487
1913 11493
1914 11499
1915 11505
1916 11511
1917 11517
1918 11523
1919 11529
1920 11535
1921 11541
1922 11547
1923 11553
1924 11559
1925 11565
1926 11571
1927 11577
1928 11583
1950 11589
1951 11595
1952 11601
1953 11607
1954 11613
1955 11619
1956 11625
1957 11631
1958 11637
1959 11643
1960 11649
1961 11655
1962 11661
1963 11667
1964 11673
1965 11679
1966 11685
1967 11691
1968 11697
1969 11703
1970 11709
1971 11715
1972 11721
1973 11727
1974 11733
1975 11739
1976 11745
1977 11751
1978 11757
1979 11763
1980 11769
1981 11775
1982 11781
1983 11787
1984 11793
1985 11799
1986 11805
1987 11811
1988 11817
1989 11823
1990 11829
1991 11835
1992 11841
1993 11847
1994 11853
1995 11859
1996 11865
1997 11871
1998 11877
1999 11883
2000 11889
2001 11895
2002 11901
2003 11907
2004 11913
2005 11919
2006 11925
2007 11931
2008 11937
2009 11943
2010 11949
2011 11955
2012 11961
2013 11967
2014 11973
2015 11979
2016 11985
2017 11991
2018 11997
2019 12003
2020 12009
2021 12015
2022 12021
2023 12027
2024 12033
2025 12039
2026 12045
2027 12051
2028 12057
2029 12063
2030 12069
2031 12075
2032 12081
2033 12087
2034 12093
2035 12099
2036 12105
2037 12111
2038 12117
2039 12123
2040 12129
2041 12135
2042 12141
2043 12147
2044 12153
2045 12159
2046 12165
2047 12171
2048 12177
2049 12183
2050 12189
2051 12195
2052 12201
2053 12207
2054 12213
2055 12219
2056 12225
2057 12231
2058 12237
2059 12243
2060 12249
2061 12255
2062 12261
2063 12267
2064 12273
2065 12279
2066 12285
2067 12291
2068 12297
2069 12303
2070 12309
2071 12315
2072 12321
2073 12327
2074 12333
2075 12339
2076 12345
2077 12351
2078 12357
2079 12363
2080 12369
2081 12375
2082 12381
2083 12387
2084 12393
2085 12399
2086 12405
2087 12411
2088 12417
2089 12423
2090 12429
2091 12435
2092 12441
2093 12447
2094 12453
2095 12459
2096 12465
2097 12471
2098 12477
2099 12483
2100 12489
2101 12495
2102 12501
2103 12507
2104 12513
2105 12519
2106 12525
2107 12531
2108 12537
2109 12543
2110 12549
2111 12555
2112 12561
2113 12567
2114 12573
2115 12579
2116 12585
2117 12591
2118 12597
2119 12603
2120 12609
2121 12615
2122 12621
2123 12627
2124 12633
2125 12639
2126 12645
2127 12651
2128 12657
2129 12663
2130 12669
2131 12675
2132 12681
2133 12687
2134 12693
2135 12699
2136 12705
2137 12711
2138 12717
2139 12723
2140 12729
2141 12735
2142 12741
2143 12747
2144 12753
2145 12759
2146 12765
2147 12771
2148 12777
2149 12783
2150 12789
2151 12795
2152 12801
2153 12807
2154 12810
2155 12815
2156 12821
2157 12827
2158 12833
2159 12839
2160 12845
2161 12851
2162 12857
2163 12863
2164 12869
2165 12875
2166 12881
2167 12887
2168 12893
2169 12899
2170 12905
2171 12908
2172 12914
2173 12920
2174 12926
2175 12932
2176 12938
2177 12944
2178 12950
2179 12956
2180 12962
2181 12968
2182 12974
2183 12980
2184 12986
2185 12992
2186 12998
2187 13004
2188 13010
2189 13016
2190 13022
2191 13028
2192 13034
2193 13040
2194 13046
2195 13052
2196 13058
2197 13064
2198 13070
2199 13076
2200 13082
2201 13088
2202 13094
2203 13100
2204 13106
2205 13112
2206 13118
2207 13124
2208 13130
2209 13136
2210 13142
2211 13148
2212 13154
2213 13160
2214 13166
2215 13172
2216 13178
2217 13184
2218 13190
2219 13196
2220 13202
2221 13208
2222 13214
2223 13220
2224 13226
2225 13232
2226 13238
2227 13244
2228 13250
2229 13256
2230 13262
2231 13268
2232 13274
2233 13280
2234 13286
2235 13292
2236 13298
2237 13304
2238 13310
2239 13316
2240 13322
2241 13328
2242 13334
2243 13340
2244 13346
2245 13352
2246 13358
2247 13364
2248 13370
2249 13376
2250 13382
2251 13388
2252 13394
2253 13400
2254 13406
2255 13412
2256 13418
2257 13424
2258 13430
2259 13436
2260 13442
2261 13448
2262 13454
2263 13460
2264 13466
2265 13472
2266 13478
2267 13484
2268 13490
2269 13496
2270 13502
2271 13508
2272 13514
2273 13520
2274 13526
2275 13532
2276 13538
2277 13544
2278 13550
2279 13556
2280 13562
2281 13568
2282 13574
2283 13580
2284 13586
2285 13592
2286 13598
2287 13604
2288 13610
2289 13616
2290 13622
2291 13628
2292 13634
2293 13640
2294 13646
2295 13652
2296 13658
2297 13664
2298 13670
2299 13676
2300 13682
2301 13688
2302 13694
2303 13700
2304 13706
2305 13712
2306 13718
2307 13724
2308 13730
2309 13736
2310 13742
2311 13748
2312 13754
2313 13760
2314 13766
2315 13772
2316 13778
2317 13784
2318 13790
2319 13796
2320 13802
2321 13808
2322 13814
2323 13820
2324 13826
2325 13832
2326 13838
2327 13844
2328 13850
2329 13856
2330 13862
2331 13868
2332 13874
2333 13880
2334 13886
2335 13892
2336 13898
2337 13904
2338 13910
2339 13916
2340 13922
2341 13928
2342 13934
2343 13940
2344 13946
2345 13952
2346 13958
2347 13964
2348 13967
2349 13973
2350 13979
2351 13985
2352 13988
2353 13994
2354 14000
2355 14006
2356 14012
2357 14018
2358 14024
2359 14027
2360 14033
2361 14039
2362 14045
2363 14051
2364 14057
2365 14063
2366 14069
2367 14075
2368 14081
2369 14087
2370 14093
2371 14099
2372 14105
2373 14111
2374 14117
2375 14122
2376 14123
2377 14124
2378 14125
2379 14126
2380 14130
2381 14136
2382 14139
2383 14145
2384 14151
2385 14157
2386 14163
2387 14169
2388 14175
2389 14181
2390 14187
2391 14193
2392 14199
2393 14205
2394 14211
2395 14217
2396 14223
2397 14229
2398 14235
2399 14241
2400 14247
2401 14253
2402 14259
2403 14265
2404 14271
2405 14277
2406 14283
2407 14289
2408 14295
2409 14301
2410 14307
2411 14313
2412 14319
2413 14325
2414 14331
2415 14337
2416 14343
2417 14349
2418 14355
2419 14361
2420 14367
2421 14373
2422 14379
2423 14385
2424 14391
2425 14397
2426 14403
2427 14409
2428 14415
2429 14421
2430 14427
2431 14433
2432 14439
2433 14445
2434 14451
2435 14457
2436 14463
2437 14469
2438 14475
2439 14481
2440 14487
2441 14493
2442 14499
2443 14505
2444 14511
2445 14517
2446 14523
2447 14529
2448 14535
2449 14541
2450 14547
2451 14553
2452 14559
2453 14565
2454 14571
2455 14577
2456 14583
2457 14589
2458 14595
2459 14601
2460 14607
2461 14613
2462 14619
2463 14625
2464 14631
2465 14637
2466 14643
2467 14649
2468 14655
2469 14661
2470 14667
2471 14673
2472 14679
2473 14685
2474 14691
2475 14697
2476 14703
2477 14709
2478 14715
2479 14721
2480 14727
2481 14733
2482 14739
2483 14745
2484 14751
2485 14757
2486 14763
2487 14769
2488 14775
2489 14781
2490 14787
2491 14793
2492 14799
2493 14805
2494 14811
2495 14817
2496 14823
2497 14829
2498 14835
2499 14841
2500 14847
2501 14853
2502 14859
2503 14865
2504 14871
2505 14877
2506 14883
2507 14889
2508 14895
2509 14901
2510 14907
2511 14913
2512 14919
2513 14925
2514 14931
2515 14937
2516 14943
2517 14949
2518 14955
2519 14961
2520 14967
2521 14973
2522 14979
2523 14985
2524 14991
2525 14997
2526 15003
2527 15009
2528 15015
2529 15021
2530 15027
2531 15033
2532 15039
2533 15045
2534 15051
2535 15057
2536 15063
2537 15069
2538 15075
2539 15081
2540 15087
2541 15093
2542 15099
2543 15105
2544 15111
2545 15117
2546 15123
2547 15129
2548 15135
2549 15141
2550 15147
2551 15153
2552 15159
2553 15165
2554 15171
2555 15177
2556 15183
2557 15189
2558 15195
2559 15201
2560 15207
2561 15213
2562 15219
2563 15225
2564 15231
2565 15237
2566 15243
2567 15249
2568 15255
2569 15261
2570 15267
2571 15273
2572 15279
2573 15285
2574 15291
2575 15297
2576 15303
2577 15309
2578 15315
2579 15321
2580 15327
2581 15333
2582 15339
2583 15345
2584 15351
2585 15357
2586 15363
2587 15369
2588 15375
2589 15381
2590 15387
2591 15393
2592 15399
2593 15405
2594 15411
2595 15417
2596 15423
2597 15429
2598 15435
2599 15441
2600 15447
2601 15453
2602 15459
2603 15465
2604 15471
2605 15477
2606 15483
2607 15489
2608 15495
2609 15501
2610 15507
2611 15513
2612 15519
2613 15525
2614 15531
2615 15537
2616 15543
2617 15549
2618 15555
2619 15561
2620 15567
2621 15573
2622 15579
2623 15585
2624 15591
2625 15597
2626 15603
2627 15609
2628 15615
2629 15621
2630 15627
2631 15633
2632 15639
2633 15645
2634 15651
2635 15657
2636 15663
2637 15669
2638 15675
2639 15681
2640 15687
2641 15693
2642 15699
2643 15705
2644 15711
2645 15717
2646 15723
2647 15729
2648 15735
2649 15741
2650 15747
2651 15753
2652 15759
2653 15765
2654 15771
2655 15777
2656 15783
2657 15789
2658 15795
2659 15801
2660 15807
2661 15813
2662 15819
2663 15825
2664 15831
2665 15837
2666 15843
2667 15849
2668 15855
2669 15861
2670 15867
2671 15873
2672 15879
2673 15885
2674 15891
2675 15897
2676 15903
2677 15909
2678 15915
2679 15921
2680 15927
2681 15933
2682 15939
2683 15945
2684 15951
2685 15957
2686 15963
2687 15969
2688 15975
2689 15981
2690 15987
2691 15993
2692 15999
2693 16005
2694 16011
2695 16017
2696 16023
2697 16029
2698 16035
2699 16041
2700 16047
2701 16053
2702 16059
2703 16065
2704 16071
2705 16077
2706 16083
2707 16089
2708 16095
2709 16101
2710 16107
2711 16113
2712 16119
2713 16125
2714 16131
2715 16137
2716 16143
2717 16149
2718 16155
2719 16161
2720 16167
2721 16173
2722 16179
2723 16185
2724 16191
2725 16197
2726 16203
2727 16209
2728 16215
2729 16221
2730 16227
2731 16233
2732 16239
2733 16245
2734 16251
2735 16257
2736 16263
2737 16269
2738 16275
2739 16281
2740 16287
2741 16293
2742 16299
2743 16305
2744 16311
2745 16317
2746 16323
2747 16329
2748 16335
2749 16341
2750 16347
2751 16353
2752 16359
2753 16365
2754 16371
2755 16377
2756 16383
2757 16389
2758 16395
2759 16401
2760 16407
2761 16413
2762 16419
2763 16425
2764 16431
2765 16437
2766 16443
2767 16449
2768 16455
2769 16461
2770 16467
2771 16473
2772 16479
2773 16485
2774 16491
2775 16497
2776 16503
2777 16509
2778 16515
2779 16521
2780 16527
2781 16533
2782 16539
