0 1495
1 1501
2 1507
3 1513
4 1519
5 1525
6 1531
7 1537
8 1543
9 1549
10 1555
11 1561
12 1567
13 1573
14 1579
15 1585
16 1591
17 1597
18 1603
19 1609
20 1615
21 1621
22 1627
23 1633
24 1639
25 1645
26 1651
27 1657
28 1663
29 1669
30 1675
31 1681
32 1687
33 1693
34 1699
35 1705
36 1711
37 1717
38 1723
39 1729
40 1735
41 1741
42 1747
43 1753
44 1759
45 1765
46 1771
47 1777
48 1783
49 1789
50 1795
51 1801
52 1807
53 1813
54 1819
55 1825
56 1831
57 1837
58 1843
59 1849
60 1855
61 1861
62 1867
63 1873
64 1879
65 1885
66 1891
67 1897
68 1903
69 1909
70 1915
71 1921
72 1927
73 1933
74 1939
75 1945
76 1951
77 1957
78 1963
79 1969
80 1975
81 1981
82 1987
83 1993
84 1999
85 2005
86 2011
87 2017
88 2023
89 2029
90 2035
91 2041
92 2047
93 2053
94 2059
95 2065
96 2071
97 2077
98 2083
99 2089
100 2095
101 2101
102 2107
103 2113
104 2119
105 2125
106 2131
107 2137
108 2143
109 2149
110 2155
111 2161
112 2167
113 2173
114 2179
115 2185
116 2191
117 2197
118 2203
119 2209
120 2215
121 2221
122 2227
123 2233
124 2239
125 2245
126 2251
127 2257
128 2263
129 2269
130 2275
131 2281
132 2287
133 2293
134 2299
135 2305
136 2311
137 2317
138 2323
139 2329
140 2335
141 2341
142 2347
143 2353
144 2359
145 2365
146 2371
147 2377
148 2383
149 2389
150 2395
151 2401
152 2407
153 2413
154 2419
155 2425
156 2431
157 2437
158 2443
159 2449
160 2455
161 2461
162 2467
163 2473
164 2479
165 2485
166 2491
167 2497
168 2503
169 2509
170 2515
171 2521
172 2527
173 2533
174 2539
175 2545
176 2551
177 2557
178 2563
179 2569
180 2575
181 2581
182 2587
183 2593
184 2599
185 2605
186 2611
187 2617
188 2623
189 2629
190 2635
191 2641
192 2647
193 2653
194 2659
195 2665
196 2671
197 2677
198 2683
199 2689
200 2695
201 2701
202 2707
203 2713
204 2719
205 2725
206 2731
207 2737
208 2743
209 2749
210 2755
211 2761
212 2767
213 2773
214 2779
215 2785
216 2791
217 2797
218 2803
219 2809
220 2815
221 2821
222 2827
223 2833
224 2839
225 2845
226 2851
227 2857
228 2863
229 2869
230 2875
231 2881
232 2887
233 2893
234 2899
235 2905
236 2911
237 2917
238 2923
239 2929
240 2935
241 2941
242 2947
243 2953
244 2959
245 2965
246 2971
247 2977
248 2983
249 2989
250 2995
251 3001
252 3007
253 3013
254 3019
255 3025
256 3031
257 3037
258 3043
259 3049
260 3055
261 3061
262 3067
263 3073
264 3079
265 3085
266 3091
267 3097
268 3103
269 3109
270 3115
271 3121
272 3127
273 3133
274 3139
275 3145
276 3151
277 3157
278 3163
279 3169
280 3175
281 3181
282 3187
283 3193
284 3199
285 3205
286 3211
287 3217
288 3223
289 3229
290 3235
291 3241
292 3247
293 3253
294 3259
295 3265
296 3271
297 3277
298 3283
299 3289
300 3295
301 3301
302 3307
303 3313
304 3319
305 3325
306 3331
307 3337
308 3343
309 3349
310 3355
311 3361
312 3367
313 3373
314 3379
315 3385
316 3391
317 3397
318 3403
319 3409
320 3415
321 3421
322 3427
323 3433
324 3439
325 3445
326 3451
327 3457
328 3463
329 3469
330 3475
331 3481
332 3487
333 3493
334 3499
335 3505
336 3511
337 3517
338 3523
339 3529
340 3535
341 3541
342 3547
343 3553
344 3559
345 3565
346 3571
347 3577
348 3583
349 3589
350 3595
351 3601
352 3607
353 3613
354 3619
355 3625
356 3631
357 3637
358 3643
359 3649
360 3655
361 3661
362 3667
363 3673
364 3679
365 3685
366 3691
367 3697
368 3703
369 3709
370 3715
371 3721
372 3727
373 3733
374 3739
375 3745
376 3751
377 3757
378 3763
379 3769
380 3775
381 3781
382 3787
383 3793
384 3799
385 3805
386 3811
387 3817
388 3823
389 3829
390 3835
391 3841
392 3847
393 3853
394 3859
395 3865
396 3871
397 3877
398 3883
399 3889
400 3895
401 3901
402 3907
403 3913
404 3919
405 3925
406 3931
407 3937
408 3943
409 3949
410 3955
411 3961
412 3967
413 3973
414 3979
415 3985
416 3991
417 3997
418 4003
419 4009
420 4015
421 4021
422 4027
423 4033
424 4039
425 4045
426 4051
427 4057
428 4063
429 4069
430 4075
431 4081
432 4087
433 4093
434 4099
435 4105
436 4111
437 4117
438 4123
439 4129
440 4135
441 4141
442 4147
443 4153
444 4159
445 4165
446 4171
447 4177
448 4183
449 4189
450 4195
451 4201
452 4207
453 4213
454 4219
455 4225
456 4231
457 4237
458 4243
459 4249
460 4255
461 4261
462 4267
463 4273
464 4279
465 4285
466 4291
467 4297
468 4303
469 4309
470 4315
471 4321
472 4327
473 4333
474 4339
475 4345
476 4351
477 4357
478 4363
479 4369
480 4375
481 4381
482 4387
483 4393
484 4399
485 4405
486 4411
487 4417
488 4423
489 4429
490 4435
491 4441
492 4447
493 4453
494 4459
495 4465
496 4471
497 4477
498 4483
499 4489
500 4495
501 4501
502 4507
503 4513
504 4519
505 4525
506 4531
507 4537
508 4543
509 4549
510 4555
511 4561
512 4567
513 4573
514 4579
515 4585
516 4591
517 4597
518 4603
519 4609
520 4615
521 4621
522 4627
523 4633
524 4639
525 4645
526 4651
527 4657
528 4663
529 4669
530 4675
531 4681
532 4687
533 4693
534 4699
535 4705
536 4711
537 4717
538 4723
539 4729
540 4735
541 4741
542 4747
543 4753
544 4759
545 4765
546 4771
547 4777
548 4783
549 4789
550 4795
551 4801
552 4807
553 4813
554 4819
555 4825
556 4831
557 4837
558 4843
559 4849
560 4855
561 4856
562 4862
563 4868
564 4874
570 4877
571 4881
572 4884
573 4890
574 4895
575 4901
576 4904
577 4907
578 4913
579 4919
580 4925
581 4931
582 4937
583 4943
584 4949
585 4955
586 4961
587 4967
588 4973
589 4979
590 4985
591 4991
592 4997
593 5003
594 5009
595 5015
596 5021
597 5027
598 5033
599 5039
600 5045
601 5051
602 5057
603 5063
604 5069
605 5075
606 5081
607 5087
608 5093
609 5099
610 5105
611 5111
612 5117
613 5123
614 5129
615 5135
616 5141
617 5147
618 5153
619 5159
620 5165
621 5171
622 5177
623 5183
624 5189
625 5195
626 5201
627 5207
628 5213
629 5219
630 5225
631 5231
632 5237
633 5243
634 5249
635 5255
636 5261
637 5267
638 5273
639 5279
640 5285
641 5291
642 5297
643 5303
644 5309
645 5315
646 5321
647 5327
648 5333
649 5339
650 5345
651 5351
652 5357
653 5363
654 5369
655 5375
656 5381
657 5387
658 5393
659 5399
660 5405
661 5411
662 5417
663 5423
664 5429
665 5435
666 5441
667 5447
668 5453
669 5459
670 5465
671 5471
672 5477
673 5483
674 5489
675 5495
676 5501
677 5507
678 5513
679 5519
680 5525
681 5531
682 5537
683 5543
684 5549
685 5555
686 5561
687 5567
688 5573
689 5579
690 5585
691 5591
692 5597
693 5603
694 5609
695 5615
696 5621
697 5627
698 5633
699 5639
700 5645
701 5651
702 5657
703 5663
704 5669
705 5675
706 5681
707 5687
708 5693
709 5699
712 5704
715 5705
716 5710
718 5714
719 5719
720 5725
721 5731
722 5737
723 5743
724 5749
725 5755
726 5761
727 5767
728 5773
729 5779
730 5785
731 5791
732 5797
733 5803
734 5809
735 5815
736 5821
737 5827
738 5833
739 5839
740 5842
741 5848
742 5854
743 5860
744 5866
745 5872
746 5878
747 5884
748 5890
749 5896
750 5902
751 5908
752 5914
753 5920
754 5926
755 5932
756 5938
757 5944
758 5950
759 5956
760 5962
761 5968
762 5974
763 5980
764 5986
765 5992
766 5998
767 6004
768 6010
769 6016
770 6022
771 6028
772 6034
773 6040
774 6046
775 6052
776 6058
777 6064
778 6070
779 6076
780 6082
781 6088
782 6094
783 6100
784 6106
785 6112
786 6118
787 6124
788 6130
789 6136
790 6142
791 6148
792 6154
793 6160
794 6166
795 6172
796 6178
797 6184
798 6190
799 6196
800 6202
801 6208
802 6214
803 6220
804 6226
805 6232
806 6238
807 6244
808 6250
809 6256
810 6262
811 6268
812 6274
813 6280
814 6286
815 6292
816 6298
817 6304
818 6310
819 6316
820 6322
821 6328
822 6334
823 6340
824 6346
825 6352
826 6358
827 6364
828 6370
829 6376
830 6382
831 6388
832 6394
833 6400
834 6406
835 6412
836 6418
837 6424
838 6430
839 6436
840 6442
841 6448
842 6454
843 6460
844 6466
845 6472
846 6478
847 6484
848 6490
849 6496
850 6502
851 6508
852 6514
853 6520
854 6526
855 6532
856 6538
857 6544
858 6550
859 6556
860 6562
861 6567
862 6569
863 6575
864 6581
865 6587
866 6593
868 6600
869 6606
870 6612
871 6618
872 6624
873 6630
874 6636
875 6642
876 6648
877 6654
878 6660
879 6666
880 6672
881 6678
882 6684
883 6691
884 6697
885 6703
886 6709
887 6715
888 6721
889 6727
890 6733
891 6738
892 6744
893 6750
894 6756
895 6762
896 6768
897 6774
898 6780
899 6786
900 6792
901 6798
902 6804
903 6810
904 6816
905 6822
906 6828
907 6834
908 6840
909 6846
910 6852
911 6858
912 6864
913 6870
914 6876
915 6882
916 6888
917 6894
918 6900
919 6906
920 6912
921 6918
922 6924
923 6930
924 6936
925 6942
926 6948
927 6954
928 6960
929 6966
930 6972
931 6978
932 6985
933 6991
934 6997
935 7003
936 7009
937 7015
938 7021
939 7027
940 7033
941 7039
942 7045
943 7051
944 7057
945 7063
946 7069
947 7075
948 7080
949 7086
950 7092
951 7098
952 7104
953 7110
954 7116
955 7122
956 7128
957 7134
958 7140
959 7146
960 7152
961 7158
962 7164
963 7170
964 7176
965 7182
966 7188
967 7194
968 7200
969 7206
970 7212
971 7218
972 7224
973 7230
974 7236
975 7242
976 7248
977 7254
978 7260
979 7266
980 7272
981 7278
982 7284
983 7290
984 7296
985 7302
986 7308
987 7314
988 7320
989 7326
990 7332
991 7338
992 7344
993 7350
994 7356
995 7362
996 7368
997 7374
998 7380
999 7386
1000 7392
1001 7398
1002 7404
1003 7410
1004 7416
1005 7422
1006 7428
1007 7434
1008 7440
1009 7446
1010 7452
1011 7458
1012 7464
1013 7470
1014 7476
1015 7482
1016 7488
1017 7494
1018 7500
1019 7506
1020 7512
1021 7518
1022 7524
1023 7530
1024 7536
1025 7542
1026 7548
1027 7554
1028 7560
1029 7566
1030 7572
1031 7578
1032 7584
1033 7590
1034 7596
1035 7602
1036 7608
1037 7614
1038 7620
1039 7626
1040 7632
1041 7638
1042 7644
1059 7645
1060 7649
1061 7655
1062 7661
1063 7667
1064 7673
1065 7679
1066 7685
1067 7691
1068 7697
1069 7703
1070 7706
1071 7712
1072 7718
1073 7724
1074 7730
1075 7736
1076 7742
1077 7748
1078 7754
1079 7761
1080 7767
1081 7773
1082 7779
1083 7785
1084 7791
1085 7797
1086 7803
1087 7809
1088 7815
1089 7821
1090 7827
1091 7833
1092 7839
1093 7845
1094 7851
1095 7857
1096 7863
1097 7869
1098 7875
1099 7881
1100 7887
1101 7893
1102 7899
1103 7905
1104 7911
1105 7917
1106 7923
1107 7929
1108 7935
1109 7941
1110 7947
1111 7953
1112 7958
1113 7964
1114 7970
1115 7976
1116 7982
1117 7988
1118 7994
1119 8000
1120 8007
1121 8013
1122 8019
1123 8025
1124 8031
1125 8037
1126 8043
1127 8049
1128 8055
1129 8061
1130 8067
1131 8073
1132 8079
1133 8085
1134 8091
1135 8097
1136 8102
1137 8108
1138 8114
1139 8120
1140 8126
1141 8132
1142 8138
1143 8144
1144 8150
1145 8156
1146 8162
1147 8168
1148 8174
1149 8180
1150 8186
1151 8192
1152 8198
1153 8204
1154 8210
1155 8216
1156 8222
1157 8228
1158 8234
1159 8240
1160 8246
1161 8253
1162 8259
1163 8265
1164 8271
1165 8277
1166 8283
1167 8289
1168 8295
1169 8300
1170 8306
1171 8312
1172 8318
1173 8324
1174 8330
1175 8336
1176 8342
1177 8348
1178 8354
1179 8360
1180 8366
1181 8372
1182 8378
1183 8384
1184 8390
1185 8396
1186 8402
1187 8408
1188 8414
1189 8420
1190 8426
1191 8432
1192 8438
1193 8444
1194 8450
1195 8455
1196 8459
1197 8465
1198 8471
1199 8477
1200 8483
1201 8489
1202 8495
1203 8501
1204 8507
1205 8513
1206 8519
1207 8525
1208 8531
1209 8537
1210 8543
1211 8549
1212 8555
1213 8561
1214 8567
1215 8573
1216 8579
1217 8585
1218 8592
1219 8598
1220 8604
1221 8610
1222 8616
1223 8622
1224 8628
1225 8634
1226 8640
1227 8646
1228 8652
1229 8658
1230 8664
1231 8670
1232 8676
1233 8682
1234 8687
1235 8693
1236 8699
1237 8705
1238 8711
1239 8717
1240 8723
1241 8729
1242 8735
1243 8742
1244 8748
1245 8754
1246 8760
1247 8766
1248 8772
1249 8778
1250 8784
1251 8790
1252 8796
1253 8802
1254 8808
1255 8814
1256 8820
1257 8826
1258 8832
1259 8838
1260 8844
1261 8850
1262 8856
1263 8862
1264 8868
1265 8874
1266 8880
1267 8886
1268 8892
1269 8898
1270 8904
1271 8910
1272 8916
1273 8922
1274 8928
1275 8934
1276 8940
1277 8946
1278 8952
1279 8958
1280 8964
1281 8970
1282 8976
1283 8982
1284 8988
1285 8994
1286 9000
1287 9006
1288 9012
1289 9018
1290 9024
1291 9030
1292 9036
1293 9042
1294 9048
1295 9054
1296 9060
1297 9066
1298 9072
1299 9078
1300 9084
1301 9090
1302 9096
1303 9102
1304 9108
1305 9114
1306 9120
1307 9126
1308 9132
1309 9138
1310 9144
1311 9150
1312 9156
1313 9162
1314 9168
1315 9174
1316 9180
1317 9186
1318 9192
1319 9198
1320 9204
1321 9210
1322 9216
1323 9222
1324 9228
1325 9234
1326 9240
1327 9246
1328 9252
1329 9258
1330 9264
1331 9270
1332 9276
1333 9282
1334 9288
1335 9294
1336 9300
1337 9306
1338 9312
1339 9318
1340 9324
1341 9330
1342 9336
1343 9342
1344 9348
1345 9354
1346 9360
1347 9366
1348 9372
1349 9378
1350 9384
1351 9390
1352 9396
1353 9402
1354 9408
1355 9414
1356 9420
1357 9426
1358 9432
1359 9438
1360 9444
1361 9450
1362 9456
1363 9462
1364 9468
1365 9474
1366 9480
1367 9486
1368 9492
1369 9498
1370 9504
1371 9510
1372 9516
1373 9522
1374 9527
1375 9531
1376 9537
1377 9543
1378 9549
1379 9555
1380 9561
1381 9567
1382 9573
1383 9579
1384 9585
1385 9591
1386 9597
1387 9603
1388 9609
1389 9615
1390 9621
1391 9627
1392 9633
1393 9639
1394 9645
1395 9651
1396 9657
1397 9663
1398 9669
1399 9675
1400 9681
1401 9687
1402 9693
1403 9699
1404 9705
1405 9711
1406 9717
1407 9723
1408 9729
1409 9735
1410 9741
1411 9747
1412 9753
1413 9759
1414 9765
1415 9771
1416 9777
1417 9783
1418 9789
1419 9795
1420 9801
1421 9807
1422 9813
1423 9819
1424 9825
1425 9831
1426 9837
1427 9843
1428 9849
1429 9855
1430 9861
1431 9867
1432 9873
1433 9879
1434 9885
1435 9891
1436 9897
1437 9903
1438 9909
1439 9915
1440 9921
1441 9927
1442 9933
1443 9939
1444 9945
1445 9951
1446 9957
1447 9962
1448 9968
1449 9974
1450 9980
1451 9986
1452 9992
1453 9998
1454 10004
1455 10011
1456 10017
1457 10023
1458 10029
1459 10035
1460 10041
1461 10047
1462 10053
1463 10059
1464 10065
1465 10071
1466 10077
1467 10083
1468 10089
1469 10095
1470 10101
1471 10106
1472 10112
1473 10118
1474 10124
1475 10130
1476 10136
1477 10142
1478 10148
1479 10155
1480 10161
1481 10167
1482 10173
1483 10179
1484 10185
1485 10191
1486 10197
1487 10203
1488 10209
1489 10215
1490 10221
1491 10227
1492 10233
1493 10239
1494 10245
1495 10251
1496 10257
1497 10263
1498 10269
1499 10275
1500 10281
1501 10287
1502 10293
1503 10299
1504 10305
1505 10311
1506 10317
1507 10323
1508 10329
1509 10335
1510 10341
1511 10347
1512 10353
1513 10359
1514 10365
1515 10371
1516 10377
1517 10383
1518 10389
1519 10395
1520 10401
1521 10407
1522 10413
1523 10419
1524 10425
1525 10431
1526 10437
1527 10443
1528 10449
1529 10455
1530 10461
1531 10467
1532 10473
1533 10479
1534 10485
1535 10491
1536 10497
1537 10503
1538 10509
1539 10515
1540 10521
1541 10527
1542 10533
1543 10539
1544 10545
1545 10551
1546 10557
1547 10563
1548 10569
1549 10575
1550 10581
1551 10587
1552 10593
1553 10599
1554 10605
1555 10611
1556 10617
1557 10623
1558 10629
1559 10635
1560 10641
1561 10647
1562 10653
1563 10659
1564 10665
1565 10671
1566 10677
1567 10683
1568 10689
1569 10695
1570 10701
1571 10707
1572 10713
1573 10719
1574 10725
1575 10731
1576 10737
1577 10743
1578 10749
1579 10755
1580 10761
1581 10767
1582 10773
1583 10779
1584 10785
1585 10791
1586 10797
1587 10803
1588 10809
1589 10815
1590 10821
1591 10827
1592 10833
1593 10839
1594 10845
1595 10851
1596 10857
1597 10863
1598 10869
1599 10875
1600 10881
1601 10887
1602 10893
1603 10899
1604 10905
1605 10911
1606 10917
1607 10923
1608 10929
1609 10935
1610 10941
1611 10947
1612 10953
1613 10959
1614 10965
1615 10971
1616 10977
1617 10983
1618 10989
1619 10995
1620 11001
1621 11007
1622 11013
1623 11019
1624 11025
1625 11031
1626 11037
1627 11043
1628 11049
1629 11055
1630 11061
1631 11067
1632 11073
1633 11079
1634 11085
1635 11091
1636 11097
1637 11103
1638 11109
1639 11115
1640 11121
1641 11127
1642 11133
1643 11139
1644 11145
1645 11151
1646 11157
1647 11163
1648 11169
1649 11175
1650 11181
1651 11187
1652 11193
1653 11199
1654 11205
1655 11211
1656 11217
1657 11223
1658 11229
1659 11235
1660 11241
1661 11247
1662 11253
1663 11259
1664 11265
1665 11271
1666 11277
1667 11283
1668 11289
1669 11295
1670 11301
1671 11307
1672 11313
1673 11319
1674 11325
1675 11331
1676 11337
1677 11343
1678 11349
1679 11355
1680 11361
1681 11367
1682 11373
1683 11379
1684 11385
1685 11391
1686 11397
1687 11403
1688 11409
1689 11415
1690 11421
1691 11427
1692 11433
1693 11439
1694 11445
1695 11451
1696 11457
1697 11463
1698 11469
1699 11475
1700 11481
1701 11487
1702 11493
1703 11499
1704 11505
1705 11511
1706 11517
1707 11523
1708 11529
1709 11535
1710 11541
1711 11547
1712 11553
1713 11559
1714 11565
1715 11571
1716 11577
1717 11583
1739 11589
1740 11595
1741 11601
1742 11607
1743 11613
1744 11619
1745 11625
1746 11631
1747 11637
1748 11643
1749 11649
1750 11655
1751 11661
1752 11667
1753 11673
1754 11679
1755 11685
1756 11691
1757 11697
1758 11703
1759 11709
1760 11715
1761 11721
1762 11727
1763 11733
1764 11739
1765 11745
1766 11751
1767 11757
1768 11763
1769 11769
1770 11775
1771 11781
1772 11787
1773 11793
1774 11799
1775 11805
1776 11811
1777 11817
1778 11823
1779 11829
1780 11835
1781 11841
1782 11847
1783 11853
1784 11859
1785 11865
1786 11871
1787 11877
1788 11883
1789 11889
1790 11895
1791 11901
1792 11907
1793 11913
1794 11919
1795 11925
1796 11931
1797 11937
1798 11943
1799 11949
1800 11955
1801 11961
1802 11967
1803 11973
1804 11979
1805 11985
1806 11991
1807 11997
1808 12003
1809 12009
1810 12015
1811 12021
1812 12027
1813 12033
1814 12039
1815 12045
1816 12051
1817 12057
1818 12063
1819 12069
1820 12075
1821 12081
1822 12087
1823 12093
1824 12099
1825 12105
1826 12111
1827 12117
1828 12123
1829 12129
1830 12135
1831 12141
1832 12147
1833 12153
1834 12159
1835 12165
1836 12171
1837 12177
1838 12183
1839 12189
1840 12195
1841 12201
1842 12207
1843 12213
1844 12219
1845 12225
1846 12231
1847 12237
1848 12243
1849 12249
1850 12255
1851 12261
1852 12267
1853 12273
1854 12279
1855 12285
1856 12291
1857 12297
1858 12303
1859 12309
1860 12315
1861 12321
1862 12327
1863 12333
1864 12339
1865 12345
1866 12351
1867 12357
1868 12363
1869 12369
1870 12375
1871 12381
1872 12387
1873 12393
1874 12399
1875 12405
1876 12411
1877 12417
1878 12423
1879 12429
1880 12435
1881 12441
1882 12447
1883 12453
1884 12459
1885 12465
1886 12471
1887 12477
1888 12483
1889 12489
1890 12495
1891 12501
1892 12507
1893 12513
1894 12519
1895 12525
1896 12531
1897 12537
1898 12543
1899 12549
1900 12555
1901 12561
1902 12567
1903 12573
1904 12579
1905 12585
1906 12591
1907 12597
1908 12603
1909 12609
1910 12615
1911 12621
1912 12627
1913 12633
1914 12639
1915 12645
1916 12651
1917 12657
1918 12663
1919 12669
1920 12675
1921 12681
1922 12687
1923 12693
1924 12699
1925 12705
1926 12711
1927 12717
1928 12723
1929 12729
1930 12735
1931 12741
1932 12747
1933 12753
1934 12759
1935 12765
1936 12771
1937 12777
1938 12783
1939 12789
1940 12795
1941 12801
1942 12807
1943 12810
1944 12815
1945 12821
1946 12827
1947 12833
1948 12839
1949 12845
1950 12851
1951 12857
1952 12863
1953 12869
1954 12875
1955 12881
1956 12887
1957 12893
1958 12899
1959 12905
1960 12908
1961 12914
1962 12920
1963 12926
1964 12932
1965 12938
1966 12944
1967 12950
1968 12956
1969 12962
1970 12968
1971 12974
1972 12980
1973 12986
1974 12992
1975 12998
1976 13004
1977 13010
1978 13016
1979 13022
1980 13028
1981 13034
1982 13040
1983 13046
1984 13052
1985 13058
1986 13064
1987 13070
1988 13076
1989 13082
1990 13088
1991 13094
1992 13100
1993 13106
1994 13112
1995 13118
1996 13124
1997 13130
1998 13136
1999 13142
2000 13148
2001 13154
2002 13160
2003 13166
2004 13172
2005 13178
2006 13184
2007 13190
2008 13196
2009 13202
2010 13208
2011 13214
2012 13220
2013 13226
2014 13232
2015 13238
2016 13244
2017 13250
2018 13256
2019 13262
2020 13268
2021 13274
2022 13280
2023 13286
2024 13292
2025 13298
2026 13304
2027 13310
2028 13316
2029 13322
2030 13328
2031 13334
2032 13340
2033 13346
2034 13352
2035 13358
2036 13364
2037 13370
2038 13376
2039 13382
2040 13388
2041 13394
2042 13400
2043 13406
2044 13412
2045 13418
2046 13424
2047 13430
2048 13436
2049 13442
2050 13448
2051 13454
2052 13460
2053 13466
2054 13472
2055 13478
2056 13484
2057 13490
2058 13496
2059 13502
2060 13508
2061 13514
2062 13520
2063 13526
2064 13532
2065 13538
2066 13544
2067 13550
2068 13556
2069 13562
2070 13568
2071 13574
2072 13580
2073 13586
2074 13592
2075 13598
2076 13604
2077 13610
2078 13616
2079 13622
2080 13628
2081 13634
2082 13640
2083 13646
2084 13652
2085 13658
2086 13664
2087 13670
2088 13676
2089 13682
2090 13688
2091 13694
2092 13700
2093 13706
2094 13712
2095 13718
2096 13724
2097 13730
2098 13736
2099 13742
2100 13748
2101 13754
2102 13760
2103 13766
2104 13772
2105 13778
2106 13784
2107 13790
2108 13796
2109 13802
2110 13808
2111 13814
2112 13820
2113 13826
2114 13832
2115 13838
2116 13844
2117 13850
2118 13856
2119 13862
2120 13868
2121 13874
2122 13880
2123 13886
2124 13892
2125 13898
2126 13904
2127 13910
2128 13916
2129 13922
2130 13928
2131 13934
2132 13940
2133 13946
2134 13952
2135 13958
2136 13964
2137 13967
2138 13973
2139 13979
2140 13985
2141 13988
2142 13994
2143 14000
2144 14006
2145 14012
2146 14018
2147 14024
2148 14027
2149 14033
2150 14039
2151 14045
2152 14051
2153 14057
2154 14063
2155 14069
2156 14075
2157 14081
2158 14087
2159 14093
2160 14099
2161 14105
2162 14111
2163 14117
2164 14122
2165 14123
2166 14124
2167 14125
2168 14126
2169 14130
2170 14136
2171 14139
2172 14145
2173 14151
2174 14157
2175 14163
2176 14169
2177 14175
2178 14181
2179 14187
2180 14193
2181 14199
2182 14205
2183 14211
2184 14217
2185 14223
2186 14229
2187 14235
2188 14241
2189 14247
2190 14253
2191 14259
2192 14265
2193 14271
2194 14277
2195 14283
2196 14289
2197 14295
2198 14301
2199 14307
2200 14313
2201 14319
2202 14325
2203 14331
2204 14337
2205 14343
2206 14349
2207 14355
2208 14361
2209 14367
2210 14373
2211 14379
2212 14385
2213 14391
2214 14397
2215 14403
2216 14409
2217 14415
2218 14421
2219 14427
2220 14433
2221 14439
2222 14445
2223 14451
2224 14457
2225 14463
2226 14469
2227 14475
2228 14481
2229 14487
2230 14493
2231 14499
2232 14505
2233 14511
2234 14517
2235 14523
2236 14529
2237 14535
2238 14541
2239 14547
2240 14553
2241 14559
2242 14565
2243 14571
2244 14577
2245 14583
2246 14589
2247 14595
2248 14601
2249 14607
2250 14613
2251 14619
2252 14625
2253 14631
2254 14637
2255 14643
2256 14649
2257 14655
2258 14661
2259 14667
2260 14673
2261 14679
2262 14685
2263 14691
2264 14697
2265 14703
2266 14709
2267 14715
2268 14721
2269 14727
2270 14733
2271 14739
2272 14745
2273 14751
2274 14757
2275 14763
2276 14769
2277 14775
2278 14781
2279 14787
2280 14793
2281 14799
2282 14805
2283 14811
2284 14817
2285 14823
2286 14829
2287 14835
2288 14841
2289 14847
2290 14853
2291 14859
2292 14865
2293 14871
2294 14877
2295 14883
2296 14889
2297 14895
2298 14901
2299 14907
2300 14913
2301 14919
2302 14925
2303 14931
2304 14937
2305 14943
2306 14949
2307 14955
2308 14961
2309 14967
2310 14973
2311 14979
2312 14985
2313 14991
2314 14997
2315 15003
2316 15009
2317 15015
2318 15021
2319 15027
2320 15033
2321 15039
2322 15045
2323 15051
2324 15057
2325 15063
2326 15069
2327 15075
2328 15081
2329 15087
2330 15093
2331 15099
2332 15105
2333 15111
2334 15117
2335 15123
2336 15129
2337 15135
2338 15141
2339 15147
2340 15153
2341 15159
2342 15165
2343 15171
2344 15177
2345 15183
2346 15189
2347 15195
2348 15201
2349 15207
2350 15213
2351 15219
2352 15225
2353 15231
2354 15237
2355 15243
2356 15249
2357 15255
2358 15261
2359 15267
2360 15273
2361 15279
2362 15285
2363 15291
2364 15297
2365 15303
2366 15309
2367 15315
2368 15321
2369 15327
2370 15333
2371 15339
2372 15345
2373 15351
2374 15357
2375 15363
2376 15369
2377 15375
2378 15381
2379 15387
2380 15393
2381 15399
2382 15405
2383 15411
2384 15417
2385 15423
2386 15429
2387 15435
2388 15441
2389 15447
2390 15453
2391 15459
2392 15465
2393 15471
2394 15477
2395 15483
2396 15489
2397 15495
2398 15501
2399 15507
2400 15513
2401 15519
2402 15525
2403 15531
2404 15537
2405 15543
2406 15549
2407 15555
2408 15561
2409 15567
2410 15573
2411 15579
2412 15585
2413 15591
2414 15597
2415 15603
2416 15609
2417 15615
2418 15621
2419 15627
2420 15633
2421 15639
2422 15645
2423 15651
2424 15657
2425 15663
2426 15669
2427 15675
2428 15681
2429 15687
2430 15693
2431 15699
2432 15705
2433 15711
2434 15717
2435 15723
2436 15729
2437 15735
2438 15741
2439 15747
2440 15753
2441 15759
2442 15765
2443 15771
2444 15777
2445 15783
2446 15789
2447 15795
2448 15801
2449 15807
2450 15813
2451 15819
2452 15825
2453 15831
2454 15837
2455 15843
2456 15849
2457 15855
2458 15861
2459 15867
2460 15873
2461 15879
2462 15885
2463 15891
2464 15897
2465 15903
2466 15909
2467 15915
2468 15921
2469 15927
2470 15933
2471 15939
2472 15945
2473 15951
2474 15957
2475 15963
2476 15969
2477 15975
2478 15981
2479 15987
2480 15993
2481 15999
2482 16005
2483 16011
2484 16017
2485 16023
2486 16029
2487 16035
2488 16041
2489 16047
2490 16053
2491 16059
2492 16065
2493 16071
2494 16077
2495 16083
2496 16089
2497 16095
2498 16101
2499 16107
2500 16113
2501 16119
2502 16125
2503 16131
2504 16137
2505 16143
2506 16149
2507 16155
2508 16161
2509 16167
2510 16173
2511 16179
2512 16185
2513 16191
2514 16197
2515 16203
2516 16209
2517 16215
2518 16221
2519 16227
2520 16233
2521 16239
2522 16245
2523 16251
2524 16257
2525 16263
2526 16269
2527 16275
2528 16281
2529 16287
2530 16293
2531 16299
2532 16305
2533 16311
2534 16317
2535 16323
2536 16329
2537 16335
2538 16341
2539 16347
2540 16353
2541 16359
2542 16365
2543 16371
2544 16377
2545 16383
2546 16389
2547 16395
2548 16401
2549 16407
2550 16413
2551 16419
2552 16425
2553 16431
2554 16437
2555 16443
2556 16449
2557 16455
2558 16461
2559 16467
2560 16473
2561 16479
2562 16485
2563 16491
2564 16497
2565 16503
2566 16509
2567 16515
2568 16521
2569 16527
2570 16533
2571 16539
