0 985
1 991
2 997
3 1003
4 1009
5 1015
6 1021
7 1027
8 1033
9 1039
10 1045
11 1051
12 1057
13 1063
14 1069
15 1075
16 1081
17 1087
18 1093
19 1099
20 1105
21 1111
22 1117
23 1123
24 1129
25 1135
26 1141
27 1147
28 1153
29 1159
30 1165
31 1171
32 1177
33 1183
34 1189
35 1195
36 1201
37 1207
38 1213
39 1219
40 1225
41 1231
42 1237
43 1243
44 1249
45 1255
46 1261
47 1267
48 1273
49 1279
50 1285
51 1291
52 1297
53 1303
54 1309
55 1315
56 1321
57 1327
58 1333
59 1339
60 1345
61 1351
62 1357
63 1363
64 1369
65 1375
66 1381
67 1387
68 1393
69 1399
70 1405
71 1411
72 1417
73 1423
74 1429
75 1435
76 1441
77 1447
78 1453
79 1459
80 1465
81 1471
82 1477
83 1483
84 1489
85 1495
86 1501
87 1507
88 1513
89 1519
90 1525
91 1531
92 1537
93 1543
94 1549
95 1555
96 1561
97 1567
98 1573
99 1579
100 1585
101 1591
102 1597
103 1603
104 1609
105 1615
106 1621
107 1627
108 1633
109 1639
110 1645
111 1651
112 1657
113 1663
114 1669
115 1675
116 1681
117 1687
118 1693
119 1699
120 1705
121 1711
122 1717
123 1723
124 1729
125 1735
126 1741
127 1747
128 1753
129 1759
130 1765
131 1771
132 1777
133 1783
134 1789
135 1795
136 1801
137 1807
138 1813
139 1819
140 1825
141 1831
142 1837
143 1843
144 1849
145 1855
146 1861
147 1867
148 1873
149 1879
150 1885
151 1891
152 1897
153 1903
154 1909
155 1915
156 1921
157 1927
158 1933
159 1939
160 1945
161 1951
162 1957
163 1963
164 1969
165 1975
166 1981
167 1987
168 1993
169 1999
170 2005
171 2011
172 2017
173 2023
174 2029
175 2035
176 2041
177 2047
178 2053
179 2059
180 2065
181 2071
182 2077
183 2083
184 2089
185 2095
186 2101
187 2107
188 2113
189 2119
190 2125
191 2131
192 2137
193 2143
194 2149
195 2155
196 2161
197 2167
198 2173
199 2179
200 2185
201 2191
202 2197
203 2203
204 2209
205 2215
206 2221
207 2227
208 2233
209 2239
210 2245
211 2251
212 2257
213 2263
214 2269
215 2275
216 2281
217 2287
218 2293
219 2299
220 2305
221 2311
222 2317
223 2323
224 2329
225 2335
226 2341
227 2347
228 2353
229 2359
230 2365
231 2371
232 2377
233 2383
234 2389
235 2395
236 2401
237 2407
238 2413
239 2419
240 2425
241 2431
242 2437
243 2443
244 2449
245 2455
246 2461
247 2467
248 2473
249 2479
250 2485
251 2491
252 2497
253 2503
254 2509
255 2515
256 2521
257 2527
258 2533
259 2539
260 2545
261 2551
262 2557
263 2563
264 2569
265 2575
266 2581
267 2587
268 2593
269 2599
270 2605
271 2611
272 2617
273 2623
274 2629
275 2635
276 2641
277 2647
278 2653
279 2659
280 2665
281 2671
282 2677
283 2683
284 2689
285 2695
286 2701
287 2707
288 2713
289 2719
290 2725
291 2731
292 2737
293 2743
294 2749
295 2755
296 2761
297 2767
298 2773
299 2779
300 2785
301 2791
302 2797
303 2803
304 2809
305 2815
306 2821
307 2827
308 2833
309 2839
310 2845
311 2851
312 2857
313 2863
314 2869
315 2875
316 2881
317 2887
318 2893
319 2899
320 2905
321 2911
322 2917
323 2923
324 2929
325 2935
326 2941
327 2947
328 2953
329 2959
330 2965
331 2971
332 2977
333 2983
334 2989
335 2995
336 3001
337 3007
338 3013
339 3019
340 3025
341 3031
342 3037
343 3043
344 3049
345 3055
346 3061
347 3067
348 3073
349 3079
350 3085
351 3091
352 3097
353 3103
354 3109
355 3115
356 3121
357 3127
358 3133
359 3139
360 3145
361 3151
362 3157
363 3163
364 3169
365 3175
366 3181
367 3187
368 3193
369 3199
370 3205
371 3211
372 3217
373 3223
374 3229
375 3235
376 3241
377 3247
378 3253
379 3259
380 3265
381 3271
382 3277
383 3283
384 3289
385 3295
386 3301
387 3307
388 3313
389 3319
390 3325
391 3331
392 3337
393 3343
394 3349
395 3355
396 3361
397 3367
398 3373
399 3379
400 3385
401 3391
402 3397
403 3403
404 3409
405 3415
406 3421
407 3427
408 3433
409 3439
410 3445
411 3451
412 3457
413 3463
414 3469
415 3475
416 3481
417 3487
418 3493
419 3499
420 3505
421 3511
422 3517
423 3523
424 3529
425 3535
426 3541
427 3547
428 3553
429 3559
430 3565
431 3571
432 3577
433 3583
434 3589
435 3595
436 3601
437 3607
438 3613
439 3619
440 3625
441 3631
442 3637
443 3643
444 3649
445 3655
446 3661
447 3667
448 3673
449 3679
450 3685
451 3691
452 3697
453 3703
454 3709
455 3715
456 3721
457 3727
458 3733
459 3739
460 3745
461 3751
462 3757
463 3763
464 3769
465 3775
466 3781
467 3787
468 3793
469 3799
470 3805
471 3811
472 3817
473 3823
474 3829
475 3835
476 3841
477 3847
478 3853
479 3859
480 3865
481 3871
482 3877
483 3883
484 3889
485 3895
486 3901
487 3907
488 3913
489 3919
490 3925
491 3931
492 3937
493 3943
494 3949
495 3955
496 3961
497 3967
498 3973
499 3979
500 3985
501 3991
502 3997
503 4003
504 4009
505 4015
506 4021
507 4027
508 4033
509 4039
510 4045
511 4051
512 4057
513 4063
514 4069
515 4075
516 4081
517 4087
518 4093
519 4099
520 4105
521 4111
522 4117
523 4123
524 4129
525 4135
526 4141
527 4147
528 4153
529 4159
530 4165
531 4171
532 4177
533 4183
534 4189
535 4195
536 4201
537 4207
538 4213
539 4219
540 4225
541 4231
542 4237
543 4243
544 4249
545 4255
546 4261
547 4267
548 4273
549 4279
550 4285
551 4291
552 4297
553 4303
554 4309
555 4315
556 4321
557 4327
558 4333
559 4339
560 4345
561 4351
562 4357
563 4363
564 4369
565 4375
566 4381
567 4387
568 4393
569 4399
570 4405
571 4411
572 4417
573 4423
574 4429
575 4435
576 4441
577 4447
578 4453
579 4459
580 4465
581 4471
582 4477
583 4483
584 4489
585 4495
586 4501
587 4507
588 4513
589 4519
590 4525
591 4531
592 4537
593 4543
594 4549
595 4555
596 4561
597 4567
598 4573
599 4579
600 4585
601 4591
602 4597
603 4603
604 4609
605 4615
606 4621
607 4627
608 4633
609 4639
610 4645
611 4651
612 4657
613 4663
614 4669
615 4675
616 4681
617 4687
618 4693
619 4699
620 4705
621 4711
622 4717
623 4723
624 4729
625 4735
626 4741
627 4747
628 4753
629 4759
630 4765
631 4771
632 4777
633 4783
634 4789
635 4795
636 4801
637 4807
638 4813
639 4819
640 4825
641 4831
642 4837
643 4843
644 4849
645 4855
646 4856
647 4862
648 4868
649 4874
655 4877
656 4881
657 4884
658 4890
659 4895
660 4901
661 4904
662 4907
663 4913
664 4919
665 4925
666 4931
667 4937
668 4943
669 4949
670 4955
671 4961
672 4967
673 4973
674 4979
675 4985
676 4991
677 4997
678 5003
679 5009
680 5015
681 5021
682 5027
683 5033
684 5039
685 5045
686 5051
687 5057
688 5063
689 5069
690 5075
691 5081
692 5087
693 5093
694 5099
695 5105
696 5111
697 5117
698 5123
699 5129
700 5135
701 5141
702 5147
703 5153
704 5159
705 5165
706 5171
707 5177
708 5183
709 5189
710 5195
711 5201
712 5207
713 5213
714 5219
715 5225
716 5231
717 5237
718 5243
719 5249
720 5255
721 5261
722 5267
723 5273
724 5279
725 5285
726 5291
727 5297
728 5303
729 5309
730 5315
731 5321
732 5327
733 5333
734 5339
735 5345
736 5351
737 5357
738 5363
739 5369
740 5375
741 5381
742 5387
743 5393
744 5399
745 5405
746 5411
747 5417
748 5423
749 5429
750 5435
751 5441
752 5447
753 5453
754 5459
755 5465
756 5471
757 5477
758 5483
759 5489
760 5495
761 5501
762 5507
763 5513
764 5519
765 5525
766 5531
767 5537
768 5543
769 5549
770 5555
771 5561
772 5567
773 5573
774 5579
775 5585
776 5591
777 5597
778 5603
779 5609
780 5615
781 5621
782 5627
783 5633
784 5639
785 5645
786 5651
787 5657
788 5663
789 5669
790 5675
791 5681
792 5687
793 5693
794 5699
797 5704
800 5705
801 5710
803 5714
804 5719
805 5725
806 5731
807 5737
808 5743
809 5749
810 5755
811 5761
812 5767
813 5773
814 5779
815 5785
816 5791
817 5797
818 5803
819 5809
820 5815
821 5821
822 5827
823 5833
824 5839
825 5842
826 5848
827 5854
828 5860
829 5866
830 5872
831 5878
832 5884
833 5890
834 5896
835 5902
836 5908
837 5914
838 5920
839 5926
840 5932
841 5938
842 5944
843 5950
844 5956
845 5962
846 5968
847 5974
848 5980
849 5986
850 5992
851 5998
852 6004
853 6010
854 6016
855 6022
856 6028
857 6034
858 6040
859 6046
860 6052
861 6058
862 6064
863 6070
864 6076
865 6082
866 6088
867 6094
868 6100
869 6106
870 6112
871 6118
872 6124
873 6130
874 6136
875 6142
876 6148
877 6154
878 6160
879 6166
880 6172
881 6178
882 6184
883 6190
884 6196
885 6202
886 6208
887 6214
888 6220
889 6226
890 6232
891 6238
892 6244
893 6250
894 6256
895 6262
896 6268
897 6274
898 6280
899 6286
900 6292
901 6298
902 6304
903 6310
904 6316
905 6322
906 6328
907 6334
908 6340
909 6346
910 6352
911 6358
912 6364
913 6370
914 6376
915 6382
916 6388
917 6394
918 6400
919 6406
920 6412
921 6418
922 6424
923 6430
924 6436
925 6442
926 6448
927 6454
928 6460
929 6466
930 6472
931 6478
932 6484
933 6490
934 6496
935 6502
936 6508
937 6514
938 6520
939 6526
940 6532
941 6538
942 6544
943 6550
944 6556
945 6562
946 6567
947 6569
948 6575
949 6581
950 6587
951 6593
953 6600
954 6606
955 6612
956 6618
957 6624
958 6630
959 6636
960 6642
961 6648
962 6654
963 6660
964 6666
965 6672
966 6678
967 6684
968 6691
969 6697
970 6703
971 6709
972 6715
973 6721
974 6727
975 6733
976 6738
977 6744
978 6750
979 6756
980 6762
981 6768
982 6774
983 6780
984 6786
985 6792
986 6798
987 6804
988 6810
989 6816
990 6822
991 6828
992 6834
993 6840
994 6846
995 6852
996 6858
997 6864
998 6870
999 6876
1000 6882
1001 6888
1002 6894
1003 6900
1004 6906
1005 6912
1006 6918
1007 6924
1008 6930
1009 6936
1010 6942
1011 6948
1012 6954
1013 6960
1014 6966
1015 6972
1016 6978
1017 6985
1018 6991
1019 6997
1020 7003
1021 7009
1022 7015
1023 7021
1024 7027
1025 7033
1026 7039
1027 7045
1028 7051
1029 7057
1030 7063
1031 7069
1032 7075
1033 7080
1034 7086
1035 7092
1036 7098
1037 7104
1038 7110
1039 7116
1040 7122
1041 7128
1042 7134
1043 7140
1044 7146
1045 7152
1046 7158
1047 7164
1048 7170
1049 7176
1050 7182
1051 7188
1052 7194
1053 7200
1054 7206
1055 7212
1056 7218
1057 7224
1058 7230
1059 7236
1060 7242
1061 7248
1062 7254
1063 7260
1064 7266
1065 7272
1066 7278
1067 7284
1068 7290
1069 7296
1070 7302
1071 7308
1072 7314
1073 7320
1074 7326
1075 7332
1076 7338
1077 7344
1078 7350
1079 7356
1080 7362
1081 7368
1082 7374
1083 7380
1084 7386
1085 7392
1086 7398
1087 7404
1088 7410
1089 7416
1090 7422
1091 7428
1092 7434
1093 7440
1094 7446
1095 7452
1096 7458
1097 7464
1098 7470
1099 7476
1100 7482
1101 7488
1102 7494
1103 7500
1104 7506
1105 7512
1106 7518
1107 7524
1108 7530
1109 7536
1110 7542
1111 7548
1112 7554
1113 7560
1114 7566
1115 7572
1116 7578
1117 7584
1118 7590
1119 7596
1120 7602
1121 7608
1122 7614
1123 7620
1124 7626
1125 7632
1126 7638
1127 7644
1144 7645
1145 7649
1146 7655
1147 7661
1148 7667
1149 7673
1150 7679
1151 7685
1152 7691
1153 7697
1154 7703
1155 7706
1156 7712
1157 7718
1158 7724
1159 7730
1160 7736
1161 7742
1162 7748
1163 7754
1164 7761
1165 7767
1166 7773
1167 7779
1168 7785
1169 7791
1170 7797
1171 7803
1172 7809
1173 7815
1174 7821
1175 7827
1176 7833
1177 7839
1178 7845
1179 7851
1180 7857
1181 7863
1182 7869
1183 7875
1184 7881
1185 7887
1186 7893
1187 7899
1188 7905
1189 7911
1190 7917
1191 7923
1192 7929
1193 7935
1194 7941
1195 7947
1196 7953
1197 7958
1198 7964
1199 7970
1200 7976
1201 7982
1202 7988
1203 7994
1204 8000
1205 8007
1206 8013
1207 8019
1208 8025
1209 8031
1210 8037
1211 8043
1212 8049
1213 8055
1214 8061
1215 8067
1216 8073
1217 8079
1218 8085
1219 8091
1220 8097
1221 8102
1222 8108
1223 8114
1224 8120
1225 8126
1226 8132
1227 8138
1228 8144
1229 8150
1230 8156
1231 8162
1232 8168
1233 8174
1234 8180
1235 8186
1236 8192
1237 8198
1238 8204
1239 8210
1240 8216
1241 8222
1242 8228
1243 8234
1244 8240
1245 8246
1246 8253
1247 8259
1248 8265
1249 8271
1250 8277
1251 8283
1252 8289
1253 8295
1254 8300
1255 8306
1256 8312
1257 8318
1258 8324
1259 8330
1260 8336
1261 8342
1262 8348
1263 8354
1264 8360
1265 8366
1266 8372
1267 8378
1268 8384
1269 8390
1270 8396
1271 8402
1272 8408
1273 8414
1274 8420
1275 8426
1276 8432
1277 8438
1278 8444
1279 8450
1280 8455
1281 8459
1282 8465
1283 8471
1284 8477
1285 8483
1286 8489
1287 8495
1288 8501
1289 8507
1290 8513
1291 8519
1292 8525
1293 8531
1294 8537
1295 8543
1296 8549
1297 8555
1298 8561
1299 8567
1300 8573
1301 8579
1302 8585
1303 8592
1304 8598
1305 8604
1306 8610
1307 8616
1308 8622
1309 8628
1310 8634
1311 8640
1312 8646
1313 8652
1314 8658
1315 8664
1316 8670
1317 8676
1318 8682
1319 8687
1320 8693
1321 8699
1322 8705
1323 8711
1324 8717
1325 8723
1326 8729
1327 8735
1328 8742
1329 8748
1330 8754
1331 8760
1332 8766
1333 8772
1334 8778
1335 8784
1336 8790
1337 8796
1338 8802
1339 8808
1340 8814
1341 8820
1342 8826
1343 8832
1344 8838
1345 8844
1346 8850
1347 8856
1348 8862
1349 8868
1350 8874
1351 8880
1352 8886
1353 8892
1354 8898
1355 8904
1356 8910
1357 8916
1358 8922
1359 8928
1360 8934
1361 8940
1362 8946
1363 8952
1364 8958
1365 8964
1366 8970
1367 8976
1368 8982
1369 8988
1370 8994
1371 9000
1372 9006
1373 9012
1374 9018
1375 9024
1376 9030
1377 9036
1378 9042
1379 9048
1380 9054
1381 9060
1382 9066
1383 9072
1384 9078
1385 9084
1386 9090
1387 9096
1388 9102
1389 9108
1390 9114
1391 9120
1392 9126
1393 9132
1394 9138
1395 9144
1396 9150
1397 9156
1398 9162
1399 9168
1400 9174
1401 9180
1402 9186
1403 9192
1404 9198
1405 9204
1406 9210
1407 9216
1408 9222
1409 9228
1410 9234
1411 9240
1412 9246
1413 9252
1414 9258
1415 9264
1416 9270
1417 9276
1418 9282
1419 9288
1420 9294
1421 9300
1422 9306
1423 9312
1424 9318
1425 9324
1426 9330
1427 9336
1428 9342
1429 9348
1430 9354
1431 9360
1432 9366
1433 9372
1434 9378
1435 9384
1436 9390
1437 9396
1438 9402
1439 9408
1440 9414
1441 9420
1442 9426
1443 9432
1444 9438
1445 9444
1446 9450
1447 9456
1448 9462
1449 9468
1450 9474
1451 9480
1452 9486
1453 9492
1454 9498
1455 9504
1456 9510
1457 9516
1458 9522
1459 9527
1460 9531
1461 9537
1462 9543
1463 9549
1464 9555
1465 9561
1466 9567
1467 9573
1468 9579
1469 9585
1470 9591
1471 9597
1472 9603
1473 9609
1474 9615
1475 9621
1476 9627
1477 9633
1478 9639
1479 9645
1480 9651
1481 9657
1482 9663
1483 9669
1484 9675
1485 9681
1486 9687
1487 9693
1488 9699
1489 9705
1490 9711
1491 9717
1492 9723
1493 9729
1494 9735
1495 9741
1496 9747
1497 9753
1498 9759
1499 9765
1500 9771
1501 9777
1502 9783
1503 9789
1504 9795
1505 9801
1506 9807
1507 9813
1508 9819
1509 9825
1510 9831
1511 9837
1512 9843
1513 9849
1514 9855
1515 9861
1516 9867
1517 9873
1518 9879
1519 9885
1520 9891
1521 9897
1522 9903
1523 9909
1524 9915
1525 9921
1526 9927
1527 9933
1528 9939
1529 9945
1530 9951
1531 9957
1532 9962
1533 9968
1534 9974
1535 9980
1536 9986
1537 9992
1538 9998
1539 10004
1540 10011
1541 10017
1542 10023
1543 10029
1544 10035
1545 10041
1546 10047
1547 10053
1548 10059
1549 10065
1550 10071
1551 10077
1552 10083
1553 10089
1554 10095
1555 10101
1556 10106
1557 10112
1558 10118
1559 10124
1560 10130
1561 10136
1562 10142
1563 10148
1564 10155
1565 10161
1566 10167
1567 10173
1568 10179
1569 10185
1570 10191
1571 10197
1572 10203
1573 10209
1574 10215
1575 10221
1576 10227
1577 10233
1578 10239
1579 10245
1580 10251
1581 10257
1582 10263
1583 10269
1584 10275
1585 10281
1586 10287
1587 10293
1588 10299
1589 10305
1590 10311
1591 10317
1592 10323
1593 10329
1594 10335
1595 10341
1596 10347
1597 10353
1598 10359
1599 10365
1600 10371
1601 10377
1602 10383
1603 10389
1604 10395
1605 10401
1606 10407
1607 10413
1608 10419
1609 10425
1610 10431
1611 10437
1612 10443
1613 10449
1614 10455
1615 10461
1616 10467
1617 10473
1618 10479
1619 10485
1620 10491
1621 10497
1622 10503
1623 10509
1624 10515
1625 10521
1626 10527
1627 10533
1628 10539
1629 10545
1630 10551
1631 10557
1632 10563
1633 10569
1634 10575
1635 10581
1636 10587
1637 10593
1638 10599
1639 10605
1640 10611
1641 10617
1642 10623
1643 10629
1644 10635
1645 10641
1646 10647
1647 10653
1648 10659
1649 10665
1650 10671
1651 10677
1652 10683
1653 10689
1654 10695
1655 10701
1656 10707
1657 10713
1658 10719
1659 10725
1660 10731
1661 10737
1662 10743
1663 10749
1664 10755
1665 10761
1666 10767
1667 10773
1668 10779
1669 10785
1670 10791
1671 10797
1672 10803
1673 10809
1674 10815
1675 10821
1676 10827
1677 10833
1678 10839
1679 10845
1680 10851
1681 10857
1682 10863
1683 10869
1684 10875
1685 10881
1686 10887
1687 10893
1688 10899
1689 10905
1690 10911
1691 10917
1692 10923
1693 10929
1694 10935
1695 10941
1696 10947
1697 10953
1698 10959
1699 10965
1700 10971
1701 10977
1702 10983
1703 10989
1704 10995
1705 11001
1706 11007
1707 11013
1708 11019
1709 11025
1710 11031
1711 11037
1712 11043
1713 11049
1714 11055
1715 11061
1716 11067
1717 11073
1718 11079
1719 11085
1720 11091
1721 11097
1722 11103
1723 11109
1724 11115
1725 11121
1726 11127
1727 11133
1728 11139
1729 11145
1730 11151
1731 11157
1732 11163
1733 11169
1734 11175
1735 11181
1736 11187
1737 11193
1738 11199
1739 11205
1740 11211
1741 11217
1742 11223
1743 11229
1744 11235
1745 11241
1746 11247
1747 11253
1748 11259
1749 11265
1750 11271
1751 11277
1752 11283
1753 11289
1754 11295
1755 11301
1756 11307
1757 11313
1758 11319
1759 11325
1760 11331
1761 11337
1762 11343
1763 11349
1764 11355
1765 11361
1766 11367
1767 11373
1768 11379
1769 11385
1770 11391
1771 11397
1772 11403
1773 11409
1774 11415
1775 11421
1776 11427
1777 11433
1778 11439
1779 11445
1780 11451
1781 11457
1782 11463
1783 11469
1784 11475
1785 11481
1786 11487
1787 11493
1788 11499
1789 11505
1790 11511
1791 11517
1792 11523
1793 11529
1794 11535
1795 11541
1796 11547
1797 11553
1798 11559
1799 11565
1800 11571
1801 11577
1802 11583
1824 11589
1825 11595
1826 11601
1827 11607
1828 11613
1829 11619
1830 11625
1831 11631
1832 11637
1833 11643
1834 11649
1835 11655
1836 11661
1837 11667
1838 11673
1839 11679
1840 11685
1841 11691
1842 11697
1843 11703
1844 11709
1845 11715
1846 11721
1847 11727
1848 11733
1849 11739
1850 11745
1851 11751
1852 11757
1853 11763
1854 11769
1855 11775
1856 11781
1857 11787
1858 11793
1859 11799
1860 11805
1861 11811
1862 11817
1863 11823
1864 11829
1865 11835
1866 11841
1867 11847
1868 11853
1869 11859
1870 11865
1871 11871
1872 11877
1873 11883
1874 11889
1875 11895
1876 11901
1877 11907
1878 11913
1879 11919
1880 11925
1881 11931
1882 11937
1883 11943
1884 11949
1885 11955
1886 11961
1887 11967
1888 11973
1889 11979
1890 11985
1891 11991
1892 11997
1893 12003
1894 12009
1895 12015
1896 12021
1897 12027
1898 12033
1899 12039
1900 12045
1901 12051
1902 12057
1903 12063
1904 12069
1905 12075
1906 12081
1907 12087
1908 12093
1909 12099
1910 12105
1911 12111
1912 12117
1913 12123
1914 12129
1915 12135
1916 12141
1917 12147
1918 12153
1919 12159
1920 12165
1921 12171
1922 12177
1923 12183
1924 12189
1925 12195
1926 12201
1927 12207
1928 12213
1929 12219
1930 12225
1931 12231
1932 12237
1933 12243
1934 12249
1935 12255
1936 12261
1937 12267
1938 12273
1939 12279
1940 12285
1941 12291
1942 12297
1943 12303
1944 12309
1945 12315
1946 12321
1947 12327
1948 12333
1949 12339
1950 12345
1951 12351
1952 12357
1953 12363
1954 12369
1955 12375
1956 12381
1957 12387
1958 12393
1959 12399
1960 12405
1961 12411
1962 12417
1963 12423
1964 12429
1965 12435
1966 12441
1967 12447
1968 12453
1969 12459
1970 12465
1971 12471
1972 12477
1973 12483
1974 12489
1975 12495
1976 12501
1977 12507
1978 12513
1979 12519
1980 12525
1981 12531
1982 12537
1983 12543
1984 12549
1985 12555
1986 12561
1987 12567
1988 12573
1989 12579
1990 12585
1991 12591
1992 12597
1993 12603
1994 12609
1995 12615
1996 12621
1997 12627
1998 12633
1999 12639
2000 12645
2001 12651
2002 12657
2003 12663
2004 12669
2005 12675
2006 12681
2007 12687
2008 12693
2009 12699
2010 12705
2011 12711
2012 12717
2013 12723
2014 12729
2015 12735
2016 12741
2017 12747
2018 12753
2019 12759
2020 12765
2021 12771
2022 12777
2023 12783
2024 12789
2025 12795
2026 12801
2027 12807
2028 12810
2029 12815
2030 12821
2031 12827
2032 12833
2033 12839
2034 12845
2035 12851
2036 12857
2037 12863
2038 12869
2039 12875
2040 12881
2041 12887
2042 12893
2043 12899
2044 12905
2045 12908
2046 12914
2047 12920
2048 12926
2049 12932
2050 12938
2051 12944
2052 12950
2053 12956
2054 12962
2055 12968
2056 12974
2057 12980
2058 12986
2059 12992
2060 12998
2061 13004
2062 13010
2063 13016
2064 13022
2065 13028
2066 13034
2067 13040
2068 13046
2069 13052
2070 13058
2071 13064
2072 13070
2073 13076
2074 13082
2075 13088
2076 13094
2077 13100
2078 13106
2079 13112
2080 13118
2081 13124
2082 13130
2083 13136
2084 13142
2085 13148
2086 13154
2087 13160
2088 13166
2089 13172
2090 13178
2091 13184
2092 13190
2093 13196
2094 13202
2095 13208
2096 13214
2097 13220
2098 13226
2099 13232
2100 13238
2101 13244
2102 13250
2103 13256
2104 13262
2105 13268
2106 13274
2107 13280
2108 13286
2109 13292
2110 13298
2111 13304
2112 13310
2113 13316
2114 13322
2115 13328
2116 13334
2117 13340
2118 13346
2119 13352
2120 13358
2121 13364
2122 13370
2123 13376
2124 13382
2125 13388
2126 13394
2127 13400
2128 13406
2129 13412
2130 13418
2131 13424
2132 13430
2133 13436
2134 13442
2135 13448
2136 13454
2137 13460
2138 13466
2139 13472
2140 13478
2141 13484
2142 13490
2143 13496
2144 13502
2145 13508
2146 13514
2147 13520
2148 13526
2149 13532
2150 13538
2151 13544
2152 13550
2153 13556
2154 13562
2155 13568
2156 13574
2157 13580
2158 13586
2159 13592
2160 13598
2161 13604
2162 13610
2163 13616
2164 13622
2165 13628
2166 13634
2167 13640
2168 13646
2169 13652
2170 13658
2171 13664
2172 13670
2173 13676
2174 13682
2175 13688
2176 13694
2177 13700
2178 13706
2179 13712
2180 13718
2181 13724
2182 13730
2183 13736
2184 13742
2185 13748
2186 13754
2187 13760
2188 13766
2189 13772
2190 13778
2191 13784
2192 13790
2193 13796
2194 13802
2195 13808
2196 13814
2197 13820
2198 13826
2199 13832
2200 13838
2201 13844
2202 13850
2203 13856
2204 13862
2205 13868
2206 13874
2207 13880
2208 13886
2209 13892
2210 13898
2211 13904
2212 13910
2213 13916
2214 13922
2215 13928
2216 13934
2217 13940
2218 13946
2219 13952
2220 13958
2221 13964
2222 13967
2223 13973
2224 13979
2225 13985
2226 13988
2227 13994
2228 14000
2229 14006
2230 14012
2231 14018
2232 14024
2233 14027
2234 14033
2235 14039
2236 14045
2237 14051
2238 14057
2239 14063
2240 14069
2241 14075
2242 14081
2243 14087
2244 14093
2245 14099
2246 14105
2247 14111
2248 14117
2249 14122
2250 14123
2251 14124
2252 14125
2253 14126
2254 14130
2255 14136
2256 14139
2257 14145
2258 14151
2259 14157
2260 14163
2261 14169
2262 14175
2263 14181
2264 14187
2265 14193
2266 14199
2267 14205
2268 14211
2269 14217
2270 14223
2271 14229
2272 14235
2273 14241
2274 14247
2275 14253
2276 14259
2277 14265
2278 14271
2279 14277
2280 14283
2281 14289
2282 14295
2283 14301
2284 14307
2285 14313
2286 14319
2287 14325
2288 14331
2289 14337
2290 14343
2291 14349
2292 14355
2293 14361
2294 14367
2295 14373
2296 14379
2297 14385
2298 14391
2299 14397
2300 14403
2301 14409
2302 14415
2303 14421
2304 14427
2305 14433
2306 14439
2307 14445
2308 14451
2309 14457
2310 14463
2311 14469
2312 14475
2313 14481
2314 14487
2315 14493
2316 14499
2317 14505
2318 14511
2319 14517
2320 14523
2321 14529
2322 14535
2323 14541
2324 14547
2325 14553
2326 14559
2327 14565
2328 14571
2329 14577
2330 14583
2331 14589
2332 14595
2333 14601
2334 14607
2335 14613
2336 14619
2337 14625
2338 14631
2339 14637
2340 14643
2341 14649
2342 14655
2343 14661
2344 14667
2345 14673
2346 14679
2347 14685
2348 14691
2349 14697
2350 14703
2351 14709
2352 14715
2353 14721
2354 14727
2355 14733
2356 14739
2357 14745
2358 14751
2359 14757
2360 14763
2361 14769
2362 14775
2363 14781
2364 14787
2365 14793
2366 14799
2367 14805
2368 14811
2369 14817
2370 14823
2371 14829
2372 14835
2373 14841
2374 14847
2375 14853
2376 14859
2377 14865
2378 14871
2379 14877
2380 14883
2381 14889
2382 14895
2383 14901
2384 14907
2385 14913
2386 14919
2387 14925
2388 14931
2389 14937
2390 14943
2391 14949
2392 14955
2393 14961
2394 14967
2395 14973
2396 14979
2397 14985
2398 14991
2399 14997
2400 15003
2401 15009
2402 15015
2403 15021
2404 15027
2405 15033
2406 15039
2407 15045
2408 15051
2409 15057
2410 15063
2411 15069
2412 15075
2413 15081
2414 15087
2415 15093
2416 15099
2417 15105
2418 15111
2419 15117
2420 15123
2421 15129
2422 15135
2423 15141
2424 15147
2425 15153
2426 15159
2427 15165
2428 15171
2429 15177
2430 15183
2431 15189
2432 15195
2433 15201
2434 15207
2435 15213
2436 15219
2437 15225
2438 15231
2439 15237
2440 15243
2441 15249
2442 15255
2443 15261
2444 15267
2445 15273
2446 15279
2447 15285
2448 15291
2449 15297
2450 15303
2451 15309
2452 15315
2453 15321
2454 15327
2455 15333
2456 15339
2457 15345
2458 15351
2459 15357
2460 15363
2461 15369
2462 15375
2463 15381
2464 15387
2465 15393
2466 15399
2467 15405
2468 15411
2469 15417
2470 15423
2471 15429
2472 15435
2473 15441
2474 15447
2475 15453
2476 15459
2477 15465
2478 15471
2479 15477
2480 15483
2481 15489
2482 15495
2483 15501
2484 15507
2485 15513
2486 15519
2487 15525
2488 15531
2489 15537
2490 15543
2491 15549
2492 15555
2493 15561
2494 15567
2495 15573
2496 15579
2497 15585
2498 15591
2499 15597
2500 15603
2501 15609
2502 15615
2503 15621
2504 15627
2505 15633
2506 15639
2507 15645
2508 15651
2509 15657
2510 15663
2511 15669
2512 15675
2513 15681
2514 15687
2515 15693
2516 15699
2517 15705
2518 15711
2519 15717
2520 15723
2521 15729
2522 15735
2523 15741
2524 15747
2525 15753
2526 15759
2527 15765
2528 15771
2529 15777
2530 15783
2531 15789
2532 15795
2533 15801
2534 15807
2535 15813
2536 15819
2537 15825
2538 15831
2539 15837
2540 15843
2541 15849
2542 15855
2543 15861
2544 15867
2545 15873
2546 15879
2547 15885
2548 15891
2549 15897
2550 15903
2551 15909
2552 15915
2553 15921
2554 15927
2555 15933
2556 15939
2557 15945
2558 15951
2559 15957
2560 15963
2561 15969
2562 15975
2563 15981
2564 15987
2565 15993
2566 15999
2567 16005
2568 16011
2569 16017
2570 16023
2571 16029
2572 16035
2573 16041
2574 16047
2575 16053
2576 16059
2577 16065
2578 16071
2579 16077
2580 16083
2581 16089
2582 16095
2583 16101
2584 16107
2585 16113
2586 16119
2587 16125
2588 16131
2589 16137
2590 16143
2591 16149
2592 16155
2593 16161
2594 16167
2595 16173
2596 16179
2597 16185
2598 16191
2599 16197
2600 16203
2601 16209
2602 16215
2603 16221
2604 16227
2605 16233
2606 16239
2607 16245
2608 16251
2609 16257
2610 16263
2611 16269
2612 16275
2613 16281
2614 16287
2615 16293
2616 16299
2617 16305
2618 16311
2619 16317
2620 16323
2621 16329
2622 16335
2623 16341
2624 16347
2625 16353
2626 16359
2627 16365
2628 16371
2629 16377
2630 16383
2631 16389
2632 16395
2633 16401
2634 16407
2635 16413
2636 16419
2637 16425
2638 16431
2639 16437
2640 16443
2641 16449
2642 16455
2643 16461
2644 16467
2645 16473
2646 16479
2647 16485
2648 16491
2649 16497
2650 16503
2651 16509
2652 16515
2653 16521
2654 16527
2655 16533
2656 16539
