0 13
1 133
2 139
3 145
4 151
5 157
6 163
7 169
8 175
9 181
10 187
11 193
12 199
13 205
14 211
15 217
16 223
17 229
18 235
19 241
20 247
21 253
22 259
23 265
24 271
25 277
26 283
27 289
28 295
29 301
30 307
31 313
32 319
33 325
34 331
35 337
36 343
37 349
38 355
39 361
40 367
41 373
42 379
43 385
44 391
45 397
46 403
47 409
48 415
49 421
50 427
51 433
52 439
53 445
54 451
55 457
56 463
57 469
58 475
59 481
60 487
61 493
62 499
63 505
64 511
65 517
66 523
67 529
68 535
69 541
70 547
71 553
72 559
73 565
74 571
75 577
76 583
77 589
78 595
79 601
80 607
81 613
82 619
83 625
84 631
85 637
86 643
87 649
88 655
89 661
90 667
91 673
92 679
93 685
94 691
95 697
96 703
97 709
98 715
99 721
100 727
101 733
102 739
103 745
104 751
105 757
106 763
107 769
108 775
109 781
110 787
111 793
112 799
113 805
114 811
115 817
116 823
117 829
118 835
119 841
120 847
121 853
122 859
123 865
124 871
125 877
126 883
127 889
128 895
129 901
130 907
131 913
132 919
133 925
134 931
135 937
136 943
137 949
138 955
139 961
140 967
141 973
142 979
143 985
144 991
145 997
146 1003
147 1009
148 1015
149 1021
150 1027
151 1033
152 1039
153 1045
154 1051
155 1057
156 1063
157 1069
158 1075
159 1081
160 1087
161 1093
162 1099
163 1105
164 1111
165 1117
166 1123
167 1129
168 1135
169 1141
170 1147
171 1153
172 1159
173 1165
174 1171
175 1177
176 1183
177 1189
178 1195
179 1201
180 1207
181 1213
182 1219
183 1225
184 1231
185 1237
186 1243
187 1249
188 1255
189 1261
190 1267
191 1273
192 1279
193 1285
194 1291
195 1297
196 1303
197 1309
198 1315
199 1321
200 1327
201 1333
202 1339
203 1345
204 1351
205 1357
206 1363
207 1369
208 1375
209 1381
210 1387
211 1393
212 1399
213 1405
214 1411
215 1417
216 1423
217 1429
218 1435
219 1441
220 1447
221 1453
222 1459
223 1465
224 1471
225 1477
226 1483
227 1489
228 1495
229 1501
230 1507
231 1513
232 1519
233 1525
234 1531
235 1537
236 1543
237 1549
238 1555
239 1561
240 1567
241 1573
242 1579
243 1585
244 1591
245 1597
246 1603
247 1609
248 1615
249 1621
250 1627
251 1633
252 1639
253 1645
254 1651
255 1657
256 1663
257 1669
258 1675
259 1681
260 1687
261 1693
262 1699
263 1705
264 1711
265 1717
266 1723
267 1729
268 1735
269 1741
270 1747
271 1753
272 1759
273 1765
274 1771
275 1777
276 1783
277 1789
278 1795
279 1801
280 1807
281 1813
282 1819
283 1825
284 1831
285 1837
286 1843
287 1849
288 1855
289 1861
290 1867
291 1873
292 1879
293 1885
294 1891
295 1897
296 1903
297 1909
298 1915
299 1921
300 1927
301 1933
302 1939
303 1945
304 1951
305 1957
306 1963
307 1969
308 1975
309 1981
310 1987
311 1993
312 1999
313 2005
314 2011
315 2017
316 2023
317 2029
318 2035
319 2041
320 2047
321 2053
322 2059
323 2065
324 2071
325 2077
326 2083
327 2089
328 2095
329 2101
330 2107
331 2113
332 2119
333 2125
334 2131
335 2137
336 2143
337 2149
338 2155
339 2161
340 2167
341 2173
342 2179
343 2185
344 2191
345 2197
346 2203
347 2209
348 2215
349 2221
350 2227
351 2233
352 2239
353 2245
354 2251
355 2257
356 2263
357 2269
358 2275
359 2281
360 2287
361 2293
362 2299
363 2305
364 2311
365 2317
366 2323
367 2329
368 2335
369 2341
370 2347
371 2353
372 2359
373 2365
374 2371
375 2377
376 2383
377 2389
378 2395
379 2401
380 2407
381 2413
382 2419
383 2425
384 2431
385 2437
386 2443
387 2449
388 2455
389 2461
390 2467
391 2473
392 2479
393 2485
394 2491
395 2497
396 2503
397 2509
398 2515
399 2521
400 2527
401 2533
402 2539
403 2545
404 2551
405 2557
406 2563
407 2569
408 2575
409 2581
410 2587
411 2593
412 2599
413 2605
414 2611
415 2617
416 2623
417 2629
418 2635
419 2641
420 2647
421 2653
422 2659
423 2665
424 2671
425 2677
426 2683
427 2689
428 2695
429 2701
430 2707
431 2713
432 2719
433 2725
434 2731
435 2737
436 2743
437 2749
438 2755
439 2761
440 2767
441 2773
442 2779
443 2785
444 2791
445 2797
446 2803
447 2809
448 2815
449 2821
450 2827
451 2833
452 2839
453 2845
454 2851
455 2857
456 2863
457 2869
458 2875
459 2881
460 2887
461 2893
462 2899
463 2905
464 2911
465 2917
466 2923
467 2929
468 2935
469 2941
470 2947
471 2953
472 2959
473 2965
474 2971
475 2977
476 2983
477 2989
478 2995
479 3001
480 3007
481 3013
482 3019
483 3025
484 3031
485 3037
486 3043
487 3049
488 3055
489 3061
490 3067
491 3073
492 3079
493 3085
494 3091
495 3097
496 3103
497 3109
498 3115
499 3121
500 3127
501 3133
502 3139
503 3145
504 3151
505 3157
506 3163
507 3169
508 3175
509 3181
510 3187
511 3193
512 3199
513 3205
514 3211
515 3217
516 3223
517 3229
518 3235
519 3241
520 3247
521 3253
522 3259
523 3265
524 3271
525 3277
526 3283
527 3289
528 3295
529 3301
530 3307
531 3313
532 3319
533 3325
534 3331
535 3337
536 3343
537 3349
538 3355
539 3361
540 3367
541 3373
542 3379
543 3385
544 3391
545 3397
546 3403
547 3409
548 3415
549 3421
550 3427
551 3433
552 3439
553 3445
554 3451
555 3457
556 3463
557 3469
558 3475
559 3481
560 3487
561 3493
562 3499
563 3505
564 3511
565 3517
566 3523
567 3529
568 3535
569 3541
570 3547
571 3553
572 3559
573 3565
574 3571
575 3577
576 3583
577 3589
578 3595
579 3601
580 3607
581 3613
582 3619
583 3625
584 3631
585 3637
586 3643
587 3649
588 3655
589 3661
590 3667
591 3673
592 3679
593 3685
594 3691
595 3697
596 3703
597 3709
598 3715
599 3721
600 3727
601 3733
602 3739
603 3745
604 3751
605 3757
606 3763
607 3769
608 3775
609 3781
610 3787
611 3793
612 3799
613 3805
614 3811
615 3817
616 3823
617 3829
618 3835
619 3841
620 3847
621 3853
622 3859
623 3865
624 3871
625 3877
626 3883
627 3889
628 3895
629 3901
630 3907
631 3913
632 3919
633 3925
634 3931
635 3937
636 3943
637 3949
638 3955
639 3961
640 3967
641 3973
642 3979
643 3985
644 3991
645 3997
646 4003
647 4009
648 4015
649 4021
650 4027
651 4033
652 4039
653 4045
654 4051
655 4057
656 4063
657 4069
658 4075
659 4081
660 4087
661 4093
662 4099
663 4105
664 4111
665 4117
666 4123
667 4129
668 4135
669 4141
670 4147
671 4153
672 4159
673 4165
674 4171
675 4177
676 4183
677 4189
678 4195
679 4201
680 4207
681 4213
682 4219
683 4225
684 4231
685 4237
686 4243
687 4249
688 4255
689 4261
690 4267
691 4273
692 4279
693 4285
694 4291
695 4297
696 4303
697 4309
698 4315
699 4321
700 4327
701 4333
702 4339
703 4345
704 4351
705 4357
706 4363
707 4369
708 4375
709 4381
710 4387
711 4393
712 4399
713 4405
714 4411
715 4417
716 4423
717 4429
718 4435
719 4441
720 4447
721 4453
722 4459
723 4465
724 4471
725 4477
726 4483
727 4489
728 4495
729 4501
730 4507
731 4513
732 4519
733 4525
734 4531
735 4537
736 4543
737 4549
738 4555
739 4561
740 4567
741 4573
742 4579
743 4585
744 4591
745 4597
746 4603
747 4609
748 4615
749 4621
750 4627
751 4633
752 4639
753 4645
754 4651
755 4657
756 4663
757 4669
758 4675
759 4681
760 4687
761 4693
762 4699
763 4705
764 4711
765 4717
766 4723
767 4729
768 4735
769 4741
770 4747
771 4753
772 4759
773 4765
774 4771
775 4777
776 4783
777 4789
778 4795
779 4801
780 4807
781 4813
782 4819
783 4825
784 4831
785 4837
786 4843
787 4849
788 4855
789 4856
790 4862
791 4868
792 4874
798 4877
799 4881
800 4884
801 4890
802 4895
803 4901
804 4904
805 4907
806 4913
807 4919
808 4925
809 4931
810 4937
811 4943
812 4949
813 4955
814 4961
815 4967
816 4973
817 4979
818 4985
819 4991
820 4997
821 5003
822 5009
823 5015
824 5021
825 5027
826 5033
827 5039
828 5045
829 5051
830 5057
831 5063
832 5069
833 5075
834 5081
835 5087
836 5093
837 5099
838 5105
839 5111
840 5117
841 5123
842 5129
843 5135
844 5141
845 5147
846 5153
847 5159
848 5165
849 5171
850 5177
851 5183
852 5189
853 5195
854 5201
855 5207
856 5213
857 5219
858 5225
859 5231
860 5237
861 5243
862 5249
863 5255
864 5261
865 5267
866 5273
867 5279
868 5285
869 5291
870 5297
871 5303
872 5309
873 5315
874 5321
875 5327
876 5333
877 5339
878 5345
879 5351
880 5357
881 5363
882 5369
883 5375
884 5381
885 5387
886 5393
887 5399
888 5405
889 5411
890 5417
891 5423
892 5429
893 5435
894 5441
895 5447
896 5453
897 5459
898 5465
899 5471
900 5477
901 5483
902 5489
903 5495
904 5501
905 5507
906 5513
907 5519
908 5525
909 5531
910 5537
911 5543
912 5549
913 5555
914 5561
915 5567
916 5573
917 5579
918 5585
919 5591
920 5597
921 5603
922 5609
923 5615
924 5621
925 5627
926 5633
927 5639
928 5645
929 5651
930 5657
931 5663
932 5669
933 5675
934 5681
935 5687
936 5693
937 5699
940 5704
943 5705
944 5710
946 5714
947 5719
948 5725
949 5731
950 5737
951 5743
952 5749
953 5755
954 5761
955 5767
956 5773
957 5779
958 5785
959 5791
960 5797
961 5803
962 5809
963 5815
964 5821
965 5827
966 5833
967 5839
968 5842
969 5848
970 5854
971 5860
972 5866
973 5872
974 5878
975 5884
976 5890
977 5896
978 5902
979 5908
980 5914
981 5920
982 5926
983 5932
984 5938
985 5944
986 5950
987 5956
988 5962
989 5968
990 5974
991 5980
992 5986
993 5992
994 5998
995 6004
996 6010
997 6016
998 6022
999 6028
1000 6034
1001 6040
1002 6046
1003 6052
1004 6058
1005 6064
1006 6070
1007 6076
1008 6082
1009 6088
1010 6094
1011 6100
1012 6106
1013 6112
1014 6118
1015 6124
1016 6130
1017 6136
1018 6142
1019 6148
1020 6154
1021 6160
1022 6166
1023 6172
1024 6178
1025 6184
1026 6190
1027 6196
1028 6202
1029 6208
1030 6214
1031 6220
1032 6226
1033 6232
1034 6238
1035 6244
1036 6250
1037 6256
1038 6262
1039 6268
1040 6274
1041 6280
1042 6286
1043 6292
1044 6298
1045 6304
1046 6310
1047 6316
1048 6322
1049 6328
1050 6334
1051 6340
1052 6346
1053 6352
1054 6358
1055 6364
1056 6370
1057 6376
1058 6382
1059 6388
1060 6394
1061 6400
1062 6406
1063 6412
1064 6418
1065 6424
1066 6430
1067 6436
1068 6442
1069 6448
1070 6454
1071 6460
1072 6466
1073 6472
1074 6478
1075 6484
1076 6490
1077 6496
1078 6502
1079 6508
1080 6514
1081 6520
1082 6526
1083 6532
1084 6538
1085 6544
1086 6550
1087 6556
1088 6562
1089 6567
1090 6569
1091 6575
1092 6581
1093 6587
1094 6593
1096 6600
1097 6606
1098 6612
1099 6618
1100 6624
1101 6630
1102 6636
1103 6642
1104 6648
1105 6654
1106 6660
1107 6666
1108 6672
1109 6678
1110 6684
1111 6691
1112 6697
1113 6703
1114 6709
1115 6715
1116 6721
1117 6727
1118 6733
1119 6738
1120 6744
1121 6750
1122 6756
1123 6762
1124 6768
1125 6774
1126 6780
1127 6786
1128 6792
1129 6798
1130 6804
1131 6810
1132 6816
1133 6822
1134 6828
1135 6834
1136 6840
1137 6846
1138 6852
1139 6858
1140 6864
1141 6870
1142 6876
1143 6882
1144 6888
1145 6894
1146 6900
1147 6906
1148 6912
1149 6918
1150 6924
1151 6930
1152 6936
1153 6942
1154 6948
1155 6954
1156 6960
1157 6967
1158 6972
1159 6979
1160 6985
1161 6991
1162 6997
1163 7003
1164 7009
1165 7015
1166 7021
1167 7027
1168 7033
1169 7039
1170 7045
1171 7051
1172 7057
1173 7063
1174 7069
1175 7075
1176 7080
1177 7086
1178 7092
1179 7098
1180 7104
1181 7110
1182 7116
1183 7122
1184 7128
1185 7134
1186 7140
1187 7146
1188 7152
1189 7158
1190 7164
1191 7170
1192 7176
1193 7182
1194 7188
1195 7194
1196 7200
1197 7206
1198 7212
1199 7218
1200 7224
1201 7230
1202 7236
1203 7242
1204 7248
1205 7254
1206 7260
1207 7266
1208 7272
1209 7278
1210 7284
1211 7290
1212 7296
1213 7302
1214 7308
1215 7314
1216 7320
1217 7326
1218 7332
1219 7338
1220 7344
1221 7350
1222 7356
1223 7362
1224 7368
1225 7374
1226 7380
1227 7386
1228 7392
1229 7398
1230 7404
1231 7410
1232 7416
1233 7422
1234 7428
1235 7434
1236 7440
1237 7446
1238 7452
1239 7458
1240 7464
1241 7470
1242 7476
1243 7482
1244 7488
1245 7494
1246 7500
1247 7506
1248 7512
1249 7518
1250 7524
1251 7530
1252 7536
1253 7542
1254 7548
1255 7554
1256 7560
1257 7566
1258 7572
1259 7578
1260 7584
1261 7590
1262 7596
1263 7602
1264 7608
1265 7614
1266 7620
1267 7626
1268 7632
1269 7638
1270 7644
1287 7645
1288 7649
1289 7655
1290 7661
1291 7667
1292 7673
1293 7679
1294 7685
1295 7691
1296 7697
1297 7703
1298 7706
1299 7712
1300 7718
1301 7724
1302 7730
1303 7736
1304 7742
1305 7748
1306 7754
1307 7761
1308 7767
1309 7773
1310 7779
1311 7785
1312 7791
1313 7797
1314 7803
1315 7809
1316 7815
1317 7821
1318 7827
1319 7833
1320 7839
1321 7845
1322 7851
1323 7857
1324 7863
1325 7869
1326 7875
1327 7881
1328 7887
1329 7893
1330 7899
1331 7905
1332 7911
1333 7917
1334 7923
1335 7929
1336 7935
1337 7941
1338 7947
1339 7953
1340 7958
1341 7964
1342 7970
1343 7976
1344 7982
1345 7988
1346 7994
1347 8000
1348 8007
1349 8013
1350 8019
1351 8025
1352 8031
1353 8037
1354 8043
1355 8049
1356 8055
1357 8061
1358 8067
1359 8073
1360 8079
1361 8085
1362 8091
1363 8097
1364 8102
1365 8108
1366 8114
1367 8120
1368 8126
1369 8132
1370 8138
1371 8144
1372 8150
1373 8156
1374 8162
1375 8168
1376 8174
1377 8180
1378 8186
1379 8192
1380 8198
1381 8204
1382 8210
1383 8216
1384 8222
1385 8228
1386 8234
1387 8240
1388 8246
1389 8253
1390 8259
1391 8265
1392 8271
1393 8277
1394 8283
1395 8289
1396 8295
1397 8300
1398 8306
1399 8312
1400 8318
1401 8324
1402 8330
1403 8336
1404 8342
1405 8348
1406 8354
1407 8360
1408 8366
1409 8372
1410 8378
1411 8384
1412 8390
1413 8396
1414 8402
1415 8408
1416 8414
1417 8420
1418 8426
1419 8432
1420 8438
1421 8444
1422 8450
1423 8455
1424 8459
1425 8465
1426 8471
1427 8477
1428 8483
1429 8489
1430 8495
1431 8501
1432 8507
1433 8513
1434 8519
1435 8525
1436 8531
1437 8537
1438 8543
1439 8549
1440 8555
1441 8561
1442 8567
1443 8573
1444 8579
1445 8585
1446 8592
1447 8598
1448 8604
1449 8610
1450 8616
1451 8622
1452 8628
1453 8634
1454 8640
1455 8646
1456 8652
1457 8658
1458 8664
1459 8670
1460 8676
1461 8682
1462 8687
1463 8693
1464 8699
1465 8705
1466 8711
1467 8717
1468 8723
1469 8729
1470 8735
1471 8742
1472 8748
1473 8754
1474 8760
1475 8766
1476 8772
1477 8778
1478 8784
1479 8790
1480 8796
1481 8802
1482 8808
1483 8814
1484 8820
1485 8826
1486 8832
1487 8838
1488 8844
1489 8850
1490 8856
1491 8862
1492 8868
1493 8874
1494 8880
1495 8886
1496 8892
1497 8898
1498 8904
1499 8910
1500 8916
1501 8922
1502 8928
1503 8934
1504 8940
1505 8946
1506 8952
1507 8958
1508 8964
1509 8970
1510 8976
1511 8982
1512 8988
1513 8994
1514 9000
1515 9006
1516 9012
1517 9018
1518 9024
1519 9030
1520 9036
1521 9042
1522 9048
1523 9054
1524 9060
1525 9066
1526 9072
1527 9078
1528 9084
1529 9090
1530 9096
1531 9102
1532 9108
1533 9114
1534 9120
1535 9126
1536 9132
1537 9138
1538 9144
1539 9150
1540 9156
1541 9162
1542 9168
1543 9174
1544 9180
1545 9186
1546 9192
1547 9198
1548 9204
1549 9210
1550 9216
1551 9222
1552 9228
1553 9234
1554 9240
1555 9246
1556 9252
1557 9258
1558 9264
1559 9270
1560 9276
1561 9282
1562 9288
1563 9294
1564 9300
1565 9306
1566 9312
1567 9318
1568 9324
1569 9330
1570 9336
1571 9342
1572 9348
1573 9354
1574 9360
1575 9366
1576 9372
1577 9378
1578 9384
1579 9390
1580 9396
1581 9402
1582 9408
1583 9414
1584 9420
1585 9426
1586 9432
1587 9438
1588 9444
1589 9450
1590 9456
1591 9462
1592 9468
1593 9474
1594 9480
1595 9486
1596 9492
1597 9498
1598 9504
1599 9510
1600 9516
1601 9522
1602 9527
1603 9531
1604 9537
1605 9543
1606 9549
1607 9555
1608 9561
1609 9567
1610 9573
1611 9579
1612 9585
1613 9591
1614 9597
1615 9603
1616 9609
1617 9615
1618 9621
1619 9627
1620 9633
1621 9639
1622 9645
1623 9651
1624 9657
1625 9663
1626 9669
1627 9675
1628 9681
1629 9687
1630 9693
1631 9699
1632 9705
1633 9711
1634 9717
1635 9723
1636 9729
1637 9735
1638 9741
1639 9747
1640 9753
1641 9759
1642 9765
1643 9771
1644 9777
1645 9783
1646 9789
1647 9795
1648 9801
1649 9807
1650 9813
1651 9819
1652 9825
1653 9831
1654 9837
1655 9843
1656 9849
1657 9855
1658 9861
1659 9867
1660 9873
1661 9879
1662 9885
1663 9891
1664 9897
1665 9903
1666 9909
1667 9915
1668 9921
1669 9927
1670 9933
1671 9939
1672 9945
1673 9951
1674 9957
1675 9962
1676 9968
1677 9974
1678 9980
1679 9986
1680 9992
1681 9998
1682 10004
1683 10011
1684 10017
1685 10023
1686 10029
1687 10035
1688 10041
1689 10047
1690 10053
1691 10059
1692 10065
1693 10071
1694 10077
1695 10083
1696 10089
1697 10095
1698 10101
1699 10106
1700 10112
1701 10118
1702 10124
1703 10130
1704 10136
1705 10142
1706 10149
1707 10155
1708 10161
1709 10167
1710 10173
1711 10179
1712 10185
1713 10191
1714 10197
1715 10203
1716 10209
1717 10215
1718 10221
1719 10227
1720 10233
1721 10239
1722 10245
1723 10251
1724 10257
1725 10263
1726 10269
1727 10275
1728 10281
1729 10287
1730 10293
1731 10299
1732 10305
1733 10311
1734 10317
1735 10323
1736 10329
1737 10335
1738 10341
1739 10347
1740 10353
1741 10359
1742 10365
1743 10371
1744 10377
1745 10383
1746 10389
1747 10395
1748 10401
1749 10407
1750 10413
1751 10419
1752 10425
1753 10431
1754 10437
1755 10443
1756 10449
1757 10455
1758 10461
1759 10467
1760 10473
1761 10479
1762 10485
1763 10491
1764 10497
1765 10503
1766 10509
1767 10515
1768 10521
1769 10527
1770 10533
1771 10539
1772 10545
1773 10551
1774 10557
1775 10563
1776 10569
1777 10575
1778 10581
1779 10587
1780 10593
1781 10599
1782 10605
1783 10611
1784 10617
1785 10623
1786 10629
1787 10635
1788 10641
1789 10647
1790 10653
1791 10659
1792 10665
1793 10671
1794 10677
1795 10683
1796 10689
1797 10695
1798 10701
1799 10707
1800 10713
1801 10719
1802 10725
1803 10731
1804 10737
1805 10743
1806 10749
1807 10755
1808 10761
1809 10767
1810 10773
1811 10779
1812 10785
1813 10791
1814 10797
1815 10803
1816 10809
1817 10815
1818 10821
1819 10827
1820 10833
1821 10839
1822 10845
1823 10851
1824 10857
1825 10863
1826 10869
1827 10875
1828 10881
1829 10887
1830 10893
1831 10899
1832 10905
1833 10911
1834 10917
1835 10923
1836 10929
1837 10935
1838 10941
1839 10947
1840 10953
1841 10959
1842 10965
1843 10971
1844 10977
1845 10983
1846 10989
1847 10995
1848 11001
1849 11007
1850 11013
1851 11019
1852 11025
1853 11031
1854 11037
1855 11043
1856 11049
1857 11055
1858 11061
1859 11067
1860 11073
1861 11079
1862 11085
1863 11091
1864 11097
1865 11103
1866 11109
1867 11115
1868 11121
1869 11127
1870 11133
1871 11139
1872 11145
1873 11151
1874 11157
1875 11163
1876 11169
1877 11175
1878 11181
1879 11187
1880 11193
1881 11199
1882 11205
1883 11211
1884 11217
1885 11223
1886 11229
1887 11235
1888 11241
1889 11247
1890 11253
1891 11259
1892 11265
1893 11271
1894 11277
1895 11283
1896 11289
1897 11295
1898 11301
1899 11307
1900 11313
1901 11319
1902 11325
1903 11331
1904 11337
1905 11343
1906 11349
1907 11355
1908 11361
1909 11367
1910 11373
1911 11379
1912 11385
1913 11391
1914 11397
1915 11403
1916 11409
1917 11415
1918 11421
1919 11427
1920 11433
1921 11439
1922 11445
1923 11451
1924 11457
1925 11463
1926 11469
1927 11475
1928 11481
1929 11487
1930 11493
1931 11499
1932 11505
1933 11511
1934 11517
1935 11523
1936 11529
1937 11535
1938 11541
1939 11547
1940 11553
1941 11559
1942 11565
1943 11571
1944 11577
1945 11583
1967 11589
1968 11595
1969 11601
1970 11607
1971 11613
1972 11619
1973 11625
1974 11631
1975 11637
1976 11643
1977 11649
1978 11655
1979 11661
1980 11667
1981 11673
1982 11679
1983 11685
1984 11691
1985 11697
1986 11703
1987 11709
1988 11715
1989 11721
1990 11727
1991 11733
1992 11739
1993 11745
1994 11751
1995 11757
1996 11763
1997 11769
1998 11775
1999 11781
2000 11787
2001 11793
2002 11799
2003 11805
2004 11811
2005 11817
2006 11823
2007 11829
2008 11835
2009 11841
2010 11847
2011 11853
2012 11859
2013 11865
2014 11871
2015 11877
2016 11883
2017 11889
2018 11895
2019 11901
2020 11907
2021 11913
2022 11919
2023 11925
2024 11931
2025 11937
2026 11943
2027 11949
2028 11955
2029 11961
2030 11967
2031 11973
2032 11979
2033 11985
2034 11991
2035 11997
2036 12003
2037 12009
2038 12015
2039 12021
2040 12027
2041 12033
2042 12039
2043 12045
2044 12051
2045 12057
2046 12063
2047 12069
2048 12075
2049 12081
2050 12087
2051 12093
2052 12099
2053 12105
2054 12111
2055 12117
2056 12123
2057 12129
2058 12135
2059 12141
2060 12147
2061 12153
2062 12159
2063 12165
2064 12171
2065 12177
2066 12183
2067 12189
2068 12195
2069 12201
2070 12207
2071 12213
2072 12219
2073 12225
2074 12231
2075 12237
2076 12243
2077 12249
2078 12255
2079 12261
2080 12267
2081 12273
2082 12279
2083 12285
2084 12291
2085 12297
2086 12303
2087 12309
2088 12315
2089 12321
2090 12327
2091 12333
2092 12339
2093 12345
2094 12351
2095 12357
2096 12363
2097 12369
2098 12375
2099 12381
2100 12387
2101 12393
2102 12399
2103 12405
2104 12411
2105 12417
2106 12423
2107 12429
2108 12435
2109 12441
2110 12447
2111 12453
2112 12459
2113 12465
2114 12471
2115 12477
2116 12483
2117 12489
2118 12495
2119 12501
2120 12507
2121 12513
2122 12519
2123 12525
2124 12531
2125 12537
2126 12543
2127 12549
2128 12555
2129 12561
2130 12567
2131 12573
2132 12579
2133 12585
2134 12591
2135 12597
2136 12603
2137 12609
2138 12615
2139 12621
2140 12627
2141 12633
2142 12639
2143 12645
2144 12651
2145 12657
2146 12663
2147 12669
2148 12675
2149 12681
2150 12687
2151 12693
2152 12699
2153 12705
2154 12711
2155 12717
2156 12723
2157 12729
2158 12735
2159 12741
2160 12747
2161 12753
2162 12759
2163 12765
2164 12771
2165 12777
2166 12783
2167 12789
2168 12795
2169 12801
2170 12807
2171 12810
2172 12815
2173 12821
2174 12827
2175 12833
2176 12839
2177 12845
2178 12851
2179 12857
2180 12863
2181 12869
2182 12875
2183 12881
2184 12887
2185 12893
2186 12899
2187 12905
2188 12908
2189 12914
2190 12920
2191 12926
2192 12932
2193 12938
2194 12944
2195 12950
2196 12956
2197 12962
2198 12968
2199 12974
2200 12980
2201 12986
2202 12992
2203 12998
2204 13004
2205 13010
2206 13016
2207 13022
2208 13028
2209 13034
2210 13040
2211 13046
2212 13052
2213 13058
2214 13064
2215 13070
2216 13076
2217 13082
2218 13088
2219 13094
2220 13100
2221 13106
2222 13112
2223 13118
2224 13124
2225 13130
2226 13136
2227 13142
2228 13148
2229 13154
2230 13160
2231 13166
2232 13172
2233 13178
2234 13184
2235 13190
2236 13196
2237 13202
2238 13208
2239 13214
2240 13220
2241 13226
2242 13232
2243 13238
2244 13244
2245 13250
2246 13256
2247 13262
2248 13268
2249 13274
2250 13280
2251 13286
2252 13292
2253 13298
2254 13304
2255 13310
2256 13316
2257 13322
2258 13328
2259 13334
2260 13340
2261 13346
2262 13352
2263 13358
2264 13364
2265 13370
2266 13376
2267 13382
2268 13388
2269 13394
2270 13400
2271 13406
2272 13412
2273 13418
2274 13424
2275 13430
2276 13436
2277 13442
2278 13448
2279 13454
2280 13460
2281 13466
2282 13472
2283 13478
2284 13484
2285 13490
2286 13496
2287 13502
2288 13508
2289 13514
2290 13520
2291 13526
2292 13532
2293 13538
2294 13544
2295 13550
2296 13556
2297 13562
2298 13568
2299 13574
2300 13580
2301 13586
2302 13592
2303 13598
2304 13604
2305 13610
2306 13616
2307 13622
2308 13628
2309 13634
2310 13640
2311 13646
2312 13652
2313 13658
2314 13664
2315 13670
2316 13676
2317 13682
2318 13688
2319 13694
2320 13700
2321 13706
2322 13712
2323 13718
2324 13724
2325 13730
2326 13736
2327 13742
2328 13748
2329 13754
2330 13760
2331 13766
2332 13772
2333 13778
2334 13784
2335 13790
2336 13796
2337 13802
2338 13808
2339 13814
2340 13820
2341 13826
2342 13832
2343 13838
2344 13844
2345 13850
2346 13856
2347 13862
2348 13868
2349 13874
2350 13880
2351 13886
2352 13892
2353 13898
2354 13904
2355 13910
2356 13916
2357 13922
2358 13928
2359 13934
2360 13940
2361 13946
2362 13952
2363 13958
2364 13964
2365 13967
2366 13973
2367 13979
2368 13985
2369 13988
2370 13994
2371 14000
2372 14006
2373 14012
2374 14018
2375 14024
2376 14027
2377 14033
2378 14039
2379 14045
2380 14051
2381 14057
2382 14063
2383 14069
2384 14075
2385 14081
2386 14087
2387 14093
2388 14099
2389 14105
2390 14111
2391 14117
2392 14122
2393 14123
2394 14124
2395 14125
2396 14126
2397 14130
2398 14136
2399 14139
2400 14145
2401 14151
2402 14157
2403 14163
2404 14169
2405 14175
2406 14181
2407 14187
2408 14193
2409 14199
2410 14205
2411 14211
2412 14217
2413 14223
2414 14229
2415 14235
2416 14241
2417 14247
2418 14253
2419 14259
2420 14265
2421 14271
2422 14277
2423 14283
2424 14289
2425 14295
2426 14301
2427 14307
2428 14313
2429 14319
2430 14325
2431 14331
2432 14337
2433 14343
2434 14349
2435 14355
2436 14361
2437 14367
2438 14373
2439 14379
2440 14385
2441 14391
2442 14397
2443 14403
2444 14409
2445 14415
2446 14421
2447 14427
2448 14433
2449 14439
2450 14445
2451 14451
2452 14457
2453 14463
2454 14469
2455 14475
2456 14481
2457 14487
2458 14493
2459 14499
2460 14505
2461 14511
2462 14517
2463 14523
2464 14529
2465 14535
2466 14541
2467 14547
2468 14553
2469 14559
2470 14565
2471 14571
2472 14577
2473 14583
2474 14589
2475 14595
2476 14601
2477 14607
2478 14613
2479 14619
2480 14625
2481 14631
2482 14637
2483 14643
2484 14649
2485 14655
2486 14661
2487 14667
2488 14673
2489 14679
2490 14685
2491 14691
2492 14697
2493 14703
2494 14709
2495 14715
2496 14721
2497 14727
2498 14733
2499 14739
2500 14745
2501 14751
2502 14757
2503 14763
2504 14769
2505 14775
2506 14781
2507 14787
2508 14793
2509 14799
2510 14805
2511 14811
2512 14817
2513 14823
2514 14829
2515 14835
2516 14841
2517 14847
2518 14853
2519 14859
2520 14865
2521 14871
2522 14877
2523 14883
2524 14889
2525 14895
2526 14901
2527 14907
2528 14913
2529 14919
2530 14925
2531 14931
2532 14937
2533 14943
2534 14949
2535 14955
2536 14961
2537 14967
2538 14973
2539 14979
2540 14985
2541 14991
2542 14997
2543 15003
2544 15009
2545 15015
2546 15021
2547 15027
2548 15033
2549 15039
2550 15045
2551 15051
2552 15057
2553 15063
2554 15069
2555 15075
2556 15081
2557 15087
2558 15093
2559 15099
2560 15105
2561 15111
2562 15117
2563 15123
2564 15129
2565 15135
2566 15141
2567 15147
2568 15153
2569 15159
2570 15165
2571 15171
2572 15177
2573 15183
2574 15189
2575 15195
2576 15201
2577 15207
2578 15213
2579 15219
2580 15225
2581 15231
2582 15237
2583 15243
2584 15249
2585 15255
2586 15261
2587 15267
2588 15273
2589 15279
2590 15285
2591 15291
2592 15297
2593 15303
2594 15309
2595 15315
2596 15321
2597 15327
2598 15333
2599 15339
2600 15345
2601 15351
2602 15357
2603 15363
2604 15369
2605 15375
2606 15381
2607 15387
2608 15393
2609 15399
2610 15405
2611 15411
2612 15417
2613 15423
2614 15429
2615 15435
2616 15441
2617 15447
2618 15453
2619 15459
2620 15465
2621 15471
2622 15477
2623 15483
2624 15489
2625 15495
2626 15501
2627 15507
2628 15513
2629 15519
2630 15525
2631 15531
2632 15537
2633 15543
2634 15549
2635 15555
2636 15561
2637 15567
2638 15573
2639 15579
2640 15585
2641 15591
2642 15597
2643 15603
2644 15609
2645 15615
2646 15621
2647 15627
2648 15633
2649 15639
2650 15645
2651 15651
2652 15657
2653 15663
2654 15669
2655 15675
2656 15681
2657 15687
2658 15693
2659 15699
2660 15705
2661 15711
2662 15717
2663 15723
2664 15729
2665 15735
2666 15741
2667 15747
2668 15753
2669 15759
2670 15765
2671 15771
2672 15777
2673 15783
2674 15789
2675 15795
2676 15801
2677 15807
2678 15813
2679 15819
2680 15825
2681 15831
2682 15837
2683 15843
2684 15849
2685 15855
2686 15861
2687 15867
2688 15873
2689 15879
2690 15885
2691 15891
2692 15897
2693 15903
2694 15909
2695 15915
2696 15921
2697 15927
2698 15933
2699 15939
2700 15945
2701 15951
2702 15957
2703 15963
2704 15969
2705 15975
2706 15981
2707 15987
2708 15993
2709 15999
2710 16005
2711 16011
2712 16017
2713 16023
2714 16029
2715 16035
2716 16041
2717 16047
2718 16053
2719 16059
2720 16065
2721 16071
2722 16077
2723 16083
2724 16089
2725 16095
2726 16101
2727 16107
2728 16113
2729 16119
2730 16125
2731 16131
2732 16137
2733 16143
2734 16149
2735 16155
2736 16161
2737 16167
2738 16173
2739 16179
2740 16185
2741 16191
2742 16197
2743 16203
2744 16209
2745 16215
2746 16221
2747 16227
2748 16233
2749 16239
2750 16245
2751 16251
2752 16257
2753 16263
2754 16269
2755 16275
2756 16281
2757 16287
2758 16293
2759 16299
2760 16305
2761 16311
2762 16317
2763 16323
2764 16329
2765 16335
2766 16341
2767 16347
2768 16353
2769 16359
2770 16365
2771 16371
2772 16377
2773 16383
2774 16389
2775 16395
2776 16401
2777 16407
2778 16413
2779 16419
2780 16425
2781 16431
2782 16437
2783 16443
2784 16449
2785 16455
2786 16461
2787 16467
2788 16473
2789 16479
2790 16485
2791 16491
2792 16497
2793 16503
2794 16509
2795 16515
2796 16521
2797 16527
2798 16533
2799 16539
