0 583
1 589
2 595
3 601
4 607
5 613
6 619
7 625
8 631
9 637
10 643
11 649
12 655
13 661
14 667
15 673
16 679
17 685
18 691
19 697
20 703
21 709
22 715
23 721
24 727
25 733
26 739
27 745
28 751
29 757
30 763
31 769
32 775
33 781
34 787
35 793
36 799
37 805
38 811
39 817
40 823
41 829
42 835
43 841
44 847
45 853
46 859
47 865
48 871
49 877
50 883
51 889
52 895
53 901
54 907
55 913
56 919
57 925
58 931
59 937
60 943
61 949
62 955
63 961
64 967
65 973
66 979
67 985
68 991
69 997
70 1003
71 1009
72 1015
73 1021
74 1027
75 1033
76 1039
77 1045
78 1051
79 1057
80 1063
81 1069
82 1075
83 1081
84 1087
85 1093
86 1099
87 1105
88 1111
89 1117
90 1123
91 1129
92 1135
93 1141
94 1147
95 1153
96 1159
97 1165
98 1171
99 1177
100 1183
101 1189
102 1195
103 1201
104 1207
105 1213
106 1219
107 1225
108 1231
109 1237
110 1243
111 1249
112 1255
113 1261
114 1267
115 1273
116 1279
117 1285
118 1291
119 1297
120 1303
121 1309
122 1315
123 1321
124 1327
125 1333
126 1339
127 1345
128 1351
129 1357
130 1363
131 1369
132 1375
133 1381
134 1387
135 1393
136 1399
137 1405
138 1411
139 1417
140 1423
141 1429
142 1435
143 1441
144 1447
145 1453
146 1459
147 1465
148 1471
149 1477
150 1483
151 1489
152 1495
153 1501
154 1507
155 1513
156 1519
157 1525
158 1531
159 1537
160 1543
161 1549
162 1555
163 1561
164 1567
165 1573
166 1579
167 1585
168 1591
169 1597
170 1603
171 1609
172 1615
173 1621
174 1627
175 1633
176 1639
177 1645
178 1651
179 1657
180 1663
181 1669
182 1675
183 1681
184 1687
185 1693
186 1699
187 1705
188 1711
189 1717
190 1723
191 1729
192 1735
193 1741
194 1747
195 1753
196 1759
197 1765
198 1771
199 1777
200 1783
201 1789
202 1795
203 1801
204 1807
205 1813
206 1819
207 1825
208 1831
209 1837
210 1843
211 1849
212 1855
213 1861
214 1867
215 1873
216 1879
217 1885
218 1891
219 1897
220 1903
221 1909
222 1915
223 1921
224 1927
225 1933
226 1939
227 1945
228 1951
229 1957
230 1963
231 1969
232 1975
233 1981
234 1987
235 1993
236 1999
237 2005
238 2011
239 2017
240 2023
241 2029
242 2035
243 2041
244 2047
245 2053
246 2059
247 2065
248 2071
249 2077
250 2083
251 2089
252 2095
253 2101
254 2107
255 2113
256 2119
257 2125
258 2131
259 2137
260 2143
261 2149
262 2155
263 2161
264 2167
265 2173
266 2179
267 2185
268 2191
269 2197
270 2203
271 2209
272 2215
273 2221
274 2227
275 2233
276 2239
277 2245
278 2251
279 2257
280 2263
281 2269
282 2275
283 2281
284 2287
285 2293
286 2299
287 2305
288 2311
289 2317
290 2323
291 2329
292 2335
293 2341
294 2347
295 2353
296 2359
297 2365
298 2371
299 2377
300 2383
301 2389
302 2395
303 2401
304 2407
305 2413
306 2419
307 2425
308 2431
309 2437
310 2443
311 2449
312 2455
313 2461
314 2467
315 2473
316 2479
317 2485
318 2491
319 2497
320 2503
321 2509
322 2515
323 2521
324 2527
325 2533
326 2539
327 2545
328 2551
329 2557
330 2563
331 2569
332 2575
333 2581
334 2587
335 2593
336 2599
337 2605
338 2611
339 2617
340 2623
341 2629
342 2635
343 2641
344 2647
345 2653
346 2659
347 2665
348 2671
349 2677
350 2683
351 2689
352 2695
353 2701
354 2707
355 2713
356 2719
357 2725
358 2731
359 2737
360 2743
361 2749
362 2755
363 2761
364 2767
365 2773
366 2779
367 2785
368 2791
369 2797
370 2803
371 2809
372 2815
373 2821
374 2827
375 2833
376 2839
377 2845
378 2851
379 2857
380 2863
381 2869
382 2875
383 2881
384 2887
385 2893
386 2899
387 2905
388 2911
389 2917
390 2923
391 2929
392 2935
393 2941
394 2947
395 2953
396 2959
397 2965
398 2971
399 2977
400 2983
401 2989
402 2995
403 3001
404 3007
405 3013
406 3019
407 3025
408 3031
409 3037
410 3043
411 3049
412 3055
413 3061
414 3067
415 3073
416 3079
417 3085
418 3091
419 3097
420 3103
421 3109
422 3115
423 3121
424 3127
425 3133
426 3139
427 3145
428 3151
429 3157
430 3163
431 3169
432 3175
433 3181
434 3187
435 3193
436 3199
437 3205
438 3211
439 3217
440 3223
441 3229
442 3235
443 3241
444 3247
445 3253
446 3259
447 3265
448 3271
449 3277
450 3283
451 3289
452 3295
453 3301
454 3307
455 3313
456 3319
457 3325
458 3331
459 3337
460 3343
461 3349
462 3355
463 3361
464 3367
465 3373
466 3379
467 3385
468 3391
469 3397
470 3403
471 3409
472 3415
473 3421
474 3427
475 3433
476 3439
477 3445
478 3451
479 3457
480 3463
481 3469
482 3475
483 3481
484 3487
485 3493
486 3499
487 3505
488 3511
489 3517
490 3523
491 3529
492 3535
493 3541
494 3547
495 3553
496 3559
497 3565
498 3571
499 3577
500 3583
501 3589
502 3595
503 3601
504 3607
505 3613
506 3619
507 3625
508 3631
509 3637
510 3643
511 3649
512 3655
513 3661
514 3667
515 3673
516 3679
517 3685
518 3691
519 3697
520 3703
521 3709
522 3715
523 3721
524 3727
525 3733
526 3739
527 3745
528 3751
529 3757
530 3763
531 3769
532 3775
533 3781
534 3787
535 3793
536 3799
537 3805
538 3811
539 3817
540 3823
541 3829
542 3835
543 3841
544 3847
545 3853
546 3859
547 3865
548 3871
549 3877
550 3883
551 3889
552 3895
553 3901
554 3907
555 3913
556 3919
557 3925
558 3931
559 3937
560 3943
561 3949
562 3955
563 3961
564 3967
565 3973
566 3979
567 3985
568 3991
569 3997
570 4003
571 4009
572 4015
573 4021
574 4027
575 4033
576 4039
577 4045
578 4051
579 4057
580 4063
581 4069
582 4075
583 4081
584 4087
585 4093
586 4099
587 4105
588 4111
589 4117
590 4123
591 4129
592 4135
593 4141
594 4147
595 4153
596 4159
597 4165
598 4171
599 4177
600 4183
601 4189
602 4195
603 4201
604 4207
605 4213
606 4219
607 4225
608 4231
609 4237
610 4243
611 4249
612 4255
613 4261
614 4267
615 4273
616 4279
617 4285
618 4291
619 4297
620 4303
621 4309
622 4315
623 4321
624 4327
625 4333
626 4339
627 4345
628 4351
629 4357
630 4363
631 4369
632 4375
633 4381
634 4387
635 4393
636 4399
637 4405
638 4411
639 4417
640 4423
641 4429
642 4435
643 4441
644 4447
645 4453
646 4459
647 4465
648 4471
649 4477
650 4483
651 4489
652 4495
653 4501
654 4507
655 4513
656 4519
657 4525
658 4531
659 4537
660 4543
661 4549
662 4555
663 4561
664 4567
665 4573
666 4579
667 4585
668 4591
669 4597
670 4603
671 4609
672 4615
673 4621
674 4627
675 4633
676 4639
677 4645
678 4651
679 4657
680 4663
681 4669
682 4675
683 4681
684 4687
685 4693
686 4699
687 4705
688 4711
689 4717
690 4723
691 4729
692 4735
693 4741
694 4747
695 4753
696 4759
697 4765
698 4771
699 4777
700 4783
701 4789
702 4795
703 4801
704 4807
705 4813
706 4819
707 4825
708 4831
709 4837
710 4843
711 4849
712 4855
713 4856
714 4862
715 4868
716 4874
722 4877
723 4881
724 4884
725 4890
726 4895
727 4901
728 4904
729 4907
730 4913
731 4919
732 4925
733 4931
734 4937
735 4943
736 4949
737 4955
738 4961
739 4967
740 4973
741 4979
742 4985
743 4991
744 4997
745 5003
746 5009
747 5015
748 5021
749 5027
750 5033
751 5039
752 5045
753 5051
754 5057
755 5063
756 5069
757 5075
758 5081
759 5087
760 5093
761 5099
762 5105
763 5111
764 5117
765 5123
766 5129
767 5135
768 5141
769 5147
770 5153
771 5159
772 5165
773 5171
774 5177
775 5183
776 5189
777 5195
778 5201
779 5207
780 5213
781 5219
782 5225
783 5231
784 5237
785 5243
786 5249
787 5255
788 5261
789 5267
790 5273
791 5279
792 5285
793 5291
794 5297
795 5303
796 5309
797 5315
798 5321
799 5327
800 5333
801 5339
802 5345
803 5351
804 5357
805 5363
806 5369
807 5375
808 5381
809 5387
810 5393
811 5399
812 5405
813 5411
814 5417
815 5423
816 5429
817 5435
818 5441
819 5447
820 5453
821 5459
822 5465
823 5471
824 5477
825 5483
826 5489
827 5495
828 5501
829 5507
830 5513
831 5519
832 5525
833 5531
834 5537
835 5543
836 5549
837 5555
838 5561
839 5567
840 5573
841 5579
842 5585
843 5591
844 5597
845 5603
846 5609
847 5615
848 5621
849 5627
850 5633
851 5639
852 5645
853 5651
854 5657
855 5663
856 5669
857 5675
858 5681
859 5687
860 5693
861 5699
864 5704
867 5705
868 5710
870 5714
871 5719
872 5725
873 5731
874 5737
875 5743
876 5749
877 5755
878 5761
879 5767
880 5773
881 5779
882 5785
883 5791
884 5797
885 5803
886 5809
887 5815
888 5821
889 5827
890 5833
891 5839
892 5842
893 5848
894 5854
895 5860
896 5866
897 5872
898 5878
899 5884
900 5890
901 5896
902 5902
903 5908
904 5914
905 5920
906 5926
907 5932
908 5938
909 5944
910 5950
911 5956
912 5962
913 5968
914 5974
915 5980
916 5986
917 5992
918 5998
919 6004
920 6010
921 6016
922 6022
923 6028
924 6034
925 6040
926 6046
927 6052
928 6058
929 6064
930 6070
931 6076
932 6082
933 6088
934 6094
935 6100
936 6106
937 6112
938 6118
939 6124
940 6130
941 6136
942 6142
943 6148
944 6154
945 6160
946 6166
947 6172
948 6178
949 6184
950 6190
951 6196
952 6202
953 6208
954 6214
955 6220
956 6226
957 6232
958 6238
959 6244
960 6250
961 6256
962 6262
963 6268
964 6274
965 6280
966 6286
967 6292
968 6298
969 6304
970 6310
971 6316
972 6322
973 6328
974 6334
975 6340
976 6346
977 6352
978 6358
979 6364
980 6370
981 6376
982 6382
983 6388
984 6394
985 6400
986 6406
987 6412
988 6418
989 6424
990 6430
991 6436
992 6442
993 6448
994 6454
995 6460
996 6466
997 6472
998 6478
999 6484
1000 6490
1001 6496
1002 6502
1003 6508
1004 6514
1005 6520
1006 6526
1007 6532
1008 6538
1009 6544
1010 6550
1011 6556
1012 6562
1013 6567
1014 6569
1015 6575
1016 6581
1017 6587
1018 6593
1020 6600
1021 6606
1022 6612
1023 6618
1024 6624
1025 6630
1026 6636
1027 6642
1028 6648
1029 6654
1030 6660
1031 6666
1032 6672
1033 6678
1034 6684
1035 6691
1036 6697
1037 6703
1038 6709
1039 6715
1040 6721
1041 6727
1042 6733
1043 6738
1044 6744
1045 6750
1046 6756
1047 6762
1048 6768
1049 6774
1050 6780
1051 6786
1052 6792
1053 6798
1054 6804
1055 6810
1056 6816
1057 6822
1058 6828
1059 6834
1060 6840
1061 6846
1062 6852
1063 6858
1064 6864
1065 6870
1066 6876
1067 6882
1068 6888
1069 6894
1070 6900
1071 6906
1072 6912
1073 6918
1074 6924
1075 6930
1076 6936
1077 6942
1078 6948
1079 6954
1080 6960
1081 6966
1082 6972
1083 6978
1084 6985
1085 6991
1086 6997
1087 7003
1088 7009
1089 7015
1090 7021
1091 7027
1092 7033
1093 7039
1094 7045
1095 7051
1096 7057
1097 7063
1098 7069
1099 7075
1100 7080
1101 7086
1102 7092
1103 7098
1104 7104
1105 7110
1106 7116
1107 7122
1108 7128
1109 7134
1110 7140
1111 7146
1112 7152
1113 7158
1114 7164
1115 7170
1116 7176
1117 7182
1118 7188
1119 7194
1120 7200
1121 7206
1122 7212
1123 7218
1124 7224
1125 7230
1126 7236
1127 7242
1128 7248
1129 7254
1130 7260
1131 7266
1132 7272
1133 7278
1134 7284
1135 7290
1136 7296
1137 7302
1138 7308
1139 7314
1140 7320
1141 7326
1142 7332
1143 7338
1144 7344
1145 7350
1146 7356
1147 7362
1148 7368
1149 7374
1150 7380
1151 7386
1152 7392
1153 7398
1154 7404
1155 7410
1156 7416
1157 7422
1158 7428
1159 7434
1160 7440
1161 7446
1162 7452
1163 7458
1164 7464
1165 7470
1166 7476
1167 7482
1168 7488
1169 7494
1170 7500
1171 7506
1172 7512
1173 7518
1174 7524
1175 7530
1176 7536
1177 7542
1178 7548
1179 7554
1180 7560
1181 7566
1182 7572
1183 7578
1184 7584
1185 7590
1186 7596
1187 7602
1188 7608
1189 7614
1190 7620
1191 7626
1192 7632
1193 7638
1194 7644
1211 7645
1212 7649
1213 7655
1214 7661
1215 7667
1216 7673
1217 7679
1218 7685
1219 7691
1220 7697
1221 7703
1222 7706
1223 7712
1224 7718
1225 7724
1226 7730
1227 7736
1228 7742
1229 7748
1230 7754
1231 7761
1232 7767
1233 7773
1234 7779
1235 7785
1236 7791
1237 7797
1238 7803
1239 7809
1240 7815
1241 7821
1242 7827
1243 7833
1244 7839
1245 7845
1246 7851
1247 7857
1248 7863
1249 7869
1250 7875
1251 7881
1252 7887
1253 7893
1254 7899
1255 7905
1256 7911
1257 7917
1258 7923
1259 7929
1260 7935
1261 7941
1262 7947
1263 7953
1264 7958
1265 7964
1266 7970
1267 7976
1268 7982
1269 7988
1270 7994
1271 8000
1272 8007
1273 8013
1274 8019
1275 8025
1276 8031
1277 8037
1278 8043
1279 8049
1280 8055
1281 8061
1282 8067
1283 8073
1284 8079
1285 8085
1286 8091
1287 8097
1288 8102
1289 8108
1290 8114
1291 8120
1292 8126
1293 8132
1294 8138
1295 8144
1296 8150
1297 8156
1298 8162
1299 8168
1300 8174
1301 8180
1302 8186
1303 8192
1304 8198
1305 8204
1306 8210
1307 8216
1308 8222
1309 8228
1310 8234
1311 8240
1312 8246
1313 8253
1314 8259
1315 8265
1316 8271
1317 8277
1318 8283
1319 8289
1320 8295
1321 8300
1322 8306
1323 8312
1324 8318
1325 8324
1326 8330
1327 8336
1328 8342
1329 8348
1330 8354
1331 8360
1332 8366
1333 8372
1334 8378
1335 8384
1336 8390
1337 8396
1338 8402
1339 8408
1340 8414
1341 8420
1342 8426
1343 8432
1344 8438
1345 8444
1346 8450
1347 8455
1348 8459
1349 8465
1350 8471
1351 8477
1352 8483
1353 8489
1354 8495
1355 8501
1356 8507
1357 8513
1358 8519
1359 8525
1360 8531
1361 8537
1362 8543
1363 8549
1364 8555
1365 8561
1366 8567
1367 8573
1368 8579
1369 8585
1370 8592
1371 8598
1372 8604
1373 8610
1374 8616
1375 8622
1376 8628
1377 8634
1378 8640
1379 8646
1380 8652
1381 8658
1382 8664
1383 8670
1384 8676
1385 8682
1386 8687
1387 8693
1388 8699
1389 8705
1390 8711
1391 8717
1392 8723
1393 8729
1394 8735
1395 8742
1396 8748
1397 8754
1398 8760
1399 8766
1400 8772
1401 8778
1402 8784
1403 8790
1404 8796
1405 8802
1406 8808
1407 8814
1408 8820
1409 8826
1410 8832
1411 8838
1412 8844
1413 8850
1414 8856
1415 8862
1416 8868
1417 8874
1418 8880
1419 8886
1420 8892
1421 8898
1422 8904
1423 8910
1424 8916
1425 8922
1426 8928
1427 8934
1428 8940
1429 8946
1430 8952
1431 8958
1432 8964
1433 8970
1434 8976
1435 8982
1436 8988
1437 8994
1438 9000
1439 9006
1440 9012
1441 9018
1442 9024
1443 9030
1444 9036
1445 9042
1446 9048
1447 9054
1448 9060
1449 9066
1450 9072
1451 9078
1452 9084
1453 9090
1454 9096
1455 9102
1456 9108
1457 9114
1458 9120
1459 9126
1460 9132
1461 9138
1462 9144
1463 9150
1464 9156
1465 9162
1466 9168
1467 9174
1468 9180
1469 9186
1470 9192
1471 9198
1472 9204
1473 9210
1474 9216
1475 9222
1476 9228
1477 9234
1478 9240
1479 9246
1480 9252
1481 9258
1482 9264
1483 9270
1484 9276
1485 9282
1486 9288
1487 9294
1488 9300
1489 9306
1490 9312
1491 9318
1492 9324
1493 9330
1494 9336
1495 9342
1496 9348
1497 9354
1498 9360
1499 9366
1500 9372
1501 9378
1502 9384
1503 9390
1504 9396
1505 9402
1506 9408
1507 9414
1508 9420
1509 9426
1510 9432
1511 9438
1512 9444
1513 9450
1514 9456
1515 9462
1516 9468
1517 9474
1518 9480
1519 9486
1520 9492
1521 9498
1522 9504
1523 9510
1524 9516
1525 9522
1526 9527
1527 9531
1528 9537
1529 9543
1530 9549
1531 9555
1532 9561
1533 9567
1534 9573
1535 9579
1536 9585
1537 9591
1538 9597
1539 9603
1540 9609
1541 9615
1542 9621
1543 9627
1544 9633
1545 9639
1546 9645
1547 9651
1548 9657
1549 9663
1550 9669
1551 9675
1552 9681
1553 9687
1554 9693
1555 9699
1556 9705
1557 9711
1558 9717
1559 9723
1560 9729
1561 9735
1562 9741
1563 9747
1564 9753
1565 9759
1566 9765
1567 9771
1568 9777
1569 9783
1570 9789
1571 9795
1572 9801
1573 9807
1574 9813
1575 9819
1576 9825
1577 9831
1578 9837
1579 9843
1580 9849
1581 9855
1582 9861
1583 9867
1584 9873
1585 9879
1586 9885
1587 9891
1588 9897
1589 9903
1590 9909
1591 9915
1592 9921
1593 9927
1594 9933
1595 9939
1596 9945
1597 9951
1598 9957
1599 9962
1600 9968
1601 9974
1602 9980
1603 9986
1604 9992
1605 9998
1606 10004
1607 10011
1608 10017
1609 10023
1610 10029
1611 10035
1612 10041
1613 10047
1614 10053
1615 10059
1616 10065
1617 10071
1618 10077
1619 10083
1620 10089
1621 10095
1622 10101
1623 10106
1624 10112
1625 10118
1626 10124
1627 10130
1628 10136
1629 10142
1630 10148
1631 10155
1632 10161
1633 10167
1634 10173
1635 10179
1636 10185
1637 10191
1638 10197
1639 10203
1640 10209
1641 10215
1642 10221
1643 10227
1644 10233
1645 10239
1646 10245
1647 10251
1648 10257
1649 10263
1650 10269
1651 10275
1652 10281
1653 10287
1654 10293
1655 10299
1656 10305
1657 10311
1658 10317
1659 10323
1660 10329
1661 10335
1662 10341
1663 10347
1664 10353
1665 10359
1666 10365
1667 10371
1668 10377
1669 10383
1670 10389
1671 10395
1672 10401
1673 10407
1674 10413
1675 10419
1676 10425
1677 10431
1678 10437
1679 10443
1680 10449
1681 10455
1682 10461
1683 10467
1684 10473
1685 10479
1686 10485
1687 10491
1688 10497
1689 10503
1690 10509
1691 10515
1692 10521
1693 10527
1694 10533
1695 10539
1696 10545
1697 10551
1698 10557
1699 10563
1700 10569
1701 10575
1702 10581
1703 10587
1704 10593
1705 10599
1706 10605
1707 10611
1708 10617
1709 10623
1710 10629
1711 10635
1712 10641
1713 10647
1714 10653
1715 10659
1716 10665
1717 10671
1718 10677
1719 10683
1720 10689
1721 10695
1722 10701
1723 10707
1724 10713
1725 10719
1726 10725
1727 10731
1728 10737
1729 10743
1730 10749
1731 10755
1732 10761
1733 10767
1734 10773
1735 10779
1736 10785
1737 10791
1738 10797
1739 10803
1740 10809
1741 10815
1742 10821
1743 10827
1744 10833
1745 10839
1746 10845
1747 10851
1748 10857
1749 10863
1750 10869
1751 10875
1752 10881
1753 10887
1754 10893
1755 10899
1756 10905
1757 10911
1758 10917
1759 10923
1760 10929
1761 10935
1762 10941
1763 10947
1764 10953
1765 10959
1766 10965
1767 10971
1768 10977
1769 10983
1770 10989
1771 10995
1772 11001
1773 11007
1774 11013
1775 11019
1776 11025
1777 11031
1778 11037
1779 11043
1780 11049
1781 11055
1782 11061
1783 11067
1784 11073
1785 11079
1786 11085
1787 11091
1788 11097
1789 11103
1790 11109
1791 11115
1792 11121
1793 11127
1794 11133
1795 11139
1796 11145
1797 11151
1798 11157
1799 11163
1800 11169
1801 11175
1802 11181
1803 11187
1804 11193
1805 11199
1806 11205
1807 11211
1808 11217
1809 11223
1810 11229
1811 11235
1812 11241
1813 11247
1814 11253
1815 11259
1816 11265
1817 11271
1818 11277
1819 11283
1820 11289
1821 11295
1822 11301
1823 11307
1824 11313
1825 11319
1826 11325
1827 11331
1828 11337
1829 11343
1830 11349
1831 11355
1832 11361
1833 11367
1834 11373
1835 11379
1836 11385
1837 11391
1838 11397
1839 11403
1840 11409
1841 11415
1842 11421
1843 11427
1844 11433
1845 11439
1846 11445
1847 11451
1848 11457
1849 11463
1850 11469
1851 11475
1852 11481
1853 11487
1854 11493
1855 11499
1856 11505
1857 11511
1858 11517
1859 11523
1860 11529
1861 11535
1862 11541
1863 11547
1864 11553
1865 11559
1866 11565
1867 11571
1868 11577
1869 11583
1891 11589
1892 11595
1893 11601
1894 11607
1895 11613
1896 11619
1897 11625
1898 11631
1899 11637
1900 11643
1901 11649
1902 11655
1903 11661
1904 11667
1905 11673
1906 11679
1907 11685
1908 11691
1909 11697
1910 11703
1911 11709
1912 11715
1913 11721
1914 11727
1915 11733
1916 11739
1917 11745
1918 11751
1919 11757
1920 11763
1921 11769
1922 11775
1923 11781
1924 11787
1925 11793
1926 11799
1927 11805
1928 11811
1929 11817
1930 11823
1931 11829
1932 11835
1933 11841
1934 11847
1935 11853
1936 11859
1937 11865
1938 11871
1939 11877
1940 11883
1941 11889
1942 11895
1943 11901
1944 11907
1945 11913
1946 11919
1947 11925
1948 11931
1949 11937
1950 11943
1951 11949
1952 11955
1953 11961
1954 11967
1955 11973
1956 11979
1957 11985
1958 11991
1959 11997
1960 12003
1961 12009
1962 12015
1963 12021
1964 12027
1965 12033
1966 12039
1967 12045
1968 12051
1969 12057
1970 12063
1971 12069
1972 12075
1973 12081
1974 12087
1975 12093
1976 12099
1977 12105
1978 12111
1979 12117
1980 12123
1981 12129
1982 12135
1983 12141
1984 12147
1985 12153
1986 12159
1987 12165
1988 12171
1989 12177
1990 12183
1991 12189
1992 12195
1993 12201
1994 12207
1995 12213
1996 12219
1997 12225
1998 12231
1999 12237
2000 12243
2001 12249
2002 12255
2003 12261
2004 12267
2005 12273
2006 12279
2007 12285
2008 12291
2009 12297
2010 12303
2011 12309
2012 12315
2013 12321
2014 12327
2015 12333
2016 12339
2017 12345
2018 12351
2019 12357
2020 12363
2021 12369
2022 12375
2023 12381
2024 12387
2025 12393
2026 12399
2027 12405
2028 12411
2029 12417
2030 12423
2031 12429
2032 12435
2033 12441
2034 12447
2035 12453
2036 12459
2037 12465
2038 12471
2039 12477
2040 12483
2041 12489
2042 12495
2043 12501
2044 12507
2045 12513
2046 12519
2047 12525
2048 12531
2049 12537
2050 12543
2051 12549
2052 12555
2053 12561
2054 12567
2055 12573
2056 12579
2057 12585
2058 12591
2059 12597
2060 12603
2061 12609
2062 12615
2063 12621
2064 12627
2065 12633
2066 12639
2067 12645
2068 12651
2069 12657
2070 12663
2071 12669
2072 12675
2073 12681
2074 12687
2075 12693
2076 12699
2077 12705
2078 12711
2079 12717
2080 12723
2081 12729
2082 12735
2083 12741
2084 12747
2085 12753
2086 12759
2087 12765
2088 12771
2089 12777
2090 12783
2091 12789
2092 12795
2093 12801
2094 12807
2095 12810
2096 12815
2097 12821
2098 12827
2099 12833
2100 12839
2101 12845
2102 12851
2103 12857
2104 12863
2105 12869
2106 12875
2107 12881
2108 12887
2109 12893
2110 12899
2111 12905
2112 12908
2113 12914
2114 12920
2115 12926
2116 12932
2117 12938
2118 12944
2119 12950
2120 12956
2121 12962
2122 12968
2123 12974
2124 12980
2125 12986
2126 12992
2127 12998
2128 13004
2129 13010
2130 13016
2131 13022
2132 13028
2133 13034
2134 13040
2135 13046
2136 13052
2137 13058
2138 13064
2139 13070
2140 13076
2141 13082
2142 13088
2143 13094
2144 13100
2145 13106
2146 13112
2147 13118
2148 13124
2149 13130
2150 13136
2151 13142
2152 13148
2153 13154
2154 13160
2155 13166
2156 13172
2157 13178
2158 13184
2159 13190
2160 13196
2161 13202
2162 13208
2163 13214
2164 13220
2165 13226
2166 13232
2167 13238
2168 13244
2169 13250
2170 13256
2171 13262
2172 13268
2173 13274
2174 13280
2175 13286
2176 13292
2177 13298
2178 13304
2179 13310
2180 13316
2181 13322
2182 13328
2183 13334
2184 13340
2185 13346
2186 13352
2187 13358
2188 13364
2189 13370
2190 13376
2191 13382
2192 13388
2193 13394
2194 13400
2195 13406
2196 13412
2197 13418
2198 13424
2199 13430
2200 13436
2201 13442
2202 13448
2203 13454
2204 13460
2205 13466
2206 13472
2207 13478
2208 13484
2209 13490
2210 13496
2211 13502
2212 13508
2213 13514
2214 13520
2215 13526
2216 13532
2217 13538
2218 13544
2219 13550
2220 13556
2221 13562
2222 13568
2223 13574
2224 13580
2225 13586
2226 13592
2227 13598
2228 13604
2229 13610
2230 13616
2231 13622
2232 13628
2233 13634
2234 13640
2235 13646
2236 13652
2237 13658
2238 13664
2239 13670
2240 13676
2241 13682
2242 13688
2243 13694
2244 13700
2245 13706
2246 13712
2247 13718
2248 13724
2249 13730
2250 13736
2251 13742
2252 13748
2253 13754
2254 13760
2255 13766
2256 13772
2257 13778
2258 13784
2259 13790
2260 13796
2261 13802
2262 13808
2263 13814
2264 13820
2265 13826
2266 13832
2267 13838
2268 13844
2269 13850
2270 13856
2271 13862
2272 13868
2273 13874
2274 13880
2275 13886
2276 13892
2277 13898
2278 13904
2279 13910
2280 13916
2281 13922
2282 13928
2283 13934
2284 13940
2285 13946
2286 13952
2287 13958
2288 13964
2289 13967
2290 13973
2291 13979
2292 13985
2293 13988
2294 13994
2295 14000
2296 14006
2297 14012
2298 14018
2299 14024
2300 14027
2301 14033
2302 14039
2303 14045
2304 14051
2305 14057
2306 14063
2307 14069
2308 14075
2309 14081
2310 14087
2311 14093
2312 14099
2313 14105
2314 14111
2315 14117
2316 14122
2317 14123
2318 14124
2319 14125
2320 14126
2321 14130
2322 14136
2323 14139
2324 14145
2325 14151
2326 14157
2327 14163
2328 14169
2329 14175
2330 14181
2331 14187
2332 14193
2333 14199
2334 14205
2335 14211
2336 14217
2337 14223
2338 14229
2339 14235
2340 14241
2341 14247
2342 14253
2343 14259
2344 14265
2345 14271
2346 14277
2347 14283
2348 14289
2349 14295
2350 14301
2351 14307
2352 14313
2353 14319
2354 14325
2355 14331
2356 14337
2357 14343
2358 14349
2359 14355
2360 14361
2361 14367
2362 14373
2363 14379
2364 14385
2365 14391
2366 14397
2367 14403
2368 14409
2369 14415
2370 14421
2371 14427
2372 14433
2373 14439
2374 14445
2375 14451
2376 14457
2377 14463
2378 14469
2379 14475
2380 14481
2381 14487
2382 14493
2383 14499
2384 14505
2385 14511
2386 14517
2387 14523
2388 14529
2389 14535
2390 14541
2391 14547
2392 14553
2393 14559
2394 14565
2395 14571
2396 14577
2397 14583
2398 14589
2399 14595
2400 14601
2401 14607
2402 14613
2403 14619
2404 14625
2405 14631
2406 14637
2407 14643
2408 14649
2409 14655
2410 14661
2411 14667
2412 14673
2413 14679
2414 14685
2415 14691
2416 14697
2417 14703
2418 14709
2419 14715
2420 14721
2421 14727
2422 14733
2423 14739
2424 14745
2425 14751
2426 14757
2427 14763
2428 14769
2429 14775
2430 14781
2431 14787
2432 14793
2433 14799
2434 14805
2435 14811
2436 14817
2437 14823
2438 14829
2439 14835
2440 14841
2441 14847
2442 14853
2443 14859
2444 14865
2445 14871
2446 14877
2447 14883
2448 14889
2449 14895
2450 14901
2451 14907
2452 14913
2453 14919
2454 14925
2455 14931
2456 14937
2457 14943
2458 14949
2459 14955
2460 14961
2461 14967
2462 14973
2463 14979
2464 14985
2465 14991
2466 14997
2467 15003
2468 15009
2469 15015
2470 15021
2471 15027
2472 15033
2473 15039
2474 15045
2475 15051
2476 15057
2477 15063
2478 15069
2479 15075
2480 15081
2481 15087
2482 15093
2483 15099
2484 15105
2485 15111
2486 15117
2487 15123
2488 15129
2489 15135
2490 15141
2491 15147
2492 15153
2493 15159
2494 15165
2495 15171
2496 15177
2497 15183
2498 15189
2499 15195
2500 15201
2501 15207
2502 15213
2503 15219
2504 15225
2505 15231
2506 15237
2507 15243
2508 15249
2509 15255
2510 15261
2511 15267
2512 15273
2513 15279
2514 15285
2515 15291
2516 15297
2517 15303
2518 15309
2519 15315
2520 15321
2521 15327
2522 15333
2523 15339
2524 15345
2525 15351
2526 15357
2527 15363
2528 15369
2529 15375
2530 15381
2531 15387
2532 15393
2533 15399
2534 15405
2535 15411
2536 15417
2537 15423
2538 15429
2539 15435
2540 15441
2541 15447
2542 15453
2543 15459
2544 15465
2545 15471
2546 15477
2547 15483
2548 15489
2549 15495
2550 15501
2551 15507
2552 15513
2553 15519
2554 15525
2555 15531
2556 15537
2557 15543
2558 15549
2559 15555
2560 15561
2561 15567
2562 15573
2563 15579
2564 15585
2565 15591
2566 15597
2567 15603
2568 15609
2569 15615
2570 15621
2571 15627
2572 15633
2573 15639
2574 15645
2575 15651
2576 15657
2577 15663
2578 15669
2579 15675
2580 15681
2581 15687
2582 15693
2583 15699
2584 15705
2585 15711
2586 15717
2587 15723
2588 15729
2589 15735
2590 15741
2591 15747
2592 15753
2593 15759
2594 15765
2595 15771
2596 15777
2597 15783
2598 15789
2599 15795
2600 15801
2601 15807
2602 15813
2603 15819
2604 15825
2605 15831
2606 15837
2607 15843
2608 15849
2609 15855
2610 15861
2611 15867
2612 15873
2613 15879
2614 15885
2615 15891
2616 15897
2617 15903
2618 15909
2619 15915
2620 15921
2621 15927
2622 15933
2623 15939
2624 15945
2625 15951
2626 15957
2627 15963
2628 15969
2629 15975
2630 15981
2631 15987
2632 15993
2633 15999
2634 16005
2635 16011
2636 16017
2637 16023
2638 16029
2639 16035
2640 16041
2641 16047
2642 16053
2643 16059
2644 16065
2645 16071
2646 16077
2647 16083
2648 16089
2649 16095
2650 16101
2651 16107
2652 16113
2653 16119
2654 16125
2655 16131
2656 16137
2657 16143
2658 16149
2659 16155
2660 16161
2661 16167
2662 16173
2663 16179
2664 16185
2665 16191
2666 16197
2667 16203
2668 16209
2669 16215
2670 16221
2671 16227
2672 16233
2673 16239
2674 16245
2675 16251
2676 16257
2677 16263
2678 16269
2679 16275
2680 16281
2681 16287
2682 16293
2683 16299
2684 16305
2685 16311
2686 16317
2687 16323
2688 16329
2689 16335
2690 16341
2691 16347
2692 16353
2693 16359
2694 16365
2695 16371
2696 16377
2697 16383
2698 16389
2699 16395
2700 16401
2701 16407
2702 16413
2703 16419
2704 16425
2705 16431
2706 16437
2707 16443
2708 16449
2709 16455
2710 16461
2711 16467
2712 16473
2713 16479
2714 16485
2715 16491
2716 16497
2717 16503
2718 16509
2719 16515
2720 16521
2721 16527
2722 16533
2723 16539
