0 1339
1 1345
2 1351
3 1357
4 1363
5 1369
6 1375
7 1381
8 1387
9 1393
10 1399
11 1405
12 1411
13 1417
14 1423
15 1429
16 1435
17 1441
18 1447
19 1453
20 1459
21 1465
22 1471
23 1477
24 1483
25 1489
26 1495
27 1501
28 1507
29 1513
30 1519
31 1525
32 1531
33 1537
34 1543
35 1549
36 1555
37 1561
38 1567
39 1573
40 1579
41 1585
42 1591
43 1597
44 1603
45 1609
46 1615
47 1621
48 1627
49 1633
50 1639
51 1645
52 1651
53 1657
54 1663
55 1669
56 1675
57 1681
58 1687
59 1693
60 1699
61 1705
62 1711
63 1717
64 1723
65 1729
66 1735
67 1741
68 1747
69 1753
70 1759
71 1765
72 1771
73 1777
74 1783
75 1789
76 1795
77 1801
78 1807
79 1813
80 1819
81 1825
82 1831
83 1837
84 1843
85 1849
86 1855
87 1861
88 1867
89 1873
90 1879
91 1885
92 1891
93 1897
94 1903
95 1909
96 1915
97 1921
98 1927
99 1933
100 1939
101 1945
102 1951
103 1957
104 1963
105 1969
106 1975
107 1981
108 1987
109 1993
110 1999
111 2005
112 2011
113 2017
114 2023
115 2029
116 2035
117 2041
118 2047
119 2053
120 2059
121 2065
122 2071
123 2077
124 2083
125 2089
126 2095
127 2101
128 2107
129 2113
130 2119
131 2125
132 2131
133 2137
134 2143
135 2149
136 2155
137 2161
138 2167
139 2173
140 2179
141 2185
142 2191
143 2197
144 2203
145 2209
146 2215
147 2221
148 2227
149 2233
150 2239
151 2245
152 2251
153 2257
154 2263
155 2269
156 2275
157 2281
158 2287
159 2293
160 2299
161 2305
162 2311
163 2317
164 2323
165 2329
166 2335
167 2341
168 2347
169 2353
170 2359
171 2365
172 2371
173 2377
174 2383
175 2389
176 2395
177 2401
178 2407
179 2413
180 2419
181 2425
182 2431
183 2437
184 2443
185 2449
186 2455
187 2461
188 2467
189 2473
190 2479
191 2485
192 2491
193 2497
194 2503
195 2509
196 2515
197 2521
198 2527
199 2533
200 2539
201 2545
202 2551
203 2557
204 2563
205 2569
206 2575
207 2581
208 2587
209 2593
210 2599
211 2605
212 2611
213 2617
214 2623
215 2629
216 2635
217 2641
218 2647
219 2653
220 2659
221 2665
222 2671
223 2677
224 2683
225 2689
226 2695
227 2701
228 2707
229 2713
230 2719
231 2725
232 2731
233 2737
234 2743
235 2749
236 2755
237 2761
238 2767
239 2773
240 2779
241 2785
242 2791
243 2797
244 2803
245 2809
246 2815
247 2821
248 2827
249 2833
250 2839
251 2845
252 2851
253 2857
254 2863
255 2869
256 2875
257 2881
258 2887
259 2893
260 2899
261 2905
262 2911
263 2917
264 2923
265 2929
266 2935
267 2941
268 2947
269 2953
270 2959
271 2965
272 2971
273 2977
274 2983
275 2989
276 2995
277 3001
278 3007
279 3013
280 3019
281 3025
282 3031
283 3037
284 3043
285 3049
286 3055
287 3061
288 3067
289 3073
290 3079
291 3085
292 3091
293 3097
294 3103
295 3109
296 3115
297 3121
298 3127
299 3133
300 3139
301 3145
302 3151
303 3157
304 3163
305 3169
306 3175
307 3181
308 3187
309 3193
310 3199
311 3205
312 3211
313 3217
314 3223
315 3229
316 3235
317 3241
318 3247
319 3253
320 3259
321 3265
322 3271
323 3277
324 3283
325 3289
326 3295
327 3301
328 3307
329 3313
330 3319
331 3325
332 3331
333 3337
334 3343
335 3349
336 3355
337 3361
338 3367
339 3373
340 3379
341 3385
342 3391
343 3397
344 3403
345 3409
346 3415
347 3421
348 3427
349 3433
350 3439
351 3445
352 3451
353 3457
354 3463
355 3469
356 3475
357 3481
358 3487
359 3493
360 3499
361 3505
362 3511
363 3517
364 3523
365 3529
366 3535
367 3541
368 3547
369 3553
370 3559
371 3565
372 3571
373 3577
374 3583
375 3589
376 3595
377 3601
378 3607
379 3613
380 3619
381 3625
382 3631
383 3637
384 3643
385 3649
386 3655
387 3661
388 3667
389 3673
390 3679
391 3685
392 3691
393 3697
394 3703
395 3709
396 3715
397 3721
398 3727
399 3733
400 3739
401 3745
402 3751
403 3757
404 3763
405 3769
406 3775
407 3781
408 3787
409 3793
410 3799
411 3805
412 3811
413 3817
414 3823
415 3829
416 3835
417 3841
418 3847
419 3853
420 3859
421 3865
422 3871
423 3877
424 3883
425 3889
426 3895
427 3901
428 3907
429 3913
430 3919
431 3925
432 3931
433 3937
434 3943
435 3949
436 3955
437 3961
438 3967
439 3973
440 3979
441 3985
442 3991
443 3997
444 4003
445 4009
446 4015
447 4021
448 4027
449 4033
450 4039
451 4045
452 4051
453 4057
454 4063
455 4069
456 4075
457 4081
458 4087
459 4093
460 4099
461 4105
462 4111
463 4117
464 4123
465 4129
466 4135
467 4141
468 4147
469 4153
470 4159
471 4165
472 4171
473 4177
474 4183
475 4189
476 4195
477 4201
478 4207
479 4213
480 4219
481 4225
482 4231
483 4237
484 4243
485 4249
486 4255
487 4261
488 4267
489 4273
490 4279
491 4285
492 4291
493 4297
494 4303
495 4309
496 4315
497 4321
498 4327
499 4333
500 4339
501 4345
502 4351
503 4357
504 4363
505 4369
506 4375
507 4381
508 4387
509 4393
510 4399
511 4405
512 4411
513 4417
514 4423
515 4429
516 4435
517 4441
518 4447
519 4453
520 4459
521 4465
522 4471
523 4477
524 4483
525 4489
526 4495
527 4501
528 4507
529 4513
530 4519
531 4525
532 4531
533 4537
534 4543
535 4549
536 4555
537 4561
538 4567
539 4573
540 4579
541 4585
542 4591
543 4597
544 4603
545 4609
546 4615
547 4621
548 4627
549 4633
550 4639
551 4645
552 4651
553 4657
554 4663
555 4669
556 4675
557 4681
558 4687
559 4693
560 4699
561 4705
562 4711
563 4717
564 4723
565 4729
566 4735
567 4741
568 4747
569 4753
570 4759
571 4765
572 4771
573 4777
574 4783
575 4789
576 4795
577 4801
578 4807
579 4813
580 4819
581 4825
582 4831
583 4837
584 4843
585 4849
586 4855
587 4856
588 4862
589 4868
590 4874
596 4877
597 4881
598 4884
599 4890
600 4895
601 4901
602 4904
603 4907
604 4913
605 4919
606 4925
607 4931
608 4937
609 4943
610 4949
611 4955
612 4961
613 4967
614 4973
615 4979
616 4985
617 4991
618 4997
619 5003
620 5009
621 5015
622 5021
623 5027
624 5033
625 5039
626 5045
627 5051
628 5057
629 5063
630 5069
631 5075
632 5081
633 5087
634 5093
635 5099
636 5105
637 5111
638 5117
639 5123
640 5129
641 5135
642 5141
643 5147
644 5153
645 5159
646 5165
647 5171
648 5177
649 5183
650 5189
651 5195
652 5201
653 5207
654 5213
655 5219
656 5225
657 5231
658 5237
659 5243
660 5249
661 5255
662 5261
663 5267
664 5273
665 5279
666 5285
667 5291
668 5297
669 5303
670 5309
671 5315
672 5321
673 5327
674 5333
675 5339
676 5345
677 5351
678 5357
679 5363
680 5369
681 5375
682 5381
683 5387
684 5393
685 5399
686 5405
687 5411
688 5417
689 5423
690 5429
691 5435
692 5441
693 5447
694 5453
695 5459
696 5465
697 5471
698 5477
699 5483
700 5489
701 5495
702 5501
703 5507
704 5513
705 5519
706 5525
707 5531
708 5537
709 5543
710 5549
711 5555
712 5561
713 5567
714 5573
715 5579
716 5585
717 5591
718 5597
719 5603
720 5609
721 5615
722 5621
723 5627
724 5633
725 5639
726 5645
727 5651
728 5657
729 5663
730 5669
731 5675
732 5681
733 5687
734 5693
735 5699
738 5704
741 5705
742 5710
744 5714
745 5719
746 5725
747 5731
748 5737
749 5743
750 5749
751 5755
752 5761
753 5767
754 5773
755 5779
756 5785
757 5791
758 5797
759 5803
760 5809
761 5815
762 5821
763 5827
764 5833
765 5839
766 5842
767 5848
768 5854
769 5860
770 5866
771 5872
772 5878
773 5884
774 5890
775 5896
776 5902
777 5908
778 5914
779 5920
780 5926
781 5932
782 5938
783 5944
784 5950
785 5956
786 5962
787 5968
788 5974
789 5980
790 5986
791 5992
792 5998
793 6004
794 6010
795 6016
796 6022
797 6028
798 6034
799 6040
800 6046
801 6052
802 6058
803 6064
804 6070
805 6076
806 6082
807 6088
808 6094
809 6100
810 6106
811 6112
812 6118
813 6124
814 6130
815 6136
816 6142
817 6148
818 6154
819 6160
820 6166
821 6172
822 6178
823 6184
824 6190
825 6196
826 6202
827 6208
828 6214
829 6220
830 6226
831 6232
832 6238
833 6244
834 6250
835 6256
836 6262
837 6268
838 6274
839 6280
840 6286
841 6292
842 6298
843 6304
844 6310
845 6316
846 6322
847 6328
848 6334
849 6340
850 6346
851 6352
852 6358
853 6364
854 6370
855 6376
856 6382
857 6388
858 6394
859 6400
860 6406
861 6412
862 6418
863 6424
864 6430
865 6436
866 6442
867 6448
868 6454
869 6460
870 6466
871 6472
872 6478
873 6484
874 6490
875 6496
876 6502
877 6508
878 6514
879 6520
880 6526
881 6532
882 6538
883 6544
884 6550
885 6556
886 6562
887 6567
888 6569
889 6575
890 6581
891 6587
892 6593
894 6600
895 6606
896 6612
897 6618
898 6624
899 6630
900 6636
901 6642
902 6648
903 6654
904 6660
905 6666
906 6672
907 6678
908 6684
909 6691
910 6697
911 6703
912 6709
913 6715
914 6721
915 6727
916 6733
917 6738
918 6744
919 6750
920 6756
921 6762
922 6768
923 6774
924 6780
925 6786
926 6792
927 6798
928 6804
929 6810
930 6816
931 6822
932 6828
933 6834
934 6840
935 6846
936 6852
937 6858
938 6864
939 6870
940 6876
941 6882
942 6888
943 6894
944 6900
945 6906
946 6912
947 6918
948 6924
949 6930
950 6936
951 6942
952 6948
953 6954
954 6960
955 6966
956 6972
957 6978
958 6985
959 6991
960 6997
961 7003
962 7009
963 7015
964 7021
965 7027
966 7033
967 7039
968 7045
969 7051
970 7057
971 7063
972 7069
973 7075
974 7080
975 7086
976 7092
977 7098
978 7104
979 7110
980 7116
981 7122
982 7128
983 7134
984 7140
985 7146
986 7152
987 7158
988 7164
989 7170
990 7176
991 7182
992 7188
993 7194
994 7200
995 7206
996 7212
997 7218
998 7224
999 7230
1000 7236
1001 7242
1002 7248
1003 7254
1004 7260
1005 7266
1006 7272
1007 7278
1008 7284
1009 7290
1010 7296
1011 7302
1012 7308
1013 7314
1014 7320
1015 7326
1016 7332
1017 7338
1018 7344
1019 7350
1020 7356
1021 7362
1022 7368
1023 7374
1024 7380
1025 7386
1026 7392
1027 7398
1028 7404
1029 7410
1030 7416
1031 7422
1032 7428
1033 7434
1034 7440
1035 7446
1036 7452
1037 7458
1038 7464
1039 7470
1040 7476
1041 7482
1042 7488
1043 7494
1044 7500
1045 7506
1046 7512
1047 7518
1048 7524
1049 7530
1050 7536
1051 7542
1052 7548
1053 7554
1054 7560
1055 7566
1056 7572
1057 7578
1058 7584
1059 7590
1060 7596
1061 7602
1062 7608
1063 7614
1064 7620
1065 7626
1066 7632
1067 7638
1068 7644
1085 7645
1086 7649
1087 7655
1088 7661
1089 7667
1090 7673
1091 7679
1092 7685
1093 7691
1094 7697
1095 7703
1096 7706
1097 7712
1098 7718
1099 7724
1100 7730
1101 7736
1102 7742
1103 7748
1104 7754
1105 7761
1106 7767
1107 7773
1108 7779
1109 7785
1110 7791
1111 7797
1112 7803
1113 7809
1114 7815
1115 7821
1116 7827
1117 7833
1118 7839
1119 7845
1120 7851
1121 7857
1122 7863
1123 7869
1124 7875
1125 7881
1126 7887
1127 7893
1128 7899
1129 7905
1130 7911
1131 7917
1132 7923
1133 7929
1134 7935
1135 7941
1136 7947
1137 7953
1138 7958
1139 7964
1140 7970
1141 7976
1142 7982
1143 7988
1144 7994
1145 8000
1146 8007
1147 8013
1148 8019
1149 8025
1150 8031
1151 8037
1152 8043
1153 8049
1154 8055
1155 8061
1156 8067
1157 8073
1158 8079
1159 8085
1160 8091
1161 8097
1162 8102
1163 8108
1164 8114
1165 8120
1166 8126
1167 8132
1168 8138
1169 8144
1170 8150
1171 8156
1172 8162
1173 8168
1174 8174
1175 8180
1176 8186
1177 8192
1178 8198
1179 8204
1180 8210
1181 8216
1182 8222
1183 8228
1184 8234
1185 8240
1186 8246
1187 8253
1188 8259
1189 8265
1190 8271
1191 8277
1192 8283
1193 8289
1194 8295
1195 8300
1196 8306
1197 8312
1198 8318
1199 8324
1200 8330
1201 8336
1202 8342
1203 8348
1204 8354
1205 8360
1206 8366
1207 8372
1208 8378
1209 8384
1210 8390
1211 8396
1212 8402
1213 8408
1214 8414
1215 8420
1216 8426
1217 8432
1218 8438
1219 8444
1220 8450
1221 8455
1222 8459
1223 8465
1224 8471
1225 8477
1226 8483
1227 8489
1228 8495
1229 8501
1230 8507
1231 8513
1232 8519
1233 8525
1234 8531
1235 8537
1236 8543
1237 8549
1238 8555
1239 8561
1240 8567
1241 8573
1242 8579
1243 8585
1244 8592
1245 8598
1246 8604
1247 8610
1248 8616
1249 8622
1250 8628
1251 8634
1252 8640
1253 8646
1254 8652
1255 8658
1256 8664
1257 8670
1258 8676
1259 8682
1260 8687
1261 8693
1262 8699
1263 8705
1264 8711
1265 8717
1266 8723
1267 8729
1268 8735
1269 8742
1270 8748
1271 8754
1272 8760
1273 8766
1274 8772
1275 8778
1276 8784
1277 8790
1278 8796
1279 8802
1280 8808
1281 8814
1282 8820
1283 8826
1284 8832
1285 8838
1286 8844
1287 8850
1288 8856
1289 8862
1290 8868
1291 8874
1292 8880
1293 8886
1294 8892
1295 8898
1296 8904
1297 8910
1298 8916
1299 8922
1300 8928
1301 8934
1302 8940
1303 8946
1304 8952
1305 8958
1306 8964
1307 8970
1308 8976
1309 8982
1310 8988
1311 8994
1312 9000
1313 9006
1314 9012
1315 9018
1316 9024
1317 9030
1318 9036
1319 9042
1320 9048
1321 9054
1322 9060
1323 9066
1324 9072
1325 9078
1326 9084
1327 9090
1328 9096
1329 9102
1330 9108
1331 9114
1332 9120
1333 9126
1334 9132
1335 9138
1336 9144
1337 9150
1338 9156
1339 9162
1340 9168
1341 9174
1342 9180
1343 9186
1344 9192
1345 9198
1346 9204
1347 9210
1348 9216
1349 9222
1350 9228
1351 9234
1352 9240
1353 9246
1354 9252
1355 9258
1356 9264
1357 9270
1358 9276
1359 9282
1360 9288
1361 9294
1362 9300
1363 9306
1364 9312
1365 9318
1366 9324
1367 9330
1368 9336
1369 9342
1370 9348
1371 9354
1372 9360
1373 9366
1374 9372
1375 9378
1376 9384
1377 9390
1378 9396
1379 9402
1380 9408
1381 9414
1382 9420
1383 9426
1384 9432
1385 9438
1386 9444
1387 9450
1388 9456
1389 9462
1390 9468
1391 9474
1392 9480
1393 9486
1394 9492
1395 9498
1396 9504
1397 9510
1398 9516
1399 9522
1400 9527
1401 9531
1402 9537
1403 9543
1404 9549
1405 9555
1406 9561
1407 9567
1408 9573
1409 9579
1410 9585
1411 9591
1412 9597
1413 9603
1414 9609
1415 9615
1416 9621
1417 9627
1418 9633
1419 9639
1420 9645
1421 9651
1422 9657
1423 9663
1424 9669
1425 9675
1426 9681
1427 9687
1428 9693
1429 9699
1430 9705
1431 9711
1432 9717
1433 9723
1434 9729
1435 9735
1436 9741
1437 9747
1438 9753
1439 9759
1440 9765
1441 9771
1442 9777
1443 9783
1444 9789
1445 9795
1446 9801
1447 9807
1448 9813
1449 9819
1450 9825
1451 9831
1452 9837
1453 9843
1454 9849
1455 9855
1456 9861
1457 9867
1458 9873
1459 9879
1460 9885
1461 9891
1462 9897
1463 9903
1464 9909
1465 9915
1466 9921
1467 9927
1468 9933
1469 9939
1470 9945
1471 9951
1472 9957
1473 9962
1474 9968
1475 9974
1476 9980
1477 9986
1478 9992
1479 9998
1480 10004
1481 10011
1482 10017
1483 10023
1484 10029
1485 10035
1486 10041
1487 10047
1488 10053
1489 10059
1490 10065
1491 10071
1492 10077
1493 10083
1494 10089
1495 10095
1496 10101
1497 10106
1498 10112
1499 10118
1500 10124
1501 10130
1502 10136
1503 10142
1504 10148
1505 10155
1506 10161
1507 10167
1508 10173
1509 10179
1510 10185
1511 10191
1512 10197
1513 10203
1514 10209
1515 10215
1516 10221
1517 10227
1518 10233
1519 10239
1520 10245
1521 10251
1522 10257
1523 10263
1524 10269
1525 10275
1526 10281
1527 10287
1528 10293
1529 10299
1530 10305
1531 10311
1532 10317
1533 10323
1534 10329
1535 10335
1536 10341
1537 10347
1538 10353
1539 10359
1540 10365
1541 10371
1542 10377
1543 10383
1544 10389
1545 10395
1546 10401
1547 10407
1548 10413
1549 10419
1550 10425
1551 10431
1552 10437
1553 10443
1554 10449
1555 10455
1556 10461
1557 10467
1558 10473
1559 10479
1560 10485
1561 10491
1562 10497
1563 10503
1564 10509
1565 10515
1566 10521
1567 10527
1568 10533
1569 10539
1570 10545
1571 10551
1572 10557
1573 10563
1574 10569
1575 10575
1576 10581
1577 10587
1578 10593
1579 10599
1580 10605
1581 10611
1582 10617
1583 10623
1584 10629
1585 10635
1586 10641
1587 10647
1588 10653
1589 10659
1590 10665
1591 10671
1592 10677
1593 10683
1594 10689
1595 10695
1596 10701
1597 10707
1598 10713
1599 10719
1600 10725
1601 10731
1602 10737
1603 10743
1604 10749
1605 10755
1606 10761
1607 10767
1608 10773
1609 10779
1610 10785
1611 10791
1612 10797
1613 10803
1614 10809
1615 10815
1616 10821
1617 10827
1618 10833
1619 10839
1620 10845
1621 10851
1622 10857
1623 10863
1624 10869
1625 10875
1626 10881
1627 10887
1628 10893
1629 10899
1630 10905
1631 10911
1632 10917
1633 10923
1634 10929
1635 10935
1636 10941
1637 10947
1638 10953
1639 10959
1640 10965
1641 10971
1642 10977
1643 10983
1644 10989
1645 10995
1646 11001
1647 11007
1648 11013
1649 11019
1650 11025
1651 11031
1652 11037
1653 11043
1654 11049
1655 11055
1656 11061
1657 11067
1658 11073
1659 11079
1660 11085
1661 11091
1662 11097
1663 11103
1664 11109
1665 11115
1666 11121
1667 11127
1668 11133
1669 11139
1670 11145
1671 11151
1672 11157
1673 11163
1674 11169
1675 11175
1676 11181
1677 11187
1678 11193
1679 11199
1680 11205
1681 11211
1682 11217
1683 11223
1684 11229
1685 11235
1686 11241
1687 11247
1688 11253
1689 11259
1690 11265
1691 11271
1692 11277
1693 11283
1694 11289
1695 11295
1696 11301
1697 11307
1698 11313
1699 11319
1700 11325
1701 11331
1702 11337
1703 11343
1704 11349
1705 11355
1706 11361
1707 11367
1708 11373
1709 11379
1710 11385
1711 11391
1712 11397
1713 11403
1714 11409
1715 11415
1716 11421
1717 11427
1718 11433
1719 11439
1720 11445
1721 11451
1722 11457
1723 11463
1724 11469
1725 11475
1726 11481
1727 11487
1728 11493
1729 11499
1730 11505
1731 11511
1732 11517
1733 11523
1734 11529
1735 11535
1736 11541
1737 11547
1738 11553
1739 11559
1740 11565
1741 11571
1742 11577
1743 11583
1765 11589
1766 11595
1767 11601
1768 11607
1769 11613
1770 11619
1771 11625
1772 11631
1773 11637
1774 11643
1775 11649
1776 11655
1777 11661
1778 11667
1779 11673
1780 11679
1781 11685
1782 11691
1783 11697
1784 11703
1785 11709
1786 11715
1787 11721
1788 11727
1789 11733
1790 11739
1791 11745
1792 11751
1793 11757
1794 11763
1795 11769
1796 11775
1797 11781
1798 11787
1799 11793
1800 11799
1801 11805
1802 11811
1803 11817
1804 11823
1805 11829
1806 11835
1807 11841
1808 11847
1809 11853
1810 11859
1811 11865
1812 11871
1813 11877
1814 11883
1815 11889
1816 11895
1817 11901
1818 11907
1819 11913
1820 11919
1821 11925
1822 11931
1823 11937
1824 11943
1825 11949
1826 11955
1827 11961
1828 11967
1829 11973
1830 11979
1831 11985
1832 11991
1833 11997
1834 12003
1835 12009
1836 12015
1837 12021
1838 12027
1839 12033
1840 12039
1841 12045
1842 12051
1843 12057
1844 12063
1845 12069
1846 12075
1847 12081
1848 12087
1849 12093
1850 12099
1851 12105
1852 12111
1853 12117
1854 12123
1855 12129
1856 12135
1857 12141
1858 12147
1859 12153
1860 12159
1861 12165
1862 12171
1863 12177
1864 12183
1865 12189
1866 12195
1867 12201
1868 12207
1869 12213
1870 12219
1871 12225
1872 12231
1873 12237
1874 12243
1875 12249
1876 12255
1877 12261
1878 12267
1879 12273
1880 12279
1881 12285
1882 12291
1883 12297
1884 12303
1885 12309
1886 12315
1887 12321
1888 12327
1889 12333
1890 12339
1891 12345
1892 12351
1893 12357
1894 12363
1895 12369
1896 12375
1897 12381
1898 12387
1899 12393
1900 12399
1901 12405
1902 12411
1903 12417
1904 12423
1905 12429
1906 12435
1907 12441
1908 12447
1909 12453
1910 12459
1911 12465
1912 12471
1913 12477
1914 12483
1915 12489
1916 12495
1917 12501
1918 12507
1919 12513
1920 12519
1921 12525
1922 12531
1923 12537
1924 12543
1925 12549
1926 12555
1927 12561
1928 12567
1929 12573
1930 12579
1931 12585
1932 12591
1933 12597
1934 12603
1935 12609
1936 12615
1937 12621
1938 12627
1939 12633
1940 12639
1941 12645
1942 12651
1943 12657
1944 12663
1945 12669
1946 12675
1947 12681
1948 12687
1949 12693
1950 12699
1951 12705
1952 12711
1953 12717
1954 12723
1955 12729
1956 12735
1957 12741
1958 12747
1959 12753
1960 12759
1961 12765
1962 12771
1963 12777
1964 12783
1965 12789
1966 12795
1967 12801
1968 12807
1969 12810
1970 12815
1971 12821
1972 12827
1973 12833
1974 12839
1975 12845
1976 12851
1977 12857
1978 12863
1979 12869
1980 12875
1981 12881
1982 12887
1983 12893
1984 12899
1985 12905
1986 12908
1987 12914
1988 12920
1989 12926
1990 12932
1991 12938
1992 12944
1993 12950
1994 12956
1995 12962
1996 12968
1997 12974
1998 12980
1999 12986
2000 12992
2001 12998
2002 13004
2003 13010
2004 13016
2005 13022
2006 13028
2007 13034
2008 13040
2009 13046
2010 13052
2011 13058
2012 13064
2013 13070
2014 13076
2015 13082
2016 13088
2017 13094
2018 13100
2019 13106
2020 13112
2021 13118
2022 13124
2023 13130
2024 13136
2025 13142
2026 13148
2027 13154
2028 13160
2029 13166
2030 13172
2031 13178
2032 13184
2033 13190
2034 13196
2035 13202
2036 13208
2037 13214
2038 13220
2039 13226
2040 13232
2041 13238
2042 13244
2043 13250
2044 13256
2045 13262
2046 13268
2047 13274
2048 13280
2049 13286
2050 13292
2051 13298
2052 13304
2053 13310
2054 13316
2055 13322
2056 13328
2057 13334
2058 13340
2059 13346
2060 13352
2061 13358
2062 13364
2063 13370
2064 13376
2065 13382
2066 13388
2067 13394
2068 13400
2069 13406
2070 13412
2071 13418
2072 13424
2073 13430
2074 13436
2075 13442
2076 13448
2077 13454
2078 13460
2079 13466
2080 13472
2081 13478
2082 13484
2083 13490
2084 13496
2085 13502
2086 13508
2087 13514
2088 13520
2089 13526
2090 13532
2091 13538
2092 13544
2093 13550
2094 13556
2095 13562
2096 13568
2097 13574
2098 13580
2099 13586
2100 13592
2101 13598
2102 13604
2103 13610
2104 13616
2105 13622
2106 13628
2107 13634
2108 13640
2109 13646
2110 13652
2111 13658
2112 13664
2113 13670
2114 13676
2115 13682
2116 13688
2117 13694
2118 13700
2119 13706
2120 13712
2121 13718
2122 13724
2123 13730
2124 13736
2125 13742
2126 13748
2127 13754
2128 13760
2129 13766
2130 13772
2131 13778
2132 13784
2133 13790
2134 13796
2135 13802
2136 13808
2137 13814
2138 13820
2139 13826
2140 13832
2141 13838
2142 13844
2143 13850
2144 13856
2145 13862
2146 13868
2147 13874
2148 13880
2149 13886
2150 13892
2151 13898
2152 13904
2153 13910
2154 13916
2155 13922
2156 13928
2157 13934
2158 13940
2159 13946
2160 13952
2161 13958
2162 13964
2163 13967
2164 13973
2165 13979
2166 13985
2167 13988
2168 13994
2169 14000
2170 14006
2171 14012
2172 14018
2173 14024
2174 14027
2175 14033
2176 14039
2177 14045
2178 14051
2179 14057
2180 14063
2181 14069
2182 14075
2183 14081
2184 14087
2185 14093
2186 14099
2187 14105
2188 14111
2189 14117
2190 14122
2191 14123
2192 14124
2193 14125
2194 14126
2195 14130
2196 14136
2197 14139
2198 14145
2199 14151
2200 14157
2201 14163
2202 14169
2203 14175
2204 14181
2205 14187
2206 14193
2207 14199
2208 14205
2209 14211
2210 14217
2211 14223
2212 14229
2213 14235
2214 14241
2215 14247
2216 14253
2217 14259
2218 14265
2219 14271
2220 14277
2221 14283
2222 14289
2223 14295
2224 14301
2225 14307
2226 14313
2227 14319
2228 14325
2229 14331
2230 14337
2231 14343
2232 14349
2233 14355
2234 14361
2235 14367
2236 14373
2237 14379
2238 14385
2239 14391
2240 14397
2241 14403
2242 14409
2243 14415
2244 14421
2245 14427
2246 14433
2247 14439
2248 14445
2249 14451
2250 14457
2251 14463
2252 14469
2253 14475
2254 14481
2255 14487
2256 14493
2257 14499
2258 14505
2259 14511
2260 14517
2261 14523
2262 14529
2263 14535
2264 14541
2265 14547
2266 14553
2267 14559
2268 14565
2269 14571
2270 14577
2271 14583
2272 14589
2273 14595
2274 14601
2275 14607
2276 14613
2277 14619
2278 14625
2279 14631
2280 14637
2281 14643
2282 14649
2283 14655
2284 14661
2285 14667
2286 14673
2287 14679
2288 14685
2289 14691
2290 14697
2291 14703
2292 14709
2293 14715
2294 14721
2295 14727
2296 14733
2297 14739
2298 14745
2299 14751
2300 14757
2301 14763
2302 14769
2303 14775
2304 14781
2305 14787
2306 14793
2307 14799
2308 14805
2309 14811
2310 14817
2311 14823
2312 14829
2313 14835
2314 14841
2315 14847
2316 14853
2317 14859
2318 14865
2319 14871
2320 14877
2321 14883
2322 14889
2323 14895
2324 14901
2325 14907
2326 14913
2327 14919
2328 14925
2329 14931
2330 14937
2331 14943
2332 14949
2333 14955
2334 14961
2335 14967
2336 14973
2337 14979
2338 14985
2339 14991
2340 14997
2341 15003
2342 15009
2343 15015
2344 15021
2345 15027
2346 15033
2347 15039
2348 15045
2349 15051
2350 15057
2351 15063
2352 15069
2353 15075
2354 15081
2355 15087
2356 15093
2357 15099
2358 15105
2359 15111
2360 15117
2361 15123
2362 15129
2363 15135
2364 15141
2365 15147
2366 15153
2367 15159
2368 15165
2369 15171
2370 15177
2371 15183
2372 15189
2373 15195
2374 15201
2375 15207
2376 15213
2377 15219
2378 15225
2379 15231
2380 15237
2381 15243
2382 15249
2383 15255
2384 15261
2385 15267
2386 15273
2387 15279
2388 15285
2389 15291
2390 15297
2391 15303
2392 15309
2393 15315
2394 15321
2395 15327
2396 15333
2397 15339
2398 15345
2399 15351
2400 15357
2401 15363
2402 15369
2403 15375
2404 15381
2405 15387
2406 15393
2407 15399
2408 15405
2409 15411
2410 15417
2411 15423
2412 15429
2413 15435
2414 15441
2415 15447
2416 15453
2417 15459
2418 15465
2419 15471
2420 15477
2421 15483
2422 15489
2423 15495
2424 15501
2425 15507
2426 15513
2427 15519
2428 15525
2429 15531
2430 15537
2431 15543
2432 15549
2433 15555
2434 15561
2435 15567
2436 15573
2437 15579
2438 15585
2439 15591
2440 15597
2441 15603
2442 15609
2443 15615
2444 15621
2445 15627
2446 15633
2447 15639
2448 15645
2449 15651
2450 15657
2451 15663
2452 15669
2453 15675
2454 15681
2455 15687
2456 15693
2457 15699
2458 15705
2459 15711
2460 15717
2461 15723
2462 15729
2463 15735
2464 15741
2465 15747
2466 15753
2467 15759
2468 15765
2469 15771
2470 15777
2471 15783
2472 15789
2473 15795
2474 15801
2475 15807
2476 15813
2477 15819
2478 15825
2479 15831
2480 15837
2481 15843
2482 15849
2483 15855
2484 15861
2485 15867
2486 15873
2487 15879
2488 15885
2489 15891
2490 15897
2491 15903
2492 15909
2493 15915
2494 15921
2495 15927
2496 15933
2497 15939
2498 15945
2499 15951
2500 15957
2501 15963
2502 15969
2503 15975
2504 15981
2505 15987
2506 15993
2507 15999
2508 16005
2509 16011
2510 16017
2511 16023
2512 16029
2513 16035
2514 16041
2515 16047
2516 16053
2517 16059
2518 16065
2519 16071
2520 16077
2521 16083
2522 16089
2523 16095
2524 16101
2525 16107
2526 16113
2527 16119
2528 16125
2529 16131
2530 16137
2531 16143
2532 16149
2533 16155
2534 16161
2535 16167
2536 16173
2537 16179
2538 16185
2539 16191
2540 16197
2541 16203
2542 16209
2543 16215
2544 16221
2545 16227
2546 16233
2547 16239
2548 16245
2549 16251
2550 16257
2551 16263
2552 16269
2553 16275
2554 16281
2555 16287
2556 16293
2557 16299
2558 16305
2559 16311
2560 16317
2561 16323
2562 16329
2563 16335
2564 16341
2565 16347
2566 16353
2567 16359
2568 16365
2569 16371
2570 16377
2571 16383
2572 16389
2573 16395
2574 16401
2575 16407
2576 16413
2577 16419
2578 16425
2579 16431
2580 16437
2581 16443
2582 16449
2583 16455
2584 16461
2585 16467
2586 16473
2587 16479
2588 16485
2589 16491
2590 16497
2591 16503
2592 16509
2593 16515
2594 16521
2595 16527
2596 16533
2597 16539
