0 1177
1 1183
2 1189
3 1195
4 1201
5 1207
6 1213
7 1219
8 1225
9 1231
10 1237
11 1243
12 1249
13 1255
14 1261
15 1267
16 1273
17 1279
18 1285
19 1291
20 1297
21 1303
22 1309
23 1315
24 1321
25 1327
26 1333
27 1339
28 1345
29 1351
30 1357
31 1363
32 1369
33 1375
34 1381
35 1387
36 1393
37 1399
38 1405
39 1411
40 1417
41 1423
42 1429
43 1435
44 1441
45 1447
46 1453
47 1459
48 1465
49 1471
50 1477
51 1483
52 1489
53 1495
54 1501
55 1507
56 1513
57 1519
58 1525
59 1531
60 1537
61 1543
62 1549
63 1555
64 1561
65 1567
66 1573
67 1579
68 1585
69 1591
70 1597
71 1603
72 1609
73 1615
74 1621
75 1627
76 1633
77 1639
78 1645
79 1651
80 1657
81 1663
82 1669
83 1675
84 1681
85 1687
86 1693
87 1699
88 1705
89 1711
90 1717
91 1723
92 1729
93 1735
94 1741
95 1747
96 1753
97 1759
98 1765
99 1771
100 1777
101 1783
102 1789
103 1795
104 1801
105 1807
106 1813
107 1819
108 1825
109 1831
110 1837
111 1843
112 1849
113 1855
114 1861
115 1867
116 1873
117 1879
118 1885
119 1891
120 1897
121 1903
122 1909
123 1915
124 1921
125 1927
126 1933
127 1939
128 1945
129 1951
130 1957
131 1963
132 1969
133 1975
134 1981
135 1987
136 1993
137 1999
138 2005
139 2011
140 2017
141 2023
142 2029
143 2035
144 2041
145 2047
146 2053
147 2059
148 2065
149 2071
150 2077
151 2083
152 2089
153 2095
154 2101
155 2107
156 2113
157 2119
158 2125
159 2131
160 2137
161 2143
162 2149
163 2155
164 2161
165 2167
166 2173
167 2179
168 2185
169 2191
170 2197
171 2203
172 2209
173 2215
174 2221
175 2227
176 2233
177 2239
178 2245
179 2251
180 2257
181 2263
182 2269
183 2275
184 2281
185 2287
186 2293
187 2299
188 2305
189 2311
190 2317
191 2323
192 2329
193 2335
194 2341
195 2347
196 2353
197 2359
198 2365
199 2371
200 2377
201 2383
202 2389
203 2395
204 2401
205 2407
206 2413
207 2419
208 2425
209 2431
210 2437
211 2443
212 2449
213 2455
214 2461
215 2467
216 2473
217 2479
218 2485
219 2491
220 2497
221 2503
222 2509
223 2515
224 2521
225 2527
226 2533
227 2539
228 2545
229 2551
230 2557
231 2563
232 2569
233 2575
234 2581
235 2587
236 2593
237 2599
238 2605
239 2611
240 2617
241 2623
242 2629
243 2635
244 2641
245 2647
246 2653
247 2659
248 2665
249 2671
250 2677
251 2683
252 2689
253 2695
254 2701
255 2707
256 2713
257 2719
258 2725
259 2731
260 2737
261 2743
262 2749
263 2755
264 2761
265 2767
266 2773
267 2779
268 2785
269 2791
270 2797
271 2803
272 2809
273 2815
274 2821
275 2827
276 2833
277 2839
278 2845
279 2851
280 2857
281 2863
282 2869
283 2875
284 2881
285 2887
286 2893
287 2899
288 2905
289 2911
290 2917
291 2923
292 2929
293 2935
294 2941
295 2947
296 2953
297 2959
298 2965
299 2971
300 2977
301 2983
302 2989
303 2995
304 3001
305 3007
306 3013
307 3019
308 3025
309 3031
310 3037
311 3043
312 3049
313 3055
314 3061
315 3067
316 3073
317 3079
318 3085
319 3091
320 3097
321 3103
322 3109
323 3115
324 3121
325 3127
326 3133
327 3139
328 3145
329 3151
330 3157
331 3163
332 3169
333 3175
334 3181
335 3187
336 3193
337 3199
338 3205
339 3211
340 3217
341 3223
342 3229
343 3235
344 3241
345 3247
346 3253
347 3259
348 3265
349 3271
350 3277
351 3283
352 3289
353 3295
354 3301
355 3307
356 3313
357 3319
358 3325
359 3331
360 3337
361 3343
362 3349
363 3355
364 3361
365 3367
366 3373
367 3379
368 3385
369 3391
370 3397
371 3403
372 3409
373 3415
374 3421
375 3427
376 3433
377 3439
378 3445
379 3451
380 3457
381 3463
382 3469
383 3475
384 3481
385 3487
386 3493
387 3499
388 3505
389 3511
390 3517
391 3523
392 3529
393 3535
394 3541
395 3547
396 3553
397 3559
398 3565
399 3571
400 3577
401 3583
402 3589
403 3595
404 3601
405 3607
406 3613
407 3619
408 3625
409 3631
410 3637
411 3643
412 3649
413 3655
414 3661
415 3667
416 3673
417 3679
418 3685
419 3691
420 3697
421 3703
422 3709
423 3715
424 3721
425 3727
426 3733
427 3739
428 3745
429 3751
430 3757
431 3763
432 3769
433 3775
434 3781
435 3787
436 3793
437 3799
438 3805
439 3811
440 3817
441 3823
442 3829
443 3835
444 3841
445 3847
446 3853
447 3859
448 3865
449 3871
450 3877
451 3883
452 3889
453 3895
454 3901
455 3907
456 3913
457 3919
458 3925
459 3931
460 3937
461 3943
462 3949
463 3955
464 3961
465 3967
466 3973
467 3979
468 3985
469 3991
470 3997
471 4003
472 4009
473 4015
474 4021
475 4027
476 4033
477 4039
478 4045
479 4051
480 4057
481 4063
482 4069
483 4075
484 4081
485 4087
486 4093
487 4099
488 4105
489 4111
490 4117
491 4123
492 4129
493 4135
494 4141
495 4147
496 4153
497 4159
498 4165
499 4171
500 4177
501 4183
502 4189
503 4195
504 4201
505 4207
506 4213
507 4219
508 4225
509 4231
510 4237
511 4243
512 4249
513 4255
514 4261
515 4267
516 4273
517 4279
518 4285
519 4291
520 4297
521 4303
522 4309
523 4315
524 4321
525 4327
526 4333
527 4339
528 4345
529 4351
530 4357
531 4363
532 4369
533 4375
534 4381
535 4387
536 4393
537 4399
538 4405
539 4411
540 4417
541 4423
542 4429
543 4435
544 4441
545 4447
546 4453
547 4459
548 4465
549 4471
550 4477
551 4483
552 4489
553 4495
554 4501
555 4507
556 4513
557 4519
558 4525
559 4531
560 4537
561 4543
562 4549
563 4555
564 4561
565 4567
566 4573
567 4579
568 4585
569 4591
570 4597
571 4603
572 4609
573 4615
574 4621
575 4627
576 4633
577 4639
578 4645
579 4651
580 4657
581 4663
582 4669
583 4675
584 4681
585 4687
586 4693
587 4699
588 4705
589 4711
590 4717
591 4723
592 4729
593 4735
594 4741
595 4747
596 4753
597 4759
598 4765
599 4771
600 4777
601 4783
602 4789
603 4795
604 4801
605 4807
606 4813
607 4819
608 4825
609 4831
610 4837
611 4843
612 4849
613 4855
614 4856
615 4862
616 4868
617 4874
623 4877
624 4881
625 4884
626 4890
627 4895
628 4901
629 4904
630 4907
631 4913
632 4919
633 4925
634 4931
635 4937
636 4943
637 4949
638 4955
639 4961
640 4967
641 4973
642 4979
643 4985
644 4991
645 4997
646 5003
647 5009
648 5015
649 5021
650 5027
651 5033
652 5039
653 5045
654 5051
655 5057
656 5063
657 5069
658 5075
659 5081
660 5087
661 5093
662 5099
663 5105
664 5111
665 5117
666 5123
667 5129
668 5135
669 5141
670 5147
671 5153
672 5159
673 5165
674 5171
675 5177
676 5183
677 5189
678 5195
679 5201
680 5207
681 5213
682 5219
683 5225
684 5231
685 5237
686 5243
687 5249
688 5255
689 5261
690 5267
691 5273
692 5279
693 5285
694 5291
695 5297
696 5303
697 5309
698 5315
699 5321
700 5327
701 5333
702 5339
703 5345
704 5351
705 5357
706 5363
707 5369
708 5375
709 5381
710 5387
711 5393
712 5399
713 5405
714 5411
715 5417
716 5423
717 5429
718 5435
719 5441
720 5447
721 5453
722 5459
723 5465
724 5471
725 5477
726 5483
727 5489
728 5495
729 5501
730 5507
731 5513
732 5519
733 5525
734 5531
735 5537
736 5543
737 5549
738 5555
739 5561
740 5567
741 5573
742 5579
743 5585
744 5591
745 5597
746 5603
747 5609
748 5615
749 5621
750 5627
751 5633
752 5639
753 5645
754 5651
755 5657
756 5663
757 5669
758 5675
759 5681
760 5687
761 5693
762 5699
765 5704
768 5705
769 5710
771 5714
772 5719
773 5725
774 5731
775 5737
776 5743
777 5749
778 5755
779 5761
780 5767
781 5773
782 5779
783 5785
784 5791
785 5797
786 5803
787 5809
788 5815
789 5821
790 5827
791 5833
792 5839
793 5842
794 5848
795 5854
796 5860
797 5866
798 5872
799 5878
800 5884
801 5890
802 5896
803 5902
804 5908
805 5914
806 5920
807 5926
808 5932
809 5938
810 5944
811 5950
812 5956
813 5962
814 5968
815 5974
816 5980
817 5986
818 5992
819 5998
820 6004
821 6010
822 6016
823 6022
824 6028
825 6034
826 6040
827 6046
828 6052
829 6058
830 6064
831 6070
832 6076
833 6082
834 6088
835 6094
836 6100
837 6106
838 6112
839 6118
840 6124
841 6130
842 6136
843 6142
844 6148
845 6154
846 6160
847 6166
848 6172
849 6178
850 6184
851 6190
852 6196
853 6202
854 6208
855 6214
856 6220
857 6226
858 6232
859 6238
860 6244
861 6250
862 6256
863 6262
864 6268
865 6274
866 6280
867 6286
868 6292
869 6298
870 6304
871 6310
872 6316
873 6322
874 6328
875 6334
876 6340
877 6346
878 6352
879 6358
880 6364
881 6370
882 6376
883 6382
884 6388
885 6394
886 6400
887 6406
888 6412
889 6418
890 6424
891 6430
892 6436
893 6442
894 6448
895 6454
896 6460
897 6466
898 6472
899 6478
900 6484
901 6490
902 6496
903 6502
904 6508
905 6514
906 6520
907 6526
908 6532
909 6538
910 6544
911 6550
912 6556
913 6562
914 6567
915 6569
916 6575
917 6581
918 6587
919 6593
921 6600
922 6606
923 6612
924 6618
925 6624
926 6630
927 6636
928 6642
929 6648
930 6654
931 6660
932 6666
933 6672
934 6678
935 6684
936 6691
937 6697
938 6703
939 6709
940 6715
941 6721
942 6727
943 6733
944 6738
945 6744
946 6750
947 6756
948 6762
949 6768
950 6774
951 6780
952 6786
953 6792
954 6798
955 6804
956 6810
957 6816
958 6822
959 6828
960 6834
961 6840
962 6846
963 6852
964 6858
965 6864
966 6870
967 6876
968 6882
969 6888
970 6894
971 6900
972 6906
973 6912
974 6918
975 6924
976 6930
977 6936
978 6942
979 6948
980 6954
981 6960
982 6966
983 6972
984 6978
985 6985
986 6991
987 6997
988 7003
989 7009
990 7015
991 7021
992 7027
993 7033
994 7039
995 7045
996 7051
997 7057
998 7063
999 7069
1000 7075
1001 7080
1002 7086
1003 7092
1004 7098
1005 7104
1006 7110
1007 7116
1008 7122
1009 7128
1010 7134
1011 7140
1012 7146
1013 7152
1014 7158
1015 7164
1016 7170
1017 7176
1018 7182
1019 7188
1020 7194
1021 7200
1022 7206
1023 7212
1024 7218
1025 7224
1026 7230
1027 7236
1028 7242
1029 7248
1030 7254
1031 7260
1032 7266
1033 7272
1034 7278
1035 7284
1036 7290
1037 7296
1038 7302
1039 7308
1040 7314
1041 7320
1042 7326
1043 7332
1044 7338
1045 7344
1046 7350
1047 7356
1048 7362
1049 7368
1050 7374
1051 7380
1052 7386
1053 7392
1054 7398
1055 7404
1056 7410
1057 7416
1058 7422
1059 7428
1060 7434
1061 7440
1062 7446
1063 7452
1064 7458
1065 7464
1066 7470
1067 7476
1068 7482
1069 7488
1070 7494
1071 7500
1072 7506
1073 7512
1074 7518
1075 7524
1076 7530
1077 7536
1078 7542
1079 7548
1080 7554
1081 7560
1082 7566
1083 7572
1084 7578
1085 7584
1086 7590
1087 7596
1088 7602
1089 7608
1090 7614
1091 7620
1092 7626
1093 7632
1094 7638
1095 7644
1112 7645
1113 7649
1114 7655
1115 7661
1116 7667
1117 7673
1118 7679
1119 7685
1120 7691
1121 7697
1122 7703
1123 7706
1124 7712
1125 7718
1126 7724
1127 7730
1128 7736
1129 7742
1130 7748
1131 7754
1132 7761
1133 7767
1134 7773
1135 7779
1136 7785
1137 7791
1138 7797
1139 7803
1140 7809
1141 7815
1142 7821
1143 7827
1144 7833
1145 7839
1146 7845
1147 7851
1148 7857
1149 7863
1150 7869
1151 7875
1152 7881
1153 7887
1154 7893
1155 7899
1156 7905
1157 7911
1158 7917
1159 7923
1160 7929
1161 7935
1162 7941
1163 7947
1164 7953
1165 7958
1166 7964
1167 7970
1168 7976
1169 7982
1170 7988
1171 7994
1172 8000
1173 8007
1174 8013
1175 8019
1176 8025
1177 8031
1178 8037
1179 8043
1180 8049
1181 8055
1182 8061
1183 8067
1184 8073
1185 8079
1186 8085
1187 8091
1188 8097
1189 8102
1190 8108
1191 8114
1192 8120
1193 8126
1194 8132
1195 8138
1196 8144
1197 8150
1198 8156
1199 8162
1200 8168
1201 8174
1202 8180
1203 8186
1204 8192
1205 8198
1206 8204
1207 8210
1208 8216
1209 8222
1210 8228
1211 8234
1212 8240
1213 8246
1214 8253
1215 8259
1216 8265
1217 8271
1218 8277
1219 8283
1220 8289
1221 8295
1222 8300
1223 8306
1224 8312
1225 8318
1226 8324
1227 8330
1228 8336
1229 8342
1230 8348
1231 8354
1232 8360
1233 8366
1234 8372
1235 8378
1236 8384
1237 8390
1238 8396
1239 8402
1240 8408
1241 8414
1242 8420
1243 8426
1244 8432
1245 8438
1246 8444
1247 8450
1248 8455
1249 8459
1250 8465
1251 8471
1252 8477
1253 8483
1254 8489
1255 8495
1256 8501
1257 8507
1258 8513
1259 8519
1260 8525
1261 8531
1262 8537
1263 8543
1264 8549
1265 8555
1266 8561
1267 8567
1268 8573
1269 8579
1270 8585
1271 8592
1272 8598
1273 8604
1274 8610
1275 8616
1276 8622
1277 8628
1278 8634
1279 8640
1280 8646
1281 8652
1282 8658
1283 8664
1284 8670
1285 8676
1286 8682
1287 8687
1288 8693
1289 8699
1290 8705
1291 8711
1292 8717
1293 8723
1294 8729
1295 8735
1296 8742
1297 8748
1298 8754
1299 8760
1300 8766
1301 8772
1302 8778
1303 8784
1304 8790
1305 8796
1306 8802
1307 8808
1308 8814
1309 8820
1310 8826
1311 8832
1312 8838
1313 8844
1314 8850
1315 8856
1316 8862
1317 8868
1318 8874
1319 8880
1320 8886
1321 8892
1322 8898
1323 8904
1324 8910
1325 8916
1326 8922
1327 8928
1328 8934
1329 8940
1330 8946
1331 8952
1332 8958
1333 8964
1334 8970
1335 8976
1336 8982
1337 8988
1338 8994
1339 9000
1340 9006
1341 9012
1342 9018
1343 9024
1344 9030
1345 9036
1346 9042
1347 9048
1348 9054
1349 9060
1350 9066
1351 9072
1352 9078
1353 9084
1354 9090
1355 9096
1356 9102
1357 9108
1358 9114
1359 9120
1360 9126
1361 9132
1362 9138
1363 9144
1364 9150
1365 9156
1366 9162
1367 9168
1368 9174
1369 9180
1370 9186
1371 9192
1372 9198
1373 9204
1374 9210
1375 9216
1376 9222
1377 9228
1378 9234
1379 9240
1380 9246
1381 9252
1382 9258
1383 9264
1384 9270
1385 9276
1386 9282
1387 9288
1388 9294
1389 9300
1390 9306
1391 9312
1392 9318
1393 9324
1394 9330
1395 9336
1396 9342
1397 9348
1398 9354
1399 9360
1400 9366
1401 9372
1402 9378
1403 9384
1404 9390
1405 9396
1406 9402
1407 9408
1408 9414
1409 9420
1410 9426
1411 9432
1412 9438
1413 9444
1414 9450
1415 9456
1416 9462
1417 9468
1418 9474
1419 9480
1420 9486
1421 9492
1422 9498
1423 9504
1424 9510
1425 9516
1426 9522
1427 9527
1428 9531
1429 9537
1430 9543
1431 9549
1432 9555
1433 9561
1434 9567
1435 9573
1436 9579
1437 9585
1438 9591
1439 9597
1440 9603
1441 9609
1442 9615
1443 9621
1444 9627
1445 9633
1446 9639
1447 9645
1448 9651
1449 9657
1450 9663
1451 9669
1452 9675
1453 9681
1454 9687
1455 9693
1456 9699
1457 9705
1458 9711
1459 9717
1460 9723
1461 9729
1462 9735
1463 9741
1464 9747
1465 9753
1466 9759
1467 9765
1468 9771
1469 9777
1470 9783
1471 9789
1472 9795
1473 9801
1474 9807
1475 9813
1476 9819
1477 9825
1478 9831
1479 9837
1480 9843
1481 9849
1482 9855
1483 9861
1484 9867
1485 9873
1486 9879
1487 9885
1488 9891
1489 9897
1490 9903
1491 9909
1492 9915
1493 9921
1494 9927
1495 9933
1496 9939
1497 9945
1498 9951
1499 9957
1500 9962
1501 9968
1502 9974
1503 9980
1504 9986
1505 9992
1506 9998
1507 10004
1508 10011
1509 10017
1510 10023
1511 10029
1512 10035
1513 10041
1514 10047
1515 10053
1516 10059
1517 10065
1518 10071
1519 10077
1520 10083
1521 10089
1522 10095
1523 10101
1524 10106
1525 10112
1526 10118
1527 10124
1528 10130
1529 10136
1530 10142
1531 10148
1532 10155
1533 10161
1534 10167
1535 10173
1536 10179
1537 10185
1538 10191
1539 10197
1540 10203
1541 10209
1542 10215
1543 10221
1544 10227
1545 10233
1546 10239
1547 10245
1548 10251
1549 10257
1550 10263
1551 10269
1552 10275
1553 10281
1554 10287
1555 10293
1556 10299
1557 10305
1558 10311
1559 10317
1560 10323
1561 10329
1562 10335
1563 10341
1564 10347
1565 10353
1566 10359
1567 10365
1568 10371
1569 10377
1570 10383
1571 10389
1572 10395
1573 10401
1574 10407
1575 10413
1576 10419
1577 10425
1578 10431
1579 10437
1580 10443
1581 10449
1582 10455
1583 10461
1584 10467
1585 10473
1586 10479
1587 10485
1588 10491
1589 10497
1590 10503
1591 10509
1592 10515
1593 10521
1594 10527
1595 10533
1596 10539
1597 10545
1598 10551
1599 10557
1600 10563
1601 10569
1602 10575
1603 10581
1604 10587
1605 10593
1606 10599
1607 10605
1608 10611
1609 10617
1610 10623
1611 10629
1612 10635
1613 10641
1614 10647
1615 10653
1616 10659
1617 10665
1618 10671
1619 10677
1620 10683
1621 10689
1622 10695
1623 10701
1624 10707
1625 10713
1626 10719
1627 10725
1628 10731
1629 10737
1630 10743
1631 10749
1632 10755
1633 10761
1634 10767
1635 10773
1636 10779
1637 10785
1638 10791
1639 10797
1640 10803
1641 10809
1642 10815
1643 10821
1644 10827
1645 10833
1646 10839
1647 10845
1648 10851
1649 10857
1650 10863
1651 10869
1652 10875
1653 10881
1654 10887
1655 10893
1656 10899
1657 10905
1658 10911
1659 10917
1660 10923
1661 10929
1662 10935
1663 10941
1664 10947
1665 10953
1666 10959
1667 10965
1668 10971
1669 10977
1670 10983
1671 10989
1672 10995
1673 11001
1674 11007
1675 11013
1676 11019
1677 11025
1678 11031
1679 11037
1680 11043
1681 11049
1682 11055
1683 11061
1684 11067
1685 11073
1686 11079
1687 11085
1688 11091
1689 11097
1690 11103
1691 11109
1692 11115
1693 11121
1694 11127
1695 11133
1696 11139
1697 11145
1698 11151
1699 11157
1700 11163
1701 11169
1702 11175
1703 11181
1704 11187
1705 11193
1706 11199
1707 11205
1708 11211
1709 11217
1710 11223
1711 11229
1712 11235
1713 11241
1714 11247
1715 11253
1716 11259
1717 11265
1718 11271
1719 11277
1720 11283
1721 11289
1722 11295
1723 11301
1724 11307
1725 11313
1726 11319
1727 11325
1728 11331
1729 11337
1730 11343
1731 11349
1732 11355
1733 11361
1734 11367
1735 11373
1736 11379
1737 11385
1738 11391
1739 11397
1740 11403
1741 11409
1742 11415
1743 11421
1744 11427
1745 11433
1746 11439
1747 11445
1748 11451
1749 11457
1750 11463
1751 11469
1752 11475
1753 11481
1754 11487
1755 11493
1756 11499
1757 11505
1758 11511
1759 11517
1760 11523
1761 11529
1762 11535
1763 11541
1764 11547
1765 11553
1766 11559
1767 11565
1768 11571
1769 11577
1770 11583
1792 11589
1793 11595
1794 11601
1795 11607
1796 11613
1797 11619
1798 11625
1799 11631
1800 11637
1801 11643
1802 11649
1803 11655
1804 11661
1805 11667
1806 11673
1807 11679
1808 11685
1809 11691
1810 11697
1811 11703
1812 11709
1813 11715
1814 11721
1815 11727
1816 11733
1817 11739
1818 11745
1819 11751
1820 11757
1821 11763
1822 11769
1823 11775
1824 11781
1825 11787
1826 11793
1827 11799
1828 11805
1829 11811
1830 11817
1831 11823
1832 11829
1833 11835
1834 11841
1835 11847
1836 11853
1837 11859
1838 11865
1839 11871
1840 11877
1841 11883
1842 11889
1843 11895
1844 11901
1845 11907
1846 11913
1847 11919
1848 11925
1849 11931
1850 11937
1851 11943
1852 11949
1853 11955
1854 11961
1855 11967
1856 11973
1857 11979
1858 11985
1859 11991
1860 11997
1861 12003
1862 12009
1863 12015
1864 12021
1865 12027
1866 12033
1867 12039
1868 12045
1869 12051
1870 12057
1871 12063
1872 12069
1873 12075
1874 12081
1875 12087
1876 12093
1877 12099
1878 12105
1879 12111
1880 12117
1881 12123
1882 12129
1883 12135
1884 12141
1885 12147
1886 12153
1887 12159
1888 12165
1889 12171
1890 12177
1891 12183
1892 12189
1893 12195
1894 12201
1895 12207
1896 12213
1897 12219
1898 12225
1899 12231
1900 12237
1901 12243
1902 12249
1903 12255
1904 12261
1905 12267
1906 12273
1907 12279
1908 12285
1909 12291
1910 12297
1911 12303
1912 12309
1913 12315
1914 12321
1915 12327
1916 12333
1917 12339
1918 12345
1919 12351
1920 12357
1921 12363
1922 12369
1923 12375
1924 12381
1925 12387
1926 12393
1927 12399
1928 12405
1929 12411
1930 12417
1931 12423
1932 12429
1933 12435
1934 12441
1935 12447
1936 12453
1937 12459
1938 12465
1939 12471
1940 12477
1941 12483
1942 12489
1943 12495
1944 12501
1945 12507
1946 12513
1947 12519
1948 12525
1949 12531
1950 12537
1951 12543
1952 12549
1953 12555
1954 12561
1955 12567
1956 12573
1957 12579
1958 12585
1959 12591
1960 12597
1961 12603
1962 12609
1963 12615
1964 12621
1965 12627
1966 12633
1967 12639
1968 12645
1969 12651
1970 12657
1971 12663
1972 12669
1973 12675
1974 12681
1975 12687
1976 12693
1977 12699
1978 12705
1979 12711
1980 12717
1981 12723
1982 12729
1983 12735
1984 12741
1985 12747
1986 12753
1987 12759
1988 12765
1989 12771
1990 12777
1991 12783
1992 12789
1993 12795
1994 12801
1995 12807
1996 12810
1997 12815
1998 12821
1999 12827
2000 12833
2001 12839
2002 12845
2003 12851
2004 12857
2005 12863
2006 12869
2007 12875
2008 12881
2009 12887
2010 12893
2011 12899
2012 12905
2013 12908
2014 12914
2015 12920
2016 12926
2017 12932
2018 12938
2019 12944
2020 12950
2021 12956
2022 12962
2023 12968
2024 12974
2025 12980
2026 12986
2027 12992
2028 12998
2029 13004
2030 13010
2031 13016
2032 13022
2033 13028
2034 13034
2035 13040
2036 13046
2037 13052
2038 13058
2039 13064
2040 13070
2041 13076
2042 13082
2043 13088
2044 13094
2045 13100
2046 13106
2047 13112
2048 13118
2049 13124
2050 13130
2051 13136
2052 13142
2053 13148
2054 13154
2055 13160
2056 13166
2057 13172
2058 13178
2059 13184
2060 13190
2061 13196
2062 13202
2063 13208
2064 13214
2065 13220
2066 13226
2067 13232
2068 13238
2069 13244
2070 13250
2071 13256
2072 13262
2073 13268
2074 13274
2075 13280
2076 13286
2077 13292
2078 13298
2079 13304
2080 13310
2081 13316
2082 13322
2083 13328
2084 13334
2085 13340
2086 13346
2087 13352
2088 13358
2089 13364
2090 13370
2091 13376
2092 13382
2093 13388
2094 13394
2095 13400
2096 13406
2097 13412
2098 13418
2099 13424
2100 13430
2101 13436
2102 13442
2103 13448
2104 13454
2105 13460
2106 13466
2107 13472
2108 13478
2109 13484
2110 13490
2111 13496
2112 13502
2113 13508
2114 13514
2115 13520
2116 13526
2117 13532
2118 13538
2119 13544
2120 13550
2121 13556
2122 13562
2123 13568
2124 13574
2125 13580
2126 13586
2127 13592
2128 13598
2129 13604
2130 13610
2131 13616
2132 13622
2133 13628
2134 13634
2135 13640
2136 13646
2137 13652
2138 13658
2139 13664
2140 13670
2141 13676
2142 13682
2143 13688
2144 13694
2145 13700
2146 13706
2147 13712
2148 13718
2149 13724
2150 13730
2151 13736
2152 13742
2153 13748
2154 13754
2155 13760
2156 13766
2157 13772
2158 13778
2159 13784
2160 13790
2161 13796
2162 13802
2163 13808
2164 13814
2165 13820
2166 13826
2167 13832
2168 13838
2169 13844
2170 13850
2171 13856
2172 13862
2173 13868
2174 13874
2175 13880
2176 13886
2177 13892
2178 13898
2179 13904
2180 13910
2181 13916
2182 13922
2183 13928
2184 13934
2185 13940
2186 13946
2187 13952
2188 13958
2189 13964
2190 13967
2191 13973
2192 13979
2193 13985
2194 13988
2195 13994
2196 14000
2197 14006
2198 14012
2199 14018
2200 14024
2201 14027
2202 14033
2203 14039
2204 14045
2205 14051
2206 14057
2207 14063
2208 14069
2209 14075
2210 14081
2211 14087
2212 14093
2213 14099
2214 14105
2215 14111
2216 14117
2217 14122
2218 14123
2219 14124
2220 14125
2221 14126
2222 14130
2223 14136
2224 14139
2225 14145
2226 14151
2227 14157
2228 14163
2229 14169
2230 14175
2231 14181
2232 14187
2233 14193
2234 14199
2235 14205
2236 14211
2237 14217
2238 14223
2239 14229
2240 14235
2241 14241
2242 14247
2243 14253
2244 14259
2245 14265
2246 14271
2247 14277
2248 14283
2249 14289
2250 14295
2251 14301
2252 14307
2253 14313
2254 14319
2255 14325
2256 14331
2257 14337
2258 14343
2259 14349
2260 14355
2261 14361
2262 14367
2263 14373
2264 14379
2265 14385
2266 14391
2267 14397
2268 14403
2269 14409
2270 14415
2271 14421
2272 14427
2273 14433
2274 14439
2275 14445
2276 14451
2277 14457
2278 14463
2279 14469
2280 14475
2281 14481
2282 14487
2283 14493
2284 14499
2285 14505
2286 14511
2287 14517
2288 14523
2289 14529
2290 14535
2291 14541
2292 14547
2293 14553
2294 14559
2295 14565
2296 14571
2297 14577
2298 14583
2299 14589
2300 14595
2301 14601
2302 14607
2303 14613
2304 14619
2305 14625
2306 14631
2307 14637
2308 14643
2309 14649
2310 14655
2311 14661
2312 14667
2313 14673
2314 14679
2315 14685
2316 14691
2317 14697
2318 14703
2319 14709
2320 14715
2321 14721
2322 14727
2323 14733
2324 14739
2325 14745
2326 14751
2327 14757
2328 14763
2329 14769
2330 14775
2331 14781
2332 14787
2333 14793
2334 14799
2335 14805
2336 14811
2337 14817
2338 14823
2339 14829
2340 14835
2341 14841
2342 14847
2343 14853
2344 14859
2345 14865
2346 14871
2347 14877
2348 14883
2349 14889
2350 14895
2351 14901
2352 14907
2353 14913
2354 14919
2355 14925
2356 14931
2357 14937
2358 14943
2359 14949
2360 14955
2361 14961
2362 14967
2363 14973
2364 14979
2365 14985
2366 14991
2367 14997
2368 15003
2369 15009
2370 15015
2371 15021
2372 15027
2373 15033
2374 15039
2375 15045
2376 15051
2377 15057
2378 15063
2379 15069
2380 15075
2381 15081
2382 15087
2383 15093
2384 15099
2385 15105
2386 15111
2387 15117
2388 15123
2389 15129
2390 15135
2391 15141
2392 15147
2393 15153
2394 15159
2395 15165
2396 15171
2397 15177
2398 15183
2399 15189
2400 15195
2401 15201
2402 15207
2403 15213
2404 15219
2405 15225
2406 15231
2407 15237
2408 15243
2409 15249
2410 15255
2411 15261
2412 15267
2413 15273
2414 15279
2415 15285
2416 15291
2417 15297
2418 15303
2419 15309
2420 15315
2421 15321
2422 15327
2423 15333
2424 15339
2425 15345
2426 15351
2427 15357
2428 15363
2429 15369
2430 15375
2431 15381
2432 15387
2433 15393
2434 15399
2435 15405
2436 15411
2437 15417
2438 15423
2439 15429
2440 15435
2441 15441
2442 15447
2443 15453
2444 15459
2445 15465
2446 15471
2447 15477
2448 15483
2449 15489
2450 15495
2451 15501
2452 15507
2453 15513
2454 15519
2455 15525
2456 15531
2457 15537
2458 15543
2459 15549
2460 15555
2461 15561
2462 15567
2463 15573
2464 15579
2465 15585
2466 15591
2467 15597
2468 15603
2469 15609
2470 15615
2471 15621
2472 15627
2473 15633
2474 15639
2475 15645
2476 15651
2477 15657
2478 15663
2479 15669
2480 15675
2481 15681
2482 15687
2483 15693
2484 15699
2485 15705
2486 15711
2487 15717
2488 15723
2489 15729
2490 15735
2491 15741
2492 15747
2493 15753
2494 15759
2495 15765
2496 15771
2497 15777
2498 15783
2499 15789
2500 15795
2501 15801
2502 15807
2503 15813
2504 15819
2505 15825
2506 15831
2507 15837
2508 15843
2509 15849
2510 15855
2511 15861
2512 15867
2513 15873
2514 15879
2515 15885
2516 15891
2517 15897
2518 15903
2519 15909
2520 15915
2521 15921
2522 15927
2523 15933
2524 15939
2525 15945
2526 15951
2527 15957
2528 15963
2529 15969
2530 15975
2531 15981
2532 15987
2533 15993
2534 15999
2535 16005
2536 16011
2537 16017
2538 16023
2539 16029
2540 16035
2541 16041
2542 16047
2543 16053
2544 16059
2545 16065
2546 16071
2547 16077
2548 16083
2549 16089
2550 16095
2551 16101
2552 16107
2553 16113
2554 16119
2555 16125
2556 16131
2557 16137
2558 16143
2559 16149
2560 16155
2561 16161
2562 16167
2563 16173
2564 16179
2565 16185
2566 16191
2567 16197
2568 16203
2569 16209
2570 16215
2571 16221
2572 16227
2573 16233
2574 16239
2575 16245
2576 16251
2577 16257
2578 16263
2579 16269
2580 16275
2581 16281
2582 16287
2583 16293
2584 16299
2585 16305
2586 16311
2587 16317
2588 16323
2589 16329
2590 16335
2591 16341
2592 16347
2593 16353
2594 16359
2595 16365
2596 16371
2597 16377
2598 16383
2599 16389
2600 16395
2601 16401
2602 16407
2603 16413
2604 16419
2605 16425
2606 16431
2607 16437
2608 16443
2609 16449
2610 16455
2611 16461
2612 16467
2613 16473
2614 16479
2615 16485
2616 16491
2617 16497
2618 16503
2619 16509
2620 16515
2621 16521
2622 16527
2623 16533
2624 16539
