0 955
1 961
2 967
3 973
4 979
5 985
6 991
7 997
8 1003
9 1009
10 1015
11 1021
12 1027
13 1033
14 1039
15 1045
16 1051
17 1057
18 1063
19 1069
20 1075
21 1081
22 1087
23 1093
24 1099
25 1105
26 1111
27 1117
28 1123
29 1129
30 1135
31 1141
32 1147
33 1153
34 1159
35 1165
36 1171
37 1177
38 1183
39 1189
40 1195
41 1201
42 1207
43 1213
44 1219
45 1225
46 1231
47 1237
48 1243
49 1249
50 1255
51 1261
52 1267
53 1273
54 1279
55 1285
56 1291
57 1297
58 1303
59 1309
60 1315
61 1321
62 1327
63 1333
64 1339
65 1345
66 1351
67 1357
68 1363
69 1369
70 1375
71 1381
72 1387
73 1393
74 1399
75 1405
76 1411
77 1417
78 1423
79 1429
80 1435
81 1441
82 1447
83 1453
84 1459
85 1465
86 1471
87 1477
88 1483
89 1489
90 1495
91 1501
92 1507
93 1513
94 1519
95 1525
96 1531
97 1537
98 1543
99 1549
100 1555
101 1561
102 1567
103 1573
104 1579
105 1585
106 1591
107 1597
108 1603
109 1609
110 1615
111 1621
112 1627
113 1633
114 1639
115 1645
116 1651
117 1657
118 1663
119 1669
120 1675
121 1681
122 1687
123 1693
124 1699
125 1705
126 1711
127 1717
128 1723
129 1729
130 1735
131 1741
132 1747
133 1753
134 1759
135 1765
136 1771
137 1777
138 1783
139 1789
140 1795
141 1801
142 1807
143 1813
144 1819
145 1825
146 1831
147 1837
148 1843
149 1849
150 1855
151 1861
152 1867
153 1873
154 1879
155 1885
156 1891
157 1897
158 1903
159 1909
160 1915
161 1921
162 1927
163 1933
164 1939
165 1945
166 1951
167 1957
168 1963
169 1969
170 1975
171 1981
172 1987
173 1993
174 1999
175 2005
176 2011
177 2017
178 2023
179 2029
180 2035
181 2041
182 2047
183 2053
184 2059
185 2065
186 2071
187 2077
188 2083
189 2089
190 2095
191 2101
192 2107
193 2113
194 2119
195 2125
196 2131
197 2137
198 2143
199 2149
200 2155
201 2161
202 2167
203 2173
204 2179
205 2185
206 2191
207 2197
208 2203
209 2209
210 2215
211 2221
212 2227
213 2233
214 2239
215 2245
216 2251
217 2257
218 2263
219 2269
220 2275
221 2281
222 2287
223 2293
224 2299
225 2305
226 2311
227 2317
228 2323
229 2329
230 2335
231 2341
232 2347
233 2353
234 2359
235 2365
236 2371
237 2377
238 2383
239 2389
240 2395
241 2401
242 2407
243 2413
244 2419
245 2425
246 2431
247 2437
248 2443
249 2449
250 2455
251 2461
252 2467
253 2473
254 2479
255 2485
256 2491
257 2497
258 2503
259 2509
260 2515
261 2521
262 2527
263 2533
264 2539
265 2545
266 2551
267 2557
268 2563
269 2569
270 2575
271 2581
272 2587
273 2593
274 2599
275 2605
276 2611
277 2617
278 2623
279 2629
280 2635
281 2641
282 2647
283 2653
284 2659
285 2665
286 2671
287 2677
288 2683
289 2689
290 2695
291 2701
292 2707
293 2713
294 2719
295 2725
296 2731
297 2737
298 2743
299 2749
300 2755
301 2761
302 2767
303 2773
304 2779
305 2785
306 2791
307 2797
308 2803
309 2809
310 2815
311 2821
312 2827
313 2833
314 2839
315 2845
316 2851
317 2857
318 2863
319 2869
320 2875
321 2881
322 2887
323 2893
324 2899
325 2905
326 2911
327 2917
328 2923
329 2929
330 2935
331 2941
332 2947
333 2953
334 2959
335 2965
336 2971
337 2977
338 2983
339 2989
340 2995
341 3001
342 3007
343 3013
344 3019
345 3025
346 3031
347 3037
348 3043
349 3049
350 3055
351 3061
352 3067
353 3073
354 3079
355 3085
356 3091
357 3097
358 3103
359 3109
360 3115
361 3121
362 3127
363 3133
364 3139
365 3145
366 3151
367 3157
368 3163
369 3169
370 3175
371 3181
372 3187
373 3193
374 3199
375 3205
376 3211
377 3217
378 3223
379 3229
380 3235
381 3241
382 3247
383 3253
384 3259
385 3265
386 3271
387 3277
388 3283
389 3289
390 3295
391 3301
392 3307
393 3313
394 3319
395 3325
396 3331
397 3337
398 3343
399 3349
400 3355
401 3361
402 3367
403 3373
404 3379
405 3385
406 3391
407 3397
408 3403
409 3409
410 3415
411 3421
412 3427
413 3433
414 3439
415 3445
416 3451
417 3457
418 3463
419 3469
420 3475
421 3481
422 3487
423 3493
424 3499
425 3505
426 3511
427 3517
428 3523
429 3529
430 3535
431 3541
432 3547
433 3553
434 3559
435 3565
436 3571
437 3577
438 3583
439 3589
440 3595
441 3601
442 3607
443 3613
444 3619
445 3625
446 3631
447 3637
448 3643
449 3649
450 3655
451 3661
452 3667
453 3673
454 3679
455 3685
456 3691
457 3697
458 3703
459 3709
460 3715
461 3721
462 3727
463 3733
464 3739
465 3745
466 3751
467 3757
468 3763
469 3769
470 3775
471 3781
472 3787
473 3793
474 3799
475 3805
476 3811
477 3817
478 3823
479 3829
480 3835
481 3841
482 3847
483 3853
484 3859
485 3865
486 3871
487 3877
488 3883
489 3889
490 3895
491 3901
492 3907
493 3913
494 3919
495 3925
496 3931
497 3937
498 3943
499 3949
500 3955
501 3961
502 3967
503 3973
504 3979
505 3985
506 3991
507 3997
508 4003
509 4009
510 4015
511 4021
512 4027
513 4033
514 4039
515 4045
516 4051
517 4057
518 4063
519 4069
520 4075
521 4081
522 4087
523 4093
524 4099
525 4105
526 4111
527 4117
528 4123
529 4129
530 4135
531 4141
532 4147
533 4153
534 4159
535 4165
536 4171
537 4177
538 4183
539 4189
540 4195
541 4201
542 4207
543 4213
544 4219
545 4225
546 4231
547 4237
548 4243
549 4249
550 4255
551 4261
552 4267
553 4273
554 4279
555 4285
556 4291
557 4297
558 4303
559 4309
560 4315
561 4321
562 4327
563 4333
564 4339
565 4345
566 4351
567 4357
568 4363
569 4369
570 4375
571 4381
572 4387
573 4393
574 4399
575 4405
576 4411
577 4417
578 4423
579 4429
580 4435
581 4441
582 4447
583 4453
584 4459
585 4465
586 4471
587 4477
588 4483
589 4489
590 4495
591 4501
592 4507
593 4513
594 4519
595 4525
596 4531
597 4537
598 4543
599 4549
600 4555
601 4561
602 4567
603 4573
604 4579
605 4585
606 4591
607 4597
608 4603
609 4609
610 4615
611 4621
612 4627
613 4633
614 4639
615 4645
616 4651
617 4657
618 4663
619 4669
620 4675
621 4681
622 4687
623 4693
624 4699
625 4705
626 4711
627 4717
628 4723
629 4729
630 4735
631 4741
632 4747
633 4753
634 4759
635 4765
636 4771
637 4777
638 4783
639 4789
640 4795
641 4801
642 4807
643 4813
644 4819
645 4825
646 4831
647 4837
648 4843
649 4849
650 4855
651 4856
652 4862
653 4868
654 4874
660 4877
661 4881
662 4884
663 4890
664 4895
665 4901
666 4904
667 4907
668 4913
669 4919
670 4925
671 4931
672 4937
673 4943
674 4949
675 4955
676 4961
677 4967
678 4973
679 4979
680 4985
681 4991
682 4997
683 5003
684 5009
685 5015
686 5021
687 5027
688 5033
689 5039
690 5045
691 5051
692 5057
693 5063
694 5069
695 5075
696 5081
697 5087
698 5093
699 5099
700 5105
701 5111
702 5117
703 5123
704 5129
705 5135
706 5141
707 5147
708 5153
709 5159
710 5165
711 5171
712 5177
713 5183
714 5189
715 5195
716 5201
717 5207
718 5213
719 5219
720 5225
721 5231
722 5237
723 5243
724 5249
725 5255
726 5261
727 5267
728 5273
729 5279
730 5285
731 5291
732 5297
733 5303
734 5309
735 5315
736 5321
737 5327
738 5333
739 5339
740 5345
741 5351
742 5357
743 5363
744 5369
745 5375
746 5381
747 5387
748 5393
749 5399
750 5405
751 5411
752 5417
753 5423
754 5429
755 5435
756 5441
757 5447
758 5453
759 5459
760 5465
761 5471
762 5477
763 5483
764 5489
765 5495
766 5501
767 5507
768 5513
769 5519
770 5525
771 5531
772 5537
773 5543
774 5549
775 5555
776 5561
777 5567
778 5573
779 5579
780 5585
781 5591
782 5597
783 5603
784 5609
785 5615
786 5621
787 5627
788 5633
789 5639
790 5645
791 5651
792 5657
793 5663
794 5669
795 5675
796 5681
797 5687
798 5693
799 5699
802 5704
805 5705
806 5710
808 5714
809 5719
810 5725
811 5731
812 5737
813 5743
814 5749
815 5755
816 5761
817 5767
818 5773
819 5779
820 5785
821 5791
822 5797
823 5803
824 5809
825 5815
826 5821
827 5827
828 5833
829 5839
830 5842
831 5848
832 5854
833 5860
834 5866
835 5872
836 5878
837 5884
838 5890
839 5896
840 5902
841 5908
842 5914
843 5920
844 5926
845 5932
846 5938
847 5944
848 5950
849 5956
850 5962
851 5968
852 5974
853 5980
854 5986
855 5992
856 5998
857 6004
858 6010
859 6016
860 6022
861 6028
862 6034
863 6040
864 6046
865 6052
866 6058
867 6064
868 6070
869 6076
870 6082
871 6088
872 6094
873 6100
874 6106
875 6112
876 6118
877 6124
878 6130
879 6136
880 6142
881 6148
882 6154
883 6160
884 6166
885 6172
886 6178
887 6184
888 6190
889 6196
890 6202
891 6208
892 6214
893 6220
894 6226
895 6232
896 6238
897 6244
898 6250
899 6256
900 6262
901 6268
902 6274
903 6280
904 6286
905 6292
906 6298
907 6304
908 6310
909 6316
910 6322
911 6328
912 6334
913 6340
914 6346
915 6352
916 6358
917 6364
918 6370
919 6376
920 6382
921 6388
922 6394
923 6400
924 6406
925 6412
926 6418
927 6424
928 6430
929 6436
930 6442
931 6448
932 6454
933 6460
934 6466
935 6472
936 6478
937 6484
938 6490
939 6496
940 6502
941 6508
942 6514
943 6520
944 6526
945 6532
946 6538
947 6544
948 6550
949 6556
950 6562
951 6567
952 6569
953 6575
954 6581
955 6587
956 6593
958 6600
959 6606
960 6612
961 6618
962 6624
963 6630
964 6636
965 6642
966 6648
967 6654
968 6660
969 6666
970 6672
971 6678
972 6684
973 6691
974 6697
975 6703
976 6709
977 6715
978 6721
979 6727
980 6733
981 6738
982 6744
983 6750
984 6756
985 6762
986 6768
987 6774
988 6780
989 6786
990 6792
991 6798
992 6804
993 6810
994 6816
995 6822
996 6828
997 6834
998 6840
999 6846
1000 6852
1001 6858
1002 6864
1003 6870
1004 6876
1005 6882
1006 6888
1007 6894
1008 6900
1009 6906
1010 6912
1011 6918
1012 6924
1013 6930
1014 6936
1015 6942
1016 6948
1017 6954
1018 6960
1019 6966
1020 6972
1021 6978
1022 6985
1023 6991
1024 6997
1025 7003
1026 7009
1027 7015
1028 7021
1029 7027
1030 7033
1031 7039
1032 7045
1033 7051
1034 7057
1035 7063
1036 7069
1037 7075
1038 7080
1039 7086
1040 7092
1041 7098
1042 7104
1043 7110
1044 7116
1045 7122
1046 7128
1047 7134
1048 7140
1049 7146
1050 7152
1051 7158
1052 7164
1053 7170
1054 7176
1055 7182
1056 7188
1057 7194
1058 7200
1059 7206
1060 7212
1061 7218
1062 7224
1063 7230
1064 7236
1065 7242
1066 7248
1067 7254
1068 7260
1069 7266
1070 7272
1071 7278
1072 7284
1073 7290
1074 7296
1075 7302
1076 7308
1077 7314
1078 7320
1079 7326
1080 7332
1081 7338
1082 7344
1083 7350
1084 7356
1085 7362
1086 7368
1087 7374
1088 7380
1089 7386
1090 7392
1091 7398
1092 7404
1093 7410
1094 7416
1095 7422
1096 7428
1097 7434
1098 7440
1099 7446
1100 7452
1101 7458
1102 7464
1103 7470
1104 7476
1105 7482
1106 7488
1107 7494
1108 7500
1109 7506
1110 7512
1111 7518
1112 7524
1113 7530
1114 7536
1115 7542
1116 7548
1117 7554
1118 7560
1119 7566
1120 7572
1121 7578
1122 7584
1123 7590
1124 7596
1125 7602
1126 7608
1127 7614
1128 7620
1129 7626
1130 7632
1131 7638
1132 7644
1149 7645
1150 7649
1151 7655
1152 7661
1153 7667
1154 7673
1155 7679
1156 7685
1157 7691
1158 7697
1159 7703
1160 7706
1161 7712
1162 7718
1163 7724
1164 7730
1165 7736
1166 7742
1167 7748
1168 7754
1169 7761
1170 7767
1171 7773
1172 7779
1173 7785
1174 7791
1175 7797
1176 7803
1177 7809
1178 7815
1179 7821
1180 7827
1181 7833
1182 7839
1183 7845
1184 7851
1185 7857
1186 7863
1187 7869
1188 7875
1189 7881
1190 7887
1191 7893
1192 7899
1193 7905
1194 7911
1195 7917
1196 7923
1197 7929
1198 7935
1199 7941
1200 7947
1201 7953
1202 7958
1203 7964
1204 7970
1205 7976
1206 7982
1207 7988
1208 7994
1209 8000
1210 8007
1211 8013
1212 8019
1213 8025
1214 8031
1215 8037
1216 8043
1217 8049
1218 8055
1219 8061
1220 8067
1221 8073
1222 8079
1223 8085
1224 8091
1225 8097
1226 8102
1227 8108
1228 8114
1229 8120
1230 8126
1231 8132
1232 8138
1233 8144
1234 8150
1235 8156
1236 8162
1237 8168
1238 8174
1239 8180
1240 8186
1241 8192
1242 8198
1243 8204
1244 8210
1245 8216
1246 8222
1247 8228
1248 8234
1249 8240
1250 8246
1251 8253
1252 8259
1253 8265
1254 8271
1255 8277
1256 8283
1257 8289
1258 8295
1259 8300
1260 8306
1261 8312
1262 8318
1263 8324
1264 8330
1265 8336
1266 8342
1267 8348
1268 8354
1269 8360
1270 8366
1271 8372
1272 8378
1273 8384
1274 8390
1275 8396
1276 8402
1277 8408
1278 8414
1279 8420
1280 8426
1281 8432
1282 8438
1283 8444
1284 8450
1285 8455
1286 8459
1287 8465
1288 8471
1289 8477
1290 8483
1291 8489
1292 8495
1293 8501
1294 8507
1295 8513
1296 8519
1297 8525
1298 8531
1299 8537
1300 8543
1301 8549
1302 8555
1303 8561
1304 8567
1305 8573
1306 8579
1307 8585
1308 8592
1309 8598
1310 8604
1311 8610
1312 8616
1313 8622
1314 8628
1315 8634
1316 8640
1317 8646
1318 8652
1319 8658
1320 8664
1321 8670
1322 8676
1323 8682
1324 8687
1325 8693
1326 8699
1327 8705
1328 8711
1329 8717
1330 8723
1331 8729
1332 8735
1333 8742
1334 8748
1335 8754
1336 8760
1337 8766
1338 8772
1339 8778
1340 8784
1341 8790
1342 8796
1343 8802
1344 8808
1345 8814
1346 8820
1347 8826
1348 8832
1349 8838
1350 8844
1351 8850
1352 8856
1353 8862
1354 8868
1355 8874
1356 8880
1357 8886
1358 8892
1359 8898
1360 8904
1361 8910
1362 8916
1363 8922
1364 8928
1365 8934
1366 8940
1367 8946
1368 8952
1369 8958
1370 8964
1371 8970
1372 8976
1373 8982
1374 8988
1375 8994
1376 9000
1377 9006
1378 9012
1379 9018
1380 9024
1381 9030
1382 9036
1383 9042
1384 9048
1385 9054
1386 9060
1387 9066
1388 9072
1389 9078
1390 9084
1391 9090
1392 9096
1393 9102
1394 9108
1395 9114
1396 9120
1397 9126
1398 9132
1399 9138
1400 9144
1401 9150
1402 9156
1403 9162
1404 9168
1405 9174
1406 9180
1407 9186
1408 9192
1409 9198
1410 9204
1411 9210
1412 9216
1413 9222
1414 9228
1415 9234
1416 9240
1417 9246
1418 9252
1419 9258
1420 9264
1421 9270
1422 9276
1423 9282
1424 9288
1425 9294
1426 9300
1427 9306
1428 9312
1429 9318
1430 9324
1431 9330
1432 9336
1433 9342
1434 9348
1435 9354
1436 9360
1437 9366
1438 9372
1439 9378
1440 9384
1441 9390
1442 9396
1443 9402
1444 9408
1445 9414
1446 9420
1447 9426
1448 9432
1449 9438
1450 9444
1451 9450
1452 9456
1453 9462
1454 9468
1455 9474
1456 9480
1457 9486
1458 9492
1459 9498
1460 9504
1461 9510
1462 9516
1463 9522
1464 9527
1465 9531
1466 9537
1467 9543
1468 9549
1469 9555
1470 9561
1471 9567
1472 9573
1473 9579
1474 9585
1475 9591
1476 9597
1477 9603
1478 9609
1479 9615
1480 9621
1481 9627
1482 9633
1483 9639
1484 9645
1485 9651
1486 9657
1487 9663
1488 9669
1489 9675
1490 9681
1491 9687
1492 9693
1493 9699
1494 9705
1495 9711
1496 9717
1497 9723
1498 9729
1499 9735
1500 9741
1501 9747
1502 9753
1503 9759
1504 9765
1505 9771
1506 9777
1507 9783
1508 9789
1509 9795
1510 9801
1511 9807
1512 9813
1513 9819
1514 9825
1515 9831
1516 9837
1517 9843
1518 9849
1519 9855
1520 9861
1521 9867
1522 9873
1523 9879
1524 9885
1525 9891
1526 9897
1527 9903
1528 9909
1529 9915
1530 9921
1531 9927
1532 9933
1533 9939
1534 9945
1535 9951
1536 9957
1537 9962
1538 9968
1539 9974
1540 9980
1541 9986
1542 9992
1543 9998
1544 10004
1545 10011
1546 10017
1547 10023
1548 10029
1549 10035
1550 10041
1551 10047
1552 10053
1553 10059
1554 10065
1555 10071
1556 10077
1557 10083
1558 10089
1559 10095
1560 10101
1561 10106
1562 10112
1563 10118
1564 10124
1565 10130
1566 10136
1567 10142
1568 10148
1569 10155
1570 10161
1571 10167
1572 10173
1573 10179
1574 10185
1575 10191
1576 10197
1577 10203
1578 10209
1579 10215
1580 10221
1581 10227
1582 10233
1583 10239
1584 10245
1585 10251
1586 10257
1587 10263
1588 10269
1589 10275
1590 10281
1591 10287
1592 10293
1593 10299
1594 10305
1595 10311
1596 10317
1597 10323
1598 10329
1599 10335
1600 10341
1601 10347
1602 10353
1603 10359
1604 10365
1605 10371
1606 10377
1607 10383
1608 10389
1609 10395
1610 10401
1611 10407
1612 10413
1613 10419
1614 10425
1615 10431
1616 10437
1617 10443
1618 10449
1619 10455
1620 10461
1621 10467
1622 10473
1623 10479
1624 10485
1625 10491
1626 10497
1627 10503
1628 10509
1629 10515
1630 10521
1631 10527
1632 10533
1633 10539
1634 10545
1635 10551
1636 10557
1637 10563
1638 10569
1639 10575
1640 10581
1641 10587
1642 10593
1643 10599
1644 10605
1645 10611
1646 10617
1647 10623
1648 10629
1649 10635
1650 10641
1651 10647
1652 10653
1653 10659
1654 10665
1655 10671
1656 10677
1657 10683
1658 10689
1659 10695
1660 10701
1661 10707
1662 10713
1663 10719
1664 10725
1665 10731
1666 10737
1667 10743
1668 10749
1669 10755
1670 10761
1671 10767
1672 10773
1673 10779
1674 10785
1675 10791
1676 10797
1677 10803
1678 10809
1679 10815
1680 10821
1681 10827
1682 10833
1683 10839
1684 10845
1685 10851
1686 10857
1687 10863
1688 10869
1689 10875
1690 10881
1691 10887
1692 10893
1693 10899
1694 10905
1695 10911
1696 10917
1697 10923
1698 10929
1699 10935
1700 10941
1701 10947
1702 10953
1703 10959
1704 10965
1705 10971
1706 10977
1707 10983
1708 10989
1709 10995
1710 11001
1711 11007
1712 11013
1713 11019
1714 11025
1715 11031
1716 11037
1717 11043
1718 11049
1719 11055
1720 11061
1721 11067
1722 11073
1723 11079
1724 11085
1725 11091
1726 11097
1727 11103
1728 11109
1729 11115
1730 11121
1731 11127
1732 11133
1733 11139
1734 11145
1735 11151
1736 11157
1737 11163
1738 11169
1739 11175
1740 11181
1741 11187
1742 11193
1743 11199
1744 11205
1745 11211
1746 11217
1747 11223
1748 11229
1749 11235
1750 11241
1751 11247
1752 11253
1753 11259
1754 11265
1755 11271
1756 11277
1757 11283
1758 11289
1759 11295
1760 11301
1761 11307
1762 11313
1763 11319
1764 11325
1765 11331
1766 11337
1767 11343
1768 11349
1769 11355
1770 11361
1771 11367
1772 11373
1773 11379
1774 11385
1775 11391
1776 11397
1777 11403
1778 11409
1779 11415
1780 11421
1781 11427
1782 11433
1783 11439
1784 11445
1785 11451
1786 11457
1787 11463
1788 11469
1789 11475
1790 11481
1791 11487
1792 11493
1793 11499
1794 11505
1795 11511
1796 11517
1797 11523
1798 11529
1799 11535
1800 11541
1801 11547
1802 11553
1803 11559
1804 11565
1805 11571
1806 11577
1807 11583
1829 11589
1830 11595
1831 11601
1832 11607
1833 11613
1834 11619
1835 11625
1836 11631
1837 11637
1838 11643
1839 11649
1840 11655
1841 11661
1842 11667
1843 11673
1844 11679
1845 11685
1846 11691
1847 11697
1848 11703
1849 11709
1850 11715
1851 11721
1852 11727
1853 11733
1854 11739
1855 11745
1856 11751
1857 11757
1858 11763
1859 11769
1860 11775
1861 11781
1862 11787
1863 11793
1864 11799
1865 11805
1866 11811
1867 11817
1868 11823
1869 11829
1870 11835
1871 11841
1872 11847
1873 11853
1874 11859
1875 11865
1876 11871
1877 11877
1878 11883
1879 11889
1880 11895
1881 11901
1882 11907
1883 11913
1884 11919
1885 11925
1886 11931
1887 11937
1888 11943
1889 11949
1890 11955
1891 11961
1892 11967
1893 11973
1894 11979
1895 11985
1896 11991
1897 11997
1898 12003
1899 12009
1900 12015
1901 12021
1902 12027
1903 12033
1904 12039
1905 12045
1906 12051
1907 12057
1908 12063
1909 12069
1910 12075
1911 12081
1912 12087
1913 12093
1914 12099
1915 12105
1916 12111
1917 12117
1918 12123
1919 12129
1920 12135
1921 12141
1922 12147
1923 12153
1924 12159
1925 12165
1926 12171
1927 12177
1928 12183
1929 12189
1930 12195
1931 12201
1932 12207
1933 12213
1934 12219
1935 12225
1936 12231
1937 12237
1938 12243
1939 12249
1940 12255
1941 12261
1942 12267
1943 12273
1944 12279
1945 12285
1946 12291
1947 12297
1948 12303
1949 12309
1950 12315
1951 12321
1952 12327
1953 12333
1954 12339
1955 12345
1956 12351
1957 12357
1958 12363
1959 12369
1960 12375
1961 12381
1962 12387
1963 12393
1964 12399
1965 12405
1966 12411
1967 12417
1968 12423
1969 12429
1970 12435
1971 12441
1972 12447
1973 12453
1974 12459
1975 12465
1976 12471
1977 12477
1978 12483
1979 12489
1980 12495
1981 12501
1982 12507
1983 12513
1984 12519
1985 12525
1986 12531
1987 12537
1988 12543
1989 12549
1990 12555
1991 12561
1992 12567
1993 12573
1994 12579
1995 12585
1996 12591
1997 12597
1998 12603
1999 12609
2000 12615
2001 12621
2002 12627
2003 12633
2004 12639
2005 12645
2006 12651
2007 12657
2008 12663
2009 12669
2010 12675
2011 12681
2012 12687
2013 12693
2014 12699
2015 12705
2016 12711
2017 12717
2018 12723
2019 12729
2020 12735
2021 12741
2022 12747
2023 12753
2024 12759
2025 12765
2026 12771
2027 12777
2028 12783
2029 12789
2030 12795
2031 12801
2032 12807
2033 12810
2034 12815
2035 12821
2036 12827
2037 12833
2038 12839
2039 12845
2040 12851
2041 12857
2042 12863
2043 12869
2044 12875
2045 12881
2046 12887
2047 12893
2048 12899
2049 12905
2050 12908
2051 12914
2052 12920
2053 12926
2054 12932
2055 12938
2056 12944
2057 12950
2058 12956
2059 12962
2060 12968
2061 12974
2062 12980
2063 12986
2064 12992
2065 12998
2066 13004
2067 13010
2068 13016
2069 13022
2070 13028
2071 13034
2072 13040
2073 13046
2074 13052
2075 13058
2076 13064
2077 13070
2078 13076
2079 13082
2080 13088
2081 13094
2082 13100
2083 13106
2084 13112
2085 13118
2086 13124
2087 13130
2088 13136
2089 13142
2090 13148
2091 13154
2092 13160
2093 13166
2094 13172
2095 13178
2096 13184
2097 13190
2098 13196
2099 13202
2100 13208
2101 13214
2102 13220
2103 13226
2104 13232
2105 13238
2106 13244
2107 13250
2108 13256
2109 13262
2110 13268
2111 13274
2112 13280
2113 13286
2114 13292
2115 13298
2116 13304
2117 13310
2118 13316
2119 13322
2120 13328
2121 13334
2122 13340
2123 13346
2124 13352
2125 13358
2126 13364
2127 13370
2128 13376
2129 13382
2130 13388
2131 13394
2132 13400
2133 13406
2134 13412
2135 13418
2136 13424
2137 13430
2138 13436
2139 13442
2140 13448
2141 13454
2142 13460
2143 13466
2144 13472
2145 13478
2146 13484
2147 13490
2148 13496
2149 13502
2150 13508
2151 13514
2152 13520
2153 13526
2154 13532
2155 13538
2156 13544
2157 13550
2158 13556
2159 13562
2160 13568
2161 13574
2162 13580
2163 13586
2164 13592
2165 13598
2166 13604
2167 13610
2168 13616
2169 13622
2170 13628
2171 13634
2172 13640
2173 13646
2174 13652
2175 13658
2176 13664
2177 13670
2178 13676
2179 13682
2180 13688
2181 13694
2182 13700
2183 13706
2184 13712
2185 13718
2186 13724
2187 13730
2188 13736
2189 13742
2190 13748
2191 13754
2192 13760
2193 13766
2194 13772
2195 13778
2196 13784
2197 13790
2198 13796
2199 13802
2200 13808
2201 13814
2202 13820
2203 13826
2204 13832
2205 13838
2206 13844
2207 13850
2208 13856
2209 13862
2210 13868
2211 13874
2212 13880
2213 13886
2214 13892
2215 13898
2216 13904
2217 13910
2218 13916
2219 13922
2220 13928
2221 13934
2222 13940
2223 13946
2224 13952
2225 13958
2226 13964
2227 13967
2228 13973
2229 13979
2230 13985
2231 13988
2232 13994
2233 14000
2234 14006
2235 14012
2236 14018
2237 14024
2238 14027
2239 14033
2240 14039
2241 14045
2242 14051
2243 14057
2244 14063
2245 14069
2246 14075
2247 14081
2248 14087
2249 14093
2250 14099
2251 14105
2252 14111
2253 14117
2254 14122
2255 14123
2256 14124
2257 14125
2258 14126
2259 14130
2260 14136
2261 14139
2262 14145
2263 14151
2264 14157
2265 14163
2266 14169
2267 14175
2268 14181
2269 14187
2270 14193
2271 14199
2272 14205
2273 14211
2274 14217
2275 14223
2276 14229
2277 14235
2278 14241
2279 14247
2280 14253
2281 14259
2282 14265
2283 14271
2284 14277
2285 14283
2286 14289
2287 14295
2288 14301
2289 14307
2290 14313
2291 14319
2292 14325
2293 14331
2294 14337
2295 14343
2296 14349
2297 14355
2298 14361
2299 14367
2300 14373
2301 14379
2302 14385
2303 14391
2304 14397
2305 14403
2306 14409
2307 14415
2308 14421
2309 14427
2310 14433
2311 14439
2312 14445
2313 14451
2314 14457
2315 14463
2316 14469
2317 14475
2318 14481
2319 14487
2320 14493
2321 14499
2322 14505
2323 14511
2324 14517
2325 14523
2326 14529
2327 14535
2328 14541
2329 14547
2330 14553
2331 14559
2332 14565
2333 14571
2334 14577
2335 14583
2336 14589
2337 14595
2338 14601
2339 14607
2340 14613
2341 14619
2342 14625
2343 14631
2344 14637
2345 14643
2346 14649
2347 14655
2348 14661
2349 14667
2350 14673
2351 14679
2352 14685
2353 14691
2354 14697
2355 14703
2356 14709
2357 14715
2358 14721
2359 14727
2360 14733
2361 14739
2362 14745
2363 14751
2364 14757
2365 14763
2366 14769
2367 14775
2368 14781
2369 14787
2370 14793
2371 14799
2372 14805
2373 14811
2374 14817
2375 14823
2376 14829
2377 14835
2378 14841
2379 14847
2380 14853
2381 14859
2382 14865
2383 14871
2384 14877
2385 14883
2386 14889
2387 14895
2388 14901
2389 14907
2390 14913
2391 14919
2392 14925
2393 14931
2394 14937
2395 14943
2396 14949
2397 14955
2398 14961
2399 14967
2400 14973
2401 14979
2402 14985
2403 14991
2404 14997
2405 15003
2406 15009
2407 15015
2408 15021
2409 15027
2410 15033
2411 15039
2412 15045
2413 15051
2414 15057
2415 15063
2416 15069
2417 15075
2418 15081
2419 15087
2420 15093
2421 15099
2422 15105
2423 15111
2424 15117
2425 15123
2426 15129
2427 15135
2428 15141
2429 15147
2430 15153
2431 15159
2432 15165
2433 15171
2434 15177
2435 15183
2436 15189
2437 15195
2438 15201
2439 15207
2440 15213
2441 15219
2442 15225
2443 15231
2444 15237
2445 15243
2446 15249
2447 15255
2448 15261
2449 15267
2450 15273
2451 15279
2452 15285
2453 15291
2454 15297
2455 15303
2456 15309
2457 15315
2458 15321
2459 15327
2460 15333
2461 15339
2462 15345
2463 15351
2464 15357
2465 15363
2466 15369
2467 15375
2468 15381
2469 15387
2470 15393
2471 15399
2472 15405
2473 15411
2474 15417
2475 15423
2476 15429
2477 15435
2478 15441
2479 15447
2480 15453
2481 15459
2482 15465
2483 15471
2484 15477
2485 15483
2486 15489
2487 15495
2488 15501
2489 15507
2490 15513
2491 15519
2492 15525
2493 15531
2494 15537
2495 15543
2496 15549
2497 15555
2498 15561
2499 15567
2500 15573
2501 15579
2502 15585
2503 15591
2504 15597
2505 15603
2506 15609
2507 15615
2508 15621
2509 15627
2510 15633
2511 15639
2512 15645
2513 15651
2514 15657
2515 15663
2516 15669
2517 15675
2518 15681
2519 15687
2520 15693
2521 15699
2522 15705
2523 15711
2524 15717
2525 15723
2526 15729
2527 15735
2528 15741
2529 15747
2530 15753
2531 15759
2532 15765
2533 15771
2534 15777
2535 15783
2536 15789
2537 15795
2538 15801
2539 15807
2540 15813
2541 15819
2542 15825
2543 15831
2544 15837
2545 15843
2546 15849
2547 15855
2548 15861
2549 15867
2550 15873
2551 15879
2552 15885
2553 15891
2554 15897
2555 15903
2556 15909
2557 15915
2558 15921
2559 15927
2560 15933
2561 15939
2562 15945
2563 15951
2564 15957
2565 15963
2566 15969
2567 15975
2568 15981
2569 15987
2570 15993
2571 15999
2572 16005
2573 16011
2574 16017
2575 16023
2576 16029
2577 16035
2578 16041
2579 16047
2580 16053
2581 16059
2582 16065
2583 16071
2584 16077
2585 16083
2586 16089
2587 16095
2588 16101
2589 16107
2590 16113
2591 16119
2592 16125
2593 16131
2594 16137
2595 16143
2596 16149
2597 16155
2598 16161
2599 16167
2600 16173
2601 16179
2602 16185
2603 16191
2604 16197
2605 16203
2606 16209
2607 16215
2608 16221
2609 16227
2610 16233
2611 16239
2612 16245
2613 16251
2614 16257
2615 16263
2616 16269
2617 16275
2618 16281
2619 16287
2620 16293
2621 16299
2622 16305
2623 16311
2624 16317
2625 16323
2626 16329
2627 16335
2628 16341
2629 16347
2630 16353
2631 16359
2632 16365
2633 16371
2634 16377
2635 16383
2636 16389
2637 16395
2638 16401
2639 16407
2640 16413
2641 16419
2642 16425
2643 16431
2644 16437
2645 16443
2646 16449
2647 16455
2648 16461
2649 16467
2650 16473
2651 16479
2652 16485
2653 16491
2654 16497
2655 16503
2656 16509
2657 16515
2658 16521
2659 16527
2660 16533
2661 16539
