0 1045
1 1051
2 1057
3 1063
4 1069
5 1075
6 1081
7 1087
8 1093
9 1099
10 1105
11 1111
12 1117
13 1123
14 1129
15 1135
16 1141
17 1147
18 1153
19 1159
20 1165
21 1171
22 1177
23 1183
24 1189
25 1195
26 1201
27 1207
28 1213
29 1219
30 1225
31 1231
32 1237
33 1243
34 1249
35 1255
36 1261
37 1267
38 1273
39 1279
40 1285
41 1291
42 1297
43 1303
44 1309
45 1315
46 1321
47 1327
48 1333
49 1339
50 1345
51 1351
52 1357
53 1363
54 1369
55 1375
56 1381
57 1387
58 1393
59 1399
60 1405
61 1411
62 1417
63 1423
64 1429
65 1435
66 1441
67 1447
68 1453
69 1459
70 1465
71 1471
72 1477
73 1483
74 1489
75 1495
76 1501
77 1507
78 1513
79 1519
80 1525
81 1531
82 1537
83 1543
84 1549
85 1555
86 1561
87 1567
88 1573
89 1579
90 1585
91 1591
92 1597
93 1603
94 1609
95 1615
96 1621
97 1627
98 1633
99 1639
100 1645
101 1651
102 1657
103 1663
104 1669
105 1675
106 1681
107 1687
108 1693
109 1699
110 1705
111 1711
112 1717
113 1723
114 1729
115 1735
116 1741
117 1747
118 1753
119 1759
120 1765
121 1771
122 1777
123 1783
124 1789
125 1795
126 1801
127 1807
128 1813
129 1819
130 1825
131 1831
132 1837
133 1843
134 1849
135 1855
136 1861
137 1867
138 1873
139 1879
140 1885
141 1891
142 1897
143 1903
144 1909
145 1915
146 1921
147 1927
148 1933
149 1939
150 1945
151 1951
152 1957
153 1963
154 1969
155 1975
156 1981
157 1987
158 1993
159 1999
160 2005
161 2011
162 2017
163 2023
164 2029
165 2035
166 2041
167 2047
168 2053
169 2059
170 2065
171 2071
172 2077
173 2083
174 2089
175 2095
176 2101
177 2107
178 2113
179 2119
180 2125
181 2131
182 2137
183 2143
184 2149
185 2155
186 2161
187 2167
188 2173
189 2179
190 2185
191 2191
192 2197
193 2203
194 2209
195 2215
196 2221
197 2227
198 2233
199 2239
200 2245
201 2251
202 2257
203 2263
204 2269
205 2275
206 2281
207 2287
208 2293
209 2299
210 2305
211 2311
212 2317
213 2323
214 2329
215 2335
216 2341
217 2347
218 2353
219 2359
220 2365
221 2371
222 2377
223 2383
224 2389
225 2395
226 2401
227 2407
228 2413
229 2419
230 2425
231 2431
232 2437
233 2443
234 2449
235 2455
236 2461
237 2467
238 2473
239 2479
240 2485
241 2491
242 2497
243 2503
244 2509
245 2515
246 2521
247 2527
248 2533
249 2539
250 2545
251 2551
252 2557
253 2563
254 2569
255 2575
256 2581
257 2587
258 2593
259 2599
260 2605
261 2611
262 2617
263 2623
264 2629
265 2635
266 2641
267 2647
268 2653
269 2659
270 2665
271 2671
272 2677
273 2683
274 2689
275 2695
276 2701
277 2707
278 2713
279 2719
280 2725
281 2731
282 2737
283 2743
284 2749
285 2755
286 2761
287 2767
288 2773
289 2779
290 2785
291 2791
292 2797
293 2803
294 2809
295 2815
296 2821
297 2827
298 2833
299 2839
300 2845
301 2851
302 2857
303 2863
304 2869
305 2875
306 2881
307 2887
308 2893
309 2899
310 2905
311 2911
312 2917
313 2923
314 2929
315 2935
316 2941
317 2947
318 2953
319 2959
320 2965
321 2971
322 2977
323 2983
324 2989
325 2995
326 3001
327 3007
328 3013
329 3019
330 3025
331 3031
332 3037
333 3043
334 3049
335 3055
336 3061
337 3067
338 3073
339 3079
340 3085
341 3091
342 3097
343 3103
344 3109
345 3115
346 3121
347 3127
348 3133
349 3139
350 3145
351 3151
352 3157
353 3163
354 3169
355 3175
356 3181
357 3187
358 3193
359 3199
360 3205
361 3211
362 3217
363 3223
364 3229
365 3235
366 3241
367 3247
368 3253
369 3259
370 3265
371 3271
372 3277
373 3283
374 3289
375 3295
376 3301
377 3307
378 3313
379 3319
380 3325
381 3331
382 3337
383 3343
384 3349
385 3355
386 3361
387 3367
388 3373
389 3379
390 3385
391 3391
392 3397
393 3403
394 3409
395 3415
396 3421
397 3427
398 3433
399 3439
400 3445
401 3451
402 3457
403 3463
404 3469
405 3475
406 3481
407 3487
408 3493
409 3499
410 3505
411 3511
412 3517
413 3523
414 3529
415 3535
416 3541
417 3547
418 3553
419 3559
420 3565
421 3571
422 3577
423 3583
424 3589
425 3595
426 3601
427 3607
428 3613
429 3619
430 3625
431 3631
432 3637
433 3643
434 3649
435 3655
436 3661
437 3667
438 3673
439 3679
440 3685
441 3691
442 3697
443 3703
444 3709
445 3715
446 3721
447 3727
448 3733
449 3739
450 3745
451 3751
452 3757
453 3763
454 3769
455 3775
456 3781
457 3787
458 3793
459 3799
460 3805
461 3811
462 3817
463 3823
464 3829
465 3835
466 3841
467 3847
468 3853
469 3859
470 3865
471 3871
472 3877
473 3883
474 3889
475 3895
476 3901
477 3907
478 3913
479 3919
480 3925
481 3931
482 3937
483 3943
484 3949
485 3955
486 3961
487 3967
488 3973
489 3979
490 3985
491 3991
492 3997
493 4003
494 4009
495 4015
496 4021
497 4027
498 4033
499 4039
500 4045
501 4051
502 4057
503 4063
504 4069
505 4075
506 4081
507 4087
508 4093
509 4099
510 4105
511 4111
512 4117
513 4123
514 4129
515 4135
516 4141
517 4147
518 4153
519 4159
520 4165
521 4171
522 4177
523 4183
524 4189
525 4195
526 4201
527 4207
528 4213
529 4219
530 4225
531 4231
532 4237
533 4243
534 4249
535 4255
536 4261
537 4267
538 4273
539 4279
540 4285
541 4291
542 4297
543 4303
544 4309
545 4315
546 4321
547 4327
548 4333
549 4339
550 4345
551 4351
552 4357
553 4363
554 4369
555 4375
556 4381
557 4387
558 4393
559 4399
560 4405
561 4411
562 4417
563 4423
564 4429
565 4435
566 4441
567 4447
568 4453
569 4459
570 4465
571 4471
572 4477
573 4483
574 4489
575 4495
576 4501
577 4507
578 4513
579 4519
580 4525
581 4531
582 4537
583 4543
584 4549
585 4555
586 4561
587 4567
588 4573
589 4579
590 4585
591 4591
592 4597
593 4603
594 4609
595 4615
596 4621
597 4627
598 4633
599 4639
600 4645
601 4651
602 4657
603 4663
604 4669
605 4675
606 4681
607 4687
608 4693
609 4699
610 4705
611 4711
612 4717
613 4723
614 4729
615 4735
616 4741
617 4747
618 4753
619 4759
620 4765
621 4771
622 4777
623 4783
624 4789
625 4795
626 4801
627 4807
628 4813
629 4819
630 4825
631 4831
632 4837
633 4843
634 4849
635 4855
636 4856
637 4862
638 4868
639 4874
645 4877
646 4881
647 4884
648 4890
649 4895
650 4901
651 4904
652 4907
653 4913
654 4919
655 4925
656 4931
657 4937
658 4943
659 4949
660 4955
661 4961
662 4967
663 4973
664 4979
665 4985
666 4991
667 4997
668 5003
669 5009
670 5015
671 5021
672 5027
673 5033
674 5039
675 5045
676 5051
677 5057
678 5063
679 5069
680 5075
681 5081
682 5087
683 5093
684 5099
685 5105
686 5111
687 5117
688 5123
689 5129
690 5135
691 5141
692 5147
693 5153
694 5159
695 5165
696 5171
697 5177
698 5183
699 5189
700 5195
701 5201
702 5207
703 5213
704 5219
705 5225
706 5231
707 5237
708 5243
709 5249
710 5255
711 5261
712 5267
713 5273
714 5279
715 5285
716 5291
717 5297
718 5303
719 5309
720 5315
721 5321
722 5327
723 5333
724 5339
725 5345
726 5351
727 5357
728 5363
729 5369
730 5375
731 5381
732 5387
733 5393
734 5399
735 5405
736 5411
737 5417
738 5423
739 5429
740 5435
741 5441
742 5447
743 5453
744 5459
745 5465
746 5471
747 5477
748 5483
749 5489
750 5495
751 5501
752 5507
753 5513
754 5519
755 5525
756 5531
757 5537
758 5543
759 5549
760 5555
761 5561
762 5567
763 5573
764 5579
765 5585
766 5591
767 5597
768 5603
769 5609
770 5615
771 5621
772 5627
773 5633
774 5639
775 5645
776 5651
777 5657
778 5663
779 5669
780 5675
781 5681
782 5687
783 5693
784 5699
787 5704
790 5705
791 5710
793 5714
794 5719
795 5725
796 5731
797 5737
798 5743
799 5749
800 5755
801 5761
802 5767
803 5773
804 5779
805 5785
806 5791
807 5797
808 5803
809 5809
810 5815
811 5821
812 5827
813 5833
814 5839
815 5842
816 5848
817 5854
818 5860
819 5866
820 5872
821 5878
822 5884
823 5890
824 5896
825 5902
826 5908
827 5914
828 5920
829 5926
830 5932
831 5938
832 5944
833 5950
834 5956
835 5962
836 5968
837 5974
838 5980
839 5986
840 5992
841 5998
842 6004
843 6010
844 6016
845 6022
846 6028
847 6034
848 6040
849 6046
850 6052
851 6058
852 6064
853 6070
854 6076
855 6082
856 6088
857 6094
858 6100
859 6106
860 6112
861 6118
862 6124
863 6130
864 6136
865 6142
866 6148
867 6154
868 6160
869 6166
870 6172
871 6178
872 6184
873 6190
874 6196
875 6202
876 6208
877 6214
878 6220
879 6226
880 6232
881 6238
882 6244
883 6250
884 6256
885 6262
886 6268
887 6274
888 6280
889 6286
890 6292
891 6298
892 6304
893 6310
894 6316
895 6322
896 6328
897 6334
898 6340
899 6346
900 6352
901 6358
902 6364
903 6370
904 6376
905 6382
906 6388
907 6394
908 6400
909 6406
910 6412
911 6418
912 6424
913 6430
914 6436
915 6442
916 6448
917 6454
918 6460
919 6466
920 6472
921 6478
922 6484
923 6490
924 6496
925 6502
926 6508
927 6514
928 6520
929 6526
930 6532
931 6538
932 6544
933 6550
934 6556
935 6562
936 6567
937 6569
938 6575
939 6581
940 6587
941 6593
943 6600
944 6606
945 6612
946 6618
947 6624
948 6630
949 6636
950 6642
951 6648
952 6654
953 6660
954 6666
955 6672
956 6678
957 6684
958 6691
959 6697
960 6703
961 6709
962 6715
963 6721
964 6727
965 6733
966 6738
967 6744
968 6750
969 6756
970 6762
971 6768
972 6774
973 6780
974 6786
975 6792
976 6798
977 6804
978 6810
979 6816
980 6822
981 6828
982 6834
983 6840
984 6846
985 6852
986 6858
987 6864
988 6870
989 6876
990 6882
991 6888
992 6894
993 6900
994 6906
995 6912
996 6918
997 6924
998 6930
999 6936
1000 6942
1001 6948
1002 6954
1003 6960
1004 6966
1005 6972
1006 6978
1007 6985
1008 6991
1009 6997
1010 7003
1011 7009
1012 7015
1013 7021
1014 7027
1015 7033
1016 7039
1017 7045
1018 7051
1019 7057
1020 7063
1021 7069
1022 7075
1023 7080
1024 7086
1025 7092
1026 7098
1027 7104
1028 7110
1029 7116
1030 7122
1031 7128
1032 7134
1033 7140
1034 7146
1035 7152
1036 7158
1037 7164
1038 7170
1039 7176
1040 7182
1041 7188
1042 7194
1043 7200
1044 7206
1045 7212
1046 7218
1047 7224
1048 7230
1049 7236
1050 7242
1051 7248
1052 7254
1053 7260
1054 7266
1055 7272
1056 7278
1057 7284
1058 7290
1059 7296
1060 7302
1061 7308
1062 7314
1063 7320
1064 7326
1065 7332
1066 7338
1067 7344
1068 7350
1069 7356
1070 7362
1071 7368
1072 7374
1073 7380
1074 7386
1075 7392
1076 7398
1077 7404
1078 7410
1079 7416
1080 7422
1081 7428
1082 7434
1083 7440
1084 7446
1085 7452
1086 7458
1087 7464
1088 7470
1089 7476
1090 7482
1091 7488
1092 7494
1093 7500
1094 7506
1095 7512
1096 7518
1097 7524
1098 7530
1099 7536
1100 7542
1101 7548
1102 7554
1103 7560
1104 7566
1105 7572
1106 7578
1107 7584
1108 7590
1109 7596
1110 7602
1111 7608
1112 7614
1113 7620
1114 7626
1115 7632
1116 7638
1117 7644
1134 7645
1135 7649
1136 7655
1137 7661
1138 7667
1139 7673
1140 7679
1141 7685
1142 7691
1143 7697
1144 7703
1145 7706
1146 7712
1147 7718
1148 7724
1149 7730
1150 7736
1151 7742
1152 7748
1153 7754
1154 7761
1155 7767
1156 7773
1157 7779
1158 7785
1159 7791
1160 7797
1161 7803
1162 7809
1163 7815
1164 7821
1165 7827
1166 7833
1167 7839
1168 7845
1169 7851
1170 7857
1171 7863
1172 7869
1173 7875
1174 7881
1175 7887
1176 7893
1177 7899
1178 7905
1179 7911
1180 7917
1181 7923
1182 7929
1183 7935
1184 7941
1185 7947
1186 7953
1187 7958
1188 7964
1189 7970
1190 7976
1191 7982
1192 7988
1193 7994
1194 8000
1195 8007
1196 8013
1197 8019
1198 8025
1199 8031
1200 8037
1201 8043
1202 8049
1203 8055
1204 8061
1205 8067
1206 8073
1207 8079
1208 8085
1209 8091
1210 8097
1211 8102
1212 8108
1213 8114
1214 8120
1215 8126
1216 8132
1217 8138
1218 8144
1219 8150
1220 8156
1221 8162
1222 8168
1223 8174
1224 8180
1225 8186
1226 8192
1227 8198
1228 8204
1229 8210
1230 8216
1231 8222
1232 8228
1233 8234
1234 8240
1235 8246
1236 8253
1237 8259
1238 8265
1239 8271
1240 8277
1241 8283
1242 8289
1243 8295
1244 8300
1245 8306
1246 8312
1247 8318
1248 8324
1249 8330
1250 8336
1251 8342
1252 8348
1253 8354
1254 8360
1255 8366
1256 8372
1257 8378
1258 8384
1259 8390
1260 8396
1261 8402
1262 8408
1263 8414
1264 8420
1265 8426
1266 8432
1267 8438
1268 8444
1269 8450
1270 8455
1271 8459
1272 8465
1273 8471
1274 8477
1275 8483
1276 8489
1277 8495
1278 8501
1279 8507
1280 8513
1281 8519
1282 8525
1283 8531
1284 8537
1285 8543
1286 8549
1287 8555
1288 8561
1289 8567
1290 8573
1291 8579
1292 8585
1293 8592
1294 8598
1295 8604
1296 8610
1297 8616
1298 8622
1299 8628
1300 8634
1301 8640
1302 8646
1303 8652
1304 8658
1305 8664
1306 8670
1307 8676
1308 8682
1309 8687
1310 8693
1311 8699
1312 8705
1313 8711
1314 8717
1315 8723
1316 8729
1317 8735
1318 8742
1319 8748
1320 8754
1321 8760
1322 8766
1323 8772
1324 8778
1325 8784
1326 8790
1327 8796
1328 8802
1329 8808
1330 8814
1331 8820
1332 8826
1333 8832
1334 8838
1335 8844
1336 8850
1337 8856
1338 8862
1339 8868
1340 8874
1341 8880
1342 8886
1343 8892
1344 8898
1345 8904
1346 8910
1347 8916
1348 8922
1349 8928
1350 8934
1351 8940
1352 8946
1353 8952
1354 8958
1355 8964
1356 8970
1357 8976
1358 8982
1359 8988
1360 8994
1361 9000
1362 9006
1363 9012
1364 9018
1365 9024
1366 9030
1367 9036
1368 9042
1369 9048
1370 9054
1371 9060
1372 9066
1373 9072
1374 9078
1375 9084
1376 9090
1377 9096
1378 9102
1379 9108
1380 9114
1381 9120
1382 9126
1383 9132
1384 9138
1385 9144
1386 9150
1387 9156
1388 9162
1389 9168
1390 9174
1391 9180
1392 9186
1393 9192
1394 9198
1395 9204
1396 9210
1397 9216
1398 9222
1399 9228
1400 9234
1401 9240
1402 9246
1403 9252
1404 9258
1405 9264
1406 9270
1407 9276
1408 9282
1409 9288
1410 9294
1411 9300
1412 9306
1413 9312
1414 9318
1415 9324
1416 9330
1417 9336
1418 9342
1419 9348
1420 9354
1421 9360
1422 9366
1423 9372
1424 9378
1425 9384
1426 9390
1427 9396
1428 9402
1429 9408
1430 9414
1431 9420
1432 9426
1433 9432
1434 9438
1435 9444
1436 9450
1437 9456
1438 9462
1439 9468
1440 9474
1441 9480
1442 9486
1443 9492
1444 9498
1445 9504
1446 9510
1447 9516
1448 9522
1449 9527
1450 9531
1451 9537
1452 9543
1453 9549
1454 9555
1455 9561
1456 9567
1457 9573
1458 9579
1459 9585
1460 9591
1461 9597
1462 9603
1463 9609
1464 9615
1465 9621
1466 9627
1467 9633
1468 9639
1469 9645
1470 9651
1471 9657
1472 9663
1473 9669
1474 9675
1475 9681
1476 9687
1477 9693
1478 9699
1479 9705
1480 9711
1481 9717
1482 9723
1483 9729
1484 9735
1485 9741
1486 9747
1487 9753
1488 9759
1489 9765
1490 9771
1491 9777
1492 9783
1493 9789
1494 9795
1495 9801
1496 9807
1497 9813
1498 9819
1499 9825
1500 9831
1501 9837
1502 9843
1503 9849
1504 9855
1505 9861
1506 9867
1507 9873
1508 9879
1509 9885
1510 9891
1511 9897
1512 9903
1513 9909
1514 9915
1515 9921
1516 9927
1517 9933
1518 9939
1519 9945
1520 9951
1521 9957
1522 9962
1523 9968
1524 9974
1525 9980
1526 9986
1527 9992
1528 9998
1529 10004
1530 10011
1531 10017
1532 10023
1533 10029
1534 10035
1535 10041
1536 10047
1537 10053
1538 10059
1539 10065
1540 10071
1541 10077
1542 10083
1543 10089
1544 10095
1545 10101
1546 10106
1547 10112
1548 10118
1549 10124
1550 10130
1551 10136
1552 10142
1553 10148
1554 10155
1555 10161
1556 10167
1557 10173
1558 10179
1559 10185
1560 10191
1561 10197
1562 10203
1563 10209
1564 10215
1565 10221
1566 10227
1567 10233
1568 10239
1569 10245
1570 10251
1571 10257
1572 10263
1573 10269
1574 10275
1575 10281
1576 10287
1577 10293
1578 10299
1579 10305
1580 10311
1581 10317
1582 10323
1583 10329
1584 10335
1585 10341
1586 10347
1587 10353
1588 10359
1589 10365
1590 10371
1591 10377
1592 10383
1593 10389
1594 10395
1595 10401
1596 10407
1597 10413
1598 10419
1599 10425
1600 10431
1601 10437
1602 10443
1603 10449
1604 10455
1605 10461
1606 10467
1607 10473
1608 10479
1609 10485
1610 10491
1611 10497
1612 10503
1613 10509
1614 10515
1615 10521
1616 10527
1617 10533
1618 10539
1619 10545
1620 10551
1621 10557
1622 10563
1623 10569
1624 10575
1625 10581
1626 10587
1627 10593
1628 10599
1629 10605
1630 10611
1631 10617
1632 10623
1633 10629
1634 10635
1635 10641
1636 10647
1637 10653
1638 10659
1639 10665
1640 10671
1641 10677
1642 10683
1643 10689
1644 10695
1645 10701
1646 10707
1647 10713
1648 10719
1649 10725
1650 10731
1651 10737
1652 10743
1653 10749
1654 10755
1655 10761
1656 10767
1657 10773
1658 10779
1659 10785
1660 10791
1661 10797
1662 10803
1663 10809
1664 10815
1665 10821
1666 10827
1667 10833
1668 10839
1669 10845
1670 10851
1671 10857
1672 10863
1673 10869
1674 10875
1675 10881
1676 10887
1677 10893
1678 10899
1679 10905
1680 10911
1681 10917
1682 10923
1683 10929
1684 10935
1685 10941
1686 10947
1687 10953
1688 10959
1689 10965
1690 10971
1691 10977
1692 10983
1693 10989
1694 10995
1695 11001
1696 11007
1697 11013
1698 11019
1699 11025
1700 11031
1701 11037
1702 11043
1703 11049
1704 11055
1705 11061
1706 11067
1707 11073
1708 11079
1709 11085
1710 11091
1711 11097
1712 11103
1713 11109
1714 11115
1715 11121
1716 11127
1717 11133
1718 11139
1719 11145
1720 11151
1721 11157
1722 11163
1723 11169
1724 11175
1725 11181
1726 11187
1727 11193
1728 11199
1729 11205
1730 11211
1731 11217
1732 11223
1733 11229
1734 11235
1735 11241
1736 11247
1737 11253
1738 11259
1739 11265
1740 11271
1741 11277
1742 11283
1743 11289
1744 11295
1745 11301
1746 11307
1747 11313
1748 11319
1749 11325
1750 11331
1751 11337
1752 11343
1753 11349
1754 11355
1755 11361
1756 11367
1757 11373
1758 11379
1759 11385
1760 11391
1761 11397
1762 11403
1763 11409
1764 11415
1765 11421
1766 11427
1767 11433
1768 11439
1769 11445
1770 11451
1771 11457
1772 11463
1773 11469
1774 11475
1775 11481
1776 11487
1777 11493
1778 11499
1779 11505
1780 11511
1781 11517
1782 11523
1783 11529
1784 11535
1785 11541
1786 11547
1787 11553
1788 11559
1789 11565
1790 11571
1791 11577
1792 11583
1814 11589
1815 11595
1816 11601
1817 11607
1818 11613
1819 11619
1820 11625
1821 11631
1822 11637
1823 11643
1824 11649
1825 11655
1826 11661
1827 11667
1828 11673
1829 11679
1830 11685
1831 11691
1832 11697
1833 11703
1834 11709
1835 11715
1836 11721
1837 11727
1838 11733
1839 11739
1840 11745
1841 11751
1842 11757
1843 11763
1844 11769
1845 11775
1846 11781
1847 11787
1848 11793
1849 11799
1850 11805
1851 11811
1852 11817
1853 11823
1854 11829
1855 11835
1856 11841
1857 11847
1858 11853
1859 11859
1860 11865
1861 11871
1862 11877
1863 11883
1864 11889
1865 11895
1866 11901
1867 11907
1868 11913
1869 11919
1870 11925
1871 11931
1872 11937
1873 11943
1874 11949
1875 11955
1876 11961
1877 11967
1878 11973
1879 11979
1880 11985
1881 11991
1882 11997
1883 12003
1884 12009
1885 12015
1886 12021
1887 12027
1888 12033
1889 12039
1890 12045
1891 12051
1892 12057
1893 12063
1894 12069
1895 12075
1896 12081
1897 12087
1898 12093
1899 12099
1900 12105
1901 12111
1902 12117
1903 12123
1904 12129
1905 12135
1906 12141
1907 12147
1908 12153
1909 12159
1910 12165
1911 12171
1912 12177
1913 12183
1914 12189
1915 12195
1916 12201
1917 12207
1918 12213
1919 12219
1920 12225
1921 12231
1922 12237
1923 12243
1924 12249
1925 12255
1926 12261
1927 12267
1928 12273
1929 12279
1930 12285
1931 12291
1932 12297
1933 12303
1934 12309
1935 12315
1936 12321
1937 12327
1938 12333
1939 12339
1940 12345
1941 12351
1942 12357
1943 12363
1944 12369
1945 12375
1946 12381
1947 12387
1948 12393
1949 12399
1950 12405
1951 12411
1952 12417
1953 12423
1954 12429
1955 12435
1956 12441
1957 12447
1958 12453
1959 12459
1960 12465
1961 12471
1962 12477
1963 12483
1964 12489
1965 12495
1966 12501
1967 12507
1968 12513
1969 12519
1970 12525
1971 12531
1972 12537
1973 12543
1974 12549
1975 12555
1976 12561
1977 12567
1978 12573
1979 12579
1980 12585
1981 12591
1982 12597
1983 12603
1984 12609
1985 12615
1986 12621
1987 12627
1988 12633
1989 12639
1990 12645
1991 12651
1992 12657
1993 12663
1994 12669
1995 12675
1996 12681
1997 12687
1998 12693
1999 12699
2000 12705
2001 12711
2002 12717
2003 12723
2004 12729
2005 12735
2006 12741
2007 12747
2008 12753
2009 12759
2010 12765
2011 12771
2012 12777
2013 12783
2014 12789
2015 12795
2016 12801
2017 12807
2018 12810
2019 12815
2020 12821
2021 12827
2022 12833
2023 12839
2024 12845
2025 12851
2026 12857
2027 12863
2028 12869
2029 12875
2030 12881
2031 12887
2032 12893
2033 12899
2034 12905
2035 12908
2036 12914
2037 12920
2038 12926
2039 12932
2040 12938
2041 12944
2042 12950
2043 12956
2044 12962
2045 12968
2046 12974
2047 12980
2048 12986
2049 12992
2050 12998
2051 13004
2052 13010
2053 13016
2054 13022
2055 13028
2056 13034
2057 13040
2058 13046
2059 13052
2060 13058
2061 13064
2062 13070
2063 13076
2064 13082
2065 13088
2066 13094
2067 13100
2068 13106
2069 13112
2070 13118
2071 13124
2072 13130
2073 13136
2074 13142
2075 13148
2076 13154
2077 13160
2078 13166
2079 13172
2080 13178
2081 13184
2082 13190
2083 13196
2084 13202
2085 13208
2086 13214
2087 13220
2088 13226
2089 13232
2090 13238
2091 13244
2092 13250
2093 13256
2094 13262
2095 13268
2096 13274
2097 13280
2098 13286
2099 13292
2100 13298
2101 13304
2102 13310
2103 13316
2104 13322
2105 13328
2106 13334
2107 13340
2108 13346
2109 13352
2110 13358
2111 13364
2112 13370
2113 13376
2114 13382
2115 13388
2116 13394
2117 13400
2118 13406
2119 13412
2120 13418
2121 13424
2122 13430
2123 13436
2124 13442
2125 13448
2126 13454
2127 13460
2128 13466
2129 13472
2130 13478
2131 13484
2132 13490
2133 13496
2134 13502
2135 13508
2136 13514
2137 13520
2138 13526
2139 13532
2140 13538
2141 13544
2142 13550
2143 13556
2144 13562
2145 13568
2146 13574
2147 13580
2148 13586
2149 13592
2150 13598
2151 13604
2152 13610
2153 13616
2154 13622
2155 13628
2156 13634
2157 13640
2158 13646
2159 13652
2160 13658
2161 13664
2162 13670
2163 13676
2164 13682
2165 13688
2166 13694
2167 13700
2168 13706
2169 13712
2170 13718
2171 13724
2172 13730
2173 13736
2174 13742
2175 13748
2176 13754
2177 13760
2178 13766
2179 13772
2180 13778
2181 13784
2182 13790
2183 13796
2184 13802
2185 13808
2186 13814
2187 13820
2188 13826
2189 13832
2190 13838
2191 13844
2192 13850
2193 13856
2194 13862
2195 13868
2196 13874
2197 13880
2198 13886
2199 13892
2200 13898
2201 13904
2202 13910
2203 13916
2204 13922
2205 13928
2206 13934
2207 13940
2208 13946
2209 13952
2210 13958
2211 13964
2212 13967
2213 13973
2214 13979
2215 13985
2216 13988
2217 13994
2218 14000
2219 14006
2220 14012
2221 14018
2222 14024
2223 14027
2224 14033
2225 14039
2226 14045
2227 14051
2228 14057
2229 14063
2230 14069
2231 14075
2232 14081
2233 14087
2234 14093
2235 14099
2236 14105
2237 14111
2238 14117
2239 14122
2240 14123
2241 14124
2242 14125
2243 14126
2244 14130
2245 14136
2246 14139
2247 14145
2248 14151
2249 14157
2250 14163
2251 14169
2252 14175
2253 14181
2254 14187
2255 14193
2256 14199
2257 14205
2258 14211
2259 14217
2260 14223
2261 14229
2262 14235
2263 14241
2264 14247
2265 14253
2266 14259
2267 14265
2268 14271
2269 14277
2270 14283
2271 14289
2272 14295
2273 14301
2274 14307
2275 14313
2276 14319
2277 14325
2278 14331
2279 14337
2280 14343
2281 14349
2282 14355
2283 14361
2284 14367
2285 14373
2286 14379
2287 14385
2288 14391
2289 14397
2290 14403
2291 14409
2292 14415
2293 14421
2294 14427
2295 14433
2296 14439
2297 14445
2298 14451
2299 14457
2300 14463
2301 14469
2302 14475
2303 14481
2304 14487
2305 14493
2306 14499
2307 14505
2308 14511
2309 14517
2310 14523
2311 14529
2312 14535
2313 14541
2314 14547
2315 14553
2316 14559
2317 14565
2318 14571
2319 14577
2320 14583
2321 14589
2322 14595
2323 14601
2324 14607
2325 14613
2326 14619
2327 14625
2328 14631
2329 14637
2330 14643
2331 14649
2332 14655
2333 14661
2334 14667
2335 14673
2336 14679
2337 14685
2338 14691
2339 14697
2340 14703
2341 14709
2342 14715
2343 14721
2344 14727
2345 14733
2346 14739
2347 14745
2348 14751
2349 14757
2350 14763
2351 14769
2352 14775
2353 14781
2354 14787
2355 14793
2356 14799
2357 14805
2358 14811
2359 14817
2360 14823
2361 14829
2362 14835
2363 14841
2364 14847
2365 14853
2366 14859
2367 14865
2368 14871
2369 14877
2370 14883
2371 14889
2372 14895
2373 14901
2374 14907
2375 14913
2376 14919
2377 14925
2378 14931
2379 14937
2380 14943
2381 14949
2382 14955
2383 14961
2384 14967
2385 14973
2386 14979
2387 14985
2388 14991
2389 14997
2390 15003
2391 15009
2392 15015
2393 15021
2394 15027
2395 15033
2396 15039
2397 15045
2398 15051
2399 15057
2400 15063
2401 15069
2402 15075
2403 15081
2404 15087
2405 15093
2406 15099
2407 15105
2408 15111
2409 15117
2410 15123
2411 15129
2412 15135
2413 15141
2414 15147
2415 15153
2416 15159
2417 15165
2418 15171
2419 15177
2420 15183
2421 15189
2422 15195
2423 15201
2424 15207
2425 15213
2426 15219
2427 15225
2428 15231
2429 15237
2430 15243
2431 15249
2432 15255
2433 15261
2434 15267
2435 15273
2436 15279
2437 15285
2438 15291
2439 15297
2440 15303
2441 15309
2442 15315
2443 15321
2444 15327
2445 15333
2446 15339
2447 15345
2448 15351
2449 15357
2450 15363
2451 15369
2452 15375
2453 15381
2454 15387
2455 15393
2456 15399
2457 15405
2458 15411
2459 15417
2460 15423
2461 15429
2462 15435
2463 15441
2464 15447
2465 15453
2466 15459
2467 15465
2468 15471
2469 15477
2470 15483
2471 15489
2472 15495
2473 15501
2474 15507
2475 15513
2476 15519
2477 15525
2478 15531
2479 15537
2480 15543
2481 15549
2482 15555
2483 15561
2484 15567
2485 15573
2486 15579
2487 15585
2488 15591
2489 15597
2490 15603
2491 15609
2492 15615
2493 15621
2494 15627
2495 15633
2496 15639
2497 15645
2498 15651
2499 15657
2500 15663
2501 15669
2502 15675
2503 15681
2504 15687
2505 15693
2506 15699
2507 15705
2508 15711
2509 15717
2510 15723
2511 15729
2512 15735
2513 15741
2514 15747
2515 15753
2516 15759
2517 15765
2518 15771
2519 15777
2520 15783
2521 15789
2522 15795
2523 15801
2524 15807
2525 15813
2526 15819
2527 15825
2528 15831
2529 15837
2530 15843
2531 15849
2532 15855
2533 15861
2534 15867
2535 15873
2536 15879
2537 15885
2538 15891
2539 15897
2540 15903
2541 15909
2542 15915
2543 15921
2544 15927
2545 15933
2546 15939
2547 15945
2548 15951
2549 15957
2550 15963
2551 15969
2552 15975
2553 15981
2554 15987
2555 15993
2556 15999
2557 16005
2558 16011
2559 16017
2560 16023
2561 16029
2562 16035
2563 16041
2564 16047
2565 16053
2566 16059
2567 16065
2568 16071
2569 16077
2570 16083
2571 16089
2572 16095
2573 16101
2574 16107
2575 16113
2576 16119
2577 16125
2578 16131
2579 16137
2580 16143
2581 16149
2582 16155
2583 16161
2584 16167
2585 16173
2586 16179
2587 16185
2588 16191
2589 16197
2590 16203
2591 16209
2592 16215
2593 16221
2594 16227
2595 16233
2596 16239
2597 16245
2598 16251
2599 16257
2600 16263
2601 16269
2602 16275
2603 16281
2604 16287
2605 16293
2606 16299
2607 16305
2608 16311
2609 16317
2610 16323
2611 16329
2612 16335
2613 16341
2614 16347
2615 16353
2616 16359
2617 16365
2618 16371
2619 16377
2620 16383
2621 16389
2622 16395
2623 16401
2624 16407
2625 16413
2626 16419
2627 16425
2628 16431
2629 16437
2630 16443
2631 16449
2632 16455
2633 16461
2634 16467
2635 16473
2636 16479
2637 16485
2638 16491
2639 16497
2640 16503
2641 16509
2642 16515
2643 16521
2644 16527
2645 16533
2646 16539
