0 961
1 967
2 973
3 979
4 985
5 991
6 997
7 1003
8 1009
9 1015
10 1021
11 1027
12 1033
13 1039
14 1045
15 1051
16 1057
17 1063
18 1069
19 1075
20 1081
21 1087
22 1093
23 1099
24 1105
25 1111
26 1117
27 1123
28 1129
29 1135
30 1141
31 1147
32 1153
33 1159
34 1165
35 1171
36 1177
37 1183
38 1189
39 1195
40 1201
41 1207
42 1213
43 1219
44 1225
45 1231
46 1237
47 1243
48 1249
49 1255
50 1261
51 1267
52 1273
53 1279
54 1285
55 1291
56 1297
57 1303
58 1309
59 1315
60 1321
61 1327
62 1333
63 1339
64 1345
65 1351
66 1357
67 1363
68 1369
69 1375
70 1381
71 1387
72 1393
73 1399
74 1405
75 1411
76 1417
77 1423
78 1429
79 1435
80 1441
81 1447
82 1453
83 1459
84 1465
85 1471
86 1477
87 1483
88 1489
89 1495
90 1501
91 1507
92 1513
93 1519
94 1525
95 1531
96 1537
97 1543
98 1549
99 1555
100 1561
101 1567
102 1573
103 1579
104 1585
105 1591
106 1597
107 1603
108 1609
109 1615
110 1621
111 1627
112 1633
113 1639
114 1645
115 1651
116 1657
117 1663
118 1669
119 1675
120 1681
121 1687
122 1693
123 1699
124 1705
125 1711
126 1717
127 1723
128 1729
129 1735
130 1741
131 1747
132 1753
133 1759
134 1765
135 1771
136 1777
137 1783
138 1789
139 1795
140 1801
141 1807
142 1813
143 1819
144 1825
145 1831
146 1837
147 1843
148 1849
149 1855
150 1861
151 1867
152 1873
153 1879
154 1885
155 1891
156 1897
157 1903
158 1909
159 1915
160 1921
161 1927
162 1933
163 1939
164 1945
165 1951
166 1957
167 1963
168 1969
169 1975
170 1981
171 1987
172 1993
173 1999
174 2005
175 2011
176 2017
177 2023
178 2029
179 2035
180 2041
181 2047
182 2053
183 2059
184 2065
185 2071
186 2077
187 2083
188 2089
189 2095
190 2101
191 2107
192 2113
193 2119
194 2125
195 2131
196 2137
197 2143
198 2149
199 2155
200 2161
201 2167
202 2173
203 2179
204 2185
205 2191
206 2197
207 2203
208 2209
209 2215
210 2221
211 2227
212 2233
213 2239
214 2245
215 2251
216 2257
217 2263
218 2269
219 2275
220 2281
221 2287
222 2293
223 2299
224 2305
225 2311
226 2317
227 2323
228 2329
229 2335
230 2341
231 2347
232 2353
233 2359
234 2365
235 2371
236 2377
237 2383
238 2389
239 2395
240 2401
241 2407
242 2413
243 2419
244 2425
245 2431
246 2437
247 2443
248 2449
249 2455
250 2461
251 2467
252 2473
253 2479
254 2485
255 2491
256 2497
257 2503
258 2509
259 2515
260 2521
261 2527
262 2533
263 2539
264 2545
265 2551
266 2557
267 2563
268 2569
269 2575
270 2581
271 2587
272 2593
273 2599
274 2605
275 2611
276 2617
277 2623
278 2629
279 2635
280 2641
281 2647
282 2653
283 2659
284 2665
285 2671
286 2677
287 2683
288 2689
289 2695
290 2701
291 2707
292 2713
293 2719
294 2725
295 2731
296 2737
297 2743
298 2749
299 2755
300 2761
301 2767
302 2773
303 2779
304 2785
305 2791
306 2797
307 2803
308 2809
309 2815
310 2821
311 2827
312 2833
313 2839
314 2845
315 2851
316 2857
317 2863
318 2869
319 2875
320 2881
321 2887
322 2893
323 2899
324 2905
325 2911
326 2917
327 2923
328 2929
329 2935
330 2941
331 2947
332 2953
333 2959
334 2965
335 2971
336 2977
337 2983
338 2989
339 2995
340 3001
341 3007
342 3013
343 3019
344 3025
345 3031
346 3037
347 3043
348 3049
349 3055
350 3061
351 3067
352 3073
353 3079
354 3085
355 3091
356 3097
357 3103
358 3109
359 3115
360 3121
361 3127
362 3133
363 3139
364 3145
365 3151
366 3157
367 3163
368 3169
369 3175
370 3181
371 3187
372 3193
373 3199
374 3205
375 3211
376 3217
377 3223
378 3229
379 3235
380 3241
381 3247
382 3253
383 3259
384 3265
385 3271
386 3277
387 3283
388 3289
389 3295
390 3301
391 3307
392 3313
393 3319
394 3325
395 3331
396 3337
397 3343
398 3349
399 3355
400 3361
401 3367
402 3373
403 3379
404 3385
405 3391
406 3397
407 3403
408 3409
409 3415
410 3421
411 3427
412 3433
413 3439
414 3445
415 3451
416 3457
417 3463
418 3469
419 3475
420 3481
421 3487
422 3493
423 3499
424 3505
425 3511
426 3517
427 3523
428 3529
429 3535
430 3541
431 3547
432 3553
433 3559
434 3565
435 3571
436 3577
437 3583
438 3589
439 3595
440 3601
441 3607
442 3613
443 3619
444 3625
445 3631
446 3637
447 3643
448 3649
449 3655
450 3661
451 3667
452 3673
453 3679
454 3685
455 3691
456 3697
457 3703
458 3709
459 3715
460 3721
461 3727
462 3733
463 3739
464 3745
465 3751
466 3757
467 3763
468 3769
469 3775
470 3781
471 3787
472 3793
473 3799
474 3805
475 3811
476 3817
477 3823
478 3829
479 3835
480 3841
481 3847
482 3853
483 3859
484 3865
485 3871
486 3877
487 3883
488 3889
489 3895
490 3901
491 3907
492 3913
493 3919
494 3925
495 3931
496 3937
497 3943
498 3949
499 3955
500 3961
501 3967
502 3973
503 3979
504 3985
505 3991
506 3997
507 4003
508 4009
509 4015
510 4021
511 4027
512 4033
513 4039
514 4045
515 4051
516 4057
517 4063
518 4069
519 4075
520 4081
521 4087
522 4093
523 4099
524 4105
525 4111
526 4117
527 4123
528 4129
529 4135
530 4141
531 4147
532 4153
533 4159
534 4165
535 4171
536 4177
537 4183
538 4189
539 4195
540 4201
541 4207
542 4213
543 4219
544 4225
545 4231
546 4237
547 4243
548 4249
549 4255
550 4261
551 4267
552 4273
553 4279
554 4285
555 4291
556 4297
557 4303
558 4309
559 4315
560 4321
561 4327
562 4333
563 4339
564 4345
565 4351
566 4357
567 4363
568 4369
569 4375
570 4381
571 4387
572 4393
573 4399
574 4405
575 4411
576 4417
577 4423
578 4429
579 4435
580 4441
581 4447
582 4453
583 4459
584 4465
585 4471
586 4477
587 4483
588 4489
589 4495
590 4501
591 4507
592 4513
593 4519
594 4525
595 4531
596 4537
597 4543
598 4549
599 4555
600 4561
601 4567
602 4573
603 4579
604 4585
605 4591
606 4597
607 4603
608 4609
609 4615
610 4621
611 4627
612 4633
613 4639
614 4645
615 4651
616 4657
617 4663
618 4669
619 4675
620 4681
621 4687
622 4693
623 4699
624 4705
625 4711
626 4717
627 4723
628 4729
629 4735
630 4741
631 4747
632 4753
633 4759
634 4765
635 4771
636 4777
637 4783
638 4789
639 4795
640 4801
641 4807
642 4813
643 4819
644 4825
645 4831
646 4837
647 4843
648 4849
649 4855
650 4856
651 4862
652 4868
653 4874
659 4877
660 4881
661 4884
662 4890
663 4895
664 4901
665 4904
666 4907
667 4913
668 4919
669 4925
670 4931
671 4937
672 4943
673 4949
674 4955
675 4961
676 4967
677 4973
678 4979
679 4985
680 4991
681 4997
682 5003
683 5009
684 5015
685 5021
686 5027
687 5033
688 5039
689 5045
690 5051
691 5057
692 5063
693 5069
694 5075
695 5081
696 5087
697 5093
698 5099
699 5105
700 5111
701 5117
702 5123
703 5129
704 5135
705 5141
706 5147
707 5153
708 5159
709 5165
710 5171
711 5177
712 5183
713 5189
714 5195
715 5201
716 5207
717 5213
718 5219
719 5225
720 5231
721 5237
722 5243
723 5249
724 5255
725 5261
726 5267
727 5273
728 5279
729 5285
730 5291
731 5297
732 5303
733 5309
734 5315
735 5321
736 5327
737 5333
738 5339
739 5345
740 5351
741 5357
742 5363
743 5369
744 5375
745 5381
746 5387
747 5393
748 5399
749 5405
750 5411
751 5417
752 5423
753 5429
754 5435
755 5441
756 5447
757 5453
758 5459
759 5465
760 5471
761 5477
762 5483
763 5489
764 5495
765 5501
766 5507
767 5513
768 5519
769 5525
770 5531
771 5537
772 5543
773 5549
774 5555
775 5561
776 5567
777 5573
778 5579
779 5585
780 5591
781 5597
782 5603
783 5609
784 5615
785 5621
786 5627
787 5633
788 5639
789 5645
790 5651
791 5657
792 5663
793 5669
794 5675
795 5681
796 5687
797 5693
798 5699
801 5704
804 5705
805 5710
807 5714
808 5719
809 5725
810 5731
811 5737
812 5743
813 5749
814 5755
815 5761
816 5767
817 5773
818 5779
819 5785
820 5791
821 5797
822 5803
823 5809
824 5815
825 5821
826 5827
827 5833
828 5839
829 5842
830 5848
831 5854
832 5860
833 5866
834 5872
835 5878
836 5884
837 5890
838 5896
839 5902
840 5908
841 5914
842 5920
843 5926
844 5932
845 5938
846 5944
847 5950
848 5956
849 5962
850 5968
851 5974
852 5980
853 5986
854 5992
855 5998
856 6004
857 6010
858 6016
859 6022
860 6028
861 6034
862 6040
863 6046
864 6052
865 6058
866 6064
867 6070
868 6076
869 6082
870 6088
871 6094
872 6100
873 6106
874 6112
875 6118
876 6124
877 6130
878 6136
879 6142
880 6148
881 6154
882 6160
883 6166
884 6172
885 6178
886 6184
887 6190
888 6196
889 6202
890 6208
891 6214
892 6220
893 6226
894 6232
895 6238
896 6244
897 6250
898 6256
899 6262
900 6268
901 6274
902 6280
903 6286
904 6292
905 6298
906 6304
907 6310
908 6316
909 6322
910 6328
911 6334
912 6340
913 6346
914 6352
915 6358
916 6364
917 6370
918 6376
919 6382
920 6388
921 6394
922 6400
923 6406
924 6412
925 6418
926 6424
927 6430
928 6436
929 6442
930 6448
931 6454
932 6460
933 6466
934 6472
935 6478
936 6484
937 6490
938 6496
939 6502
940 6508
941 6514
942 6520
943 6526
944 6532
945 6538
946 6544
947 6550
948 6556
949 6562
950 6567
951 6569
952 6575
953 6581
954 6587
955 6593
957 6600
958 6606
959 6612
960 6618
961 6624
962 6630
963 6636
964 6642
965 6648
966 6654
967 6660
968 6666
969 6672
970 6678
971 6684
972 6691
973 6697
974 6703
975 6709
976 6715
977 6721
978 6727
979 6733
980 6738
981 6744
982 6750
983 6756
984 6762
985 6768
986 6774
987 6780
988 6786
989 6792
990 6798
991 6804
992 6810
993 6816
994 6822
995 6828
996 6834
997 6840
998 6846
999 6852
1000 6858
1001 6864
1002 6870
1003 6876
1004 6882
1005 6888
1006 6894
1007 6900
1008 6906
1009 6912
1010 6918
1011 6924
1012 6930
1013 6936
1014 6942
1015 6948
1016 6954
1017 6960
1018 6966
1019 6972
1020 6978
1021 6985
1022 6991
1023 6997
1024 7003
1025 7009
1026 7015
1027 7021
1028 7027
1029 7033
1030 7039
1031 7045
1032 7051
1033 7057
1034 7063
1035 7069
1036 7075
1037 7080
1038 7086
1039 7092
1040 7098
1041 7104
1042 7110
1043 7116
1044 7122
1045 7128
1046 7134
1047 7140
1048 7146
1049 7152
1050 7158
1051 7164
1052 7170
1053 7176
1054 7182
1055 7188
1056 7194
1057 7200
1058 7206
1059 7212
1060 7218
1061 7224
1062 7230
1063 7236
1064 7242
1065 7248
1066 7254
1067 7260
1068 7266
1069 7272
1070 7278
1071 7284
1072 7290
1073 7296
1074 7302
1075 7308
1076 7314
1077 7320
1078 7326
1079 7332
1080 7338
1081 7344
1082 7350
1083 7356
1084 7362
1085 7368
1086 7374
1087 7380
1088 7386
1089 7392
1090 7398
1091 7404
1092 7410
1093 7416
1094 7422
1095 7428
1096 7434
1097 7440
1098 7446
1099 7452
1100 7458
1101 7464
1102 7470
1103 7476
1104 7482
1105 7488
1106 7494
1107 7500
1108 7506
1109 7512
1110 7518
1111 7524
1112 7530
1113 7536
1114 7542
1115 7548
1116 7554
1117 7560
1118 7566
1119 7572
1120 7578
1121 7584
1122 7590
1123 7596
1124 7602
1125 7608
1126 7614
1127 7620
1128 7626
1129 7632
1130 7638
1131 7644
1148 7645
1149 7649
1150 7655
1151 7661
1152 7667
1153 7673
1154 7679
1155 7685
1156 7691
1157 7697
1158 7703
1159 7706
1160 7712
1161 7718
1162 7724
1163 7730
1164 7736
1165 7742
1166 7748
1167 7754
1168 7761
1169 7767
1170 7773
1171 7779
1172 7785
1173 7791
1174 7797
1175 7803
1176 7809
1177 7815
1178 7821
1179 7827
1180 7833
1181 7839
1182 7845
1183 7851
1184 7857
1185 7863
1186 7869
1187 7875
1188 7881
1189 7887
1190 7893
1191 7899
1192 7905
1193 7911
1194 7917
1195 7923
1196 7929
1197 7935
1198 7941
1199 7947
1200 7953
1201 7958
1202 7964
1203 7970
1204 7976
1205 7982
1206 7988
1207 7994
1208 8000
1209 8007
1210 8013
1211 8019
1212 8025
1213 8031
1214 8037
1215 8043
1216 8049
1217 8055
1218 8061
1219 8067
1220 8073
1221 8079
1222 8085
1223 8091
1224 8097
1225 8102
1226 8108
1227 8114
1228 8120
1229 8126
1230 8132
1231 8138
1232 8144
1233 8150
1234 8156
1235 8162
1236 8168
1237 8174
1238 8180
1239 8186
1240 8192
1241 8198
1242 8204
1243 8210
1244 8216
1245 8222
1246 8228
1247 8234
1248 8240
1249 8246
1250 8253
1251 8259
1252 8265
1253 8271
1254 8277
1255 8283
1256 8289
1257 8295
1258 8300
1259 8306
1260 8312
1261 8318
1262 8324
1263 8330
1264 8336
1265 8342
1266 8348
1267 8354
1268 8360
1269 8366
1270 8372
1271 8378
1272 8384
1273 8390
1274 8396
1275 8402
1276 8408
1277 8414
1278 8420
1279 8426
1280 8432
1281 8438
1282 8444
1283 8450
1284 8455
1285 8459
1286 8465
1287 8471
1288 8477
1289 8483
1290 8489
1291 8495
1292 8501
1293 8507
1294 8513
1295 8519
1296 8525
1297 8531
1298 8537
1299 8543
1300 8549
1301 8555
1302 8561
1303 8567
1304 8573
1305 8579
1306 8585
1307 8592
1308 8598
1309 8604
1310 8610
1311 8616
1312 8622
1313 8628
1314 8634
1315 8640
1316 8646
1317 8652
1318 8658
1319 8664
1320 8670
1321 8676
1322 8682
1323 8687
1324 8693
1325 8699
1326 8705
1327 8711
1328 8717
1329 8723
1330 8729
1331 8735
1332 8742
1333 8748
1334 8754
1335 8760
1336 8766
1337 8772
1338 8778
1339 8784
1340 8790
1341 8796
1342 8802
1343 8808
1344 8814
1345 8820
1346 8826
1347 8832
1348 8838
1349 8844
1350 8850
1351 8856
1352 8862
1353 8868
1354 8874
1355 8880
1356 8886
1357 8892
1358 8898
1359 8904
1360 8910
1361 8916
1362 8922
1363 8928
1364 8934
1365 8940
1366 8946
1367 8952
1368 8958
1369 8964
1370 8970
1371 8976
1372 8982
1373 8988
1374 8994
1375 9000
1376 9006
1377 9012
1378 9018
1379 9024
1380 9030
1381 9036
1382 9042
1383 9048
1384 9054
1385 9060
1386 9066
1387 9072
1388 9078
1389 9084
1390 9090
1391 9096
1392 9102
1393 9108
1394 9114
1395 9120
1396 9126
1397 9132
1398 9138
1399 9144
1400 9150
1401 9156
1402 9162
1403 9168
1404 9174
1405 9180
1406 9186
1407 9192
1408 9198
1409 9204
1410 9210
1411 9216
1412 9222
1413 9228
1414 9234
1415 9240
1416 9246
1417 9252
1418 9258
1419 9264
1420 9270
1421 9276
1422 9282
1423 9288
1424 9294
1425 9300
1426 9306
1427 9312
1428 9318
1429 9324
1430 9330
1431 9336
1432 9342
1433 9348
1434 9354
1435 9360
1436 9366
1437 9372
1438 9378
1439 9384
1440 9390
1441 9396
1442 9402
1443 9408
1444 9414
1445 9420
1446 9426
1447 9432
1448 9438
1449 9444
1450 9450
1451 9456
1452 9462
1453 9468
1454 9474
1455 9480
1456 9486
1457 9492
1458 9498
1459 9504
1460 9510
1461 9516
1462 9522
1463 9527
1464 9531
1465 9537
1466 9543
1467 9549
1468 9555
1469 9561
1470 9567
1471 9573
1472 9579
1473 9585
1474 9591
1475 9597
1476 9603
1477 9609
1478 9615
1479 9621
1480 9627
1481 9633
1482 9639
1483 9645
1484 9651
1485 9657
1486 9663
1487 9669
1488 9675
1489 9681
1490 9687
1491 9693
1492 9699
1493 9705
1494 9711
1495 9717
1496 9723
1497 9729
1498 9735
1499 9741
1500 9747
1501 9753
1502 9759
1503 9765
1504 9771
1505 9777
1506 9783
1507 9789
1508 9795
1509 9801
1510 9807
1511 9813
1512 9819
1513 9825
1514 9831
1515 9837
1516 9843
1517 9849
1518 9855
1519 9861
1520 9867
1521 9873
1522 9879
1523 9885
1524 9891
1525 9897
1526 9903
1527 9909
1528 9915
1529 9921
1530 9927
1531 9933
1532 9939
1533 9945
1534 9951
1535 9957
1536 9962
1537 9968
1538 9974
1539 9980
1540 9986
1541 9992
1542 9998
1543 10004
1544 10011
1545 10017
1546 10023
1547 10029
1548 10035
1549 10041
1550 10047
1551 10053
1552 10059
1553 10065
1554 10071
1555 10077
1556 10083
1557 10089
1558 10095
1559 10101
1560 10106
1561 10112
1562 10118
1563 10124
1564 10130
1565 10136
1566 10142
1567 10148
1568 10155
1569 10161
1570 10167
1571 10173
1572 10179
1573 10185
1574 10191
1575 10197
1576 10203
1577 10209
1578 10215
1579 10221
1580 10227
1581 10233
1582 10239
1583 10245
1584 10251
1585 10257
1586 10263
1587 10269
1588 10275
1589 10281
1590 10287
1591 10293
1592 10299
1593 10305
1594 10311
1595 10317
1596 10323
1597 10329
1598 10335
1599 10341
1600 10347
1601 10353
1602 10359
1603 10365
1604 10371
1605 10377
1606 10383
1607 10389
1608 10395
1609 10401
1610 10407
1611 10413
1612 10419
1613 10425
1614 10431
1615 10437
1616 10443
1617 10449
1618 10455
1619 10461
1620 10467
1621 10473
1622 10479
1623 10485
1624 10491
1625 10497
1626 10503
1627 10509
1628 10515
1629 10521
1630 10527
1631 10533
1632 10539
1633 10545
1634 10551
1635 10557
1636 10563
1637 10569
1638 10575
1639 10581
1640 10587
1641 10593
1642 10599
1643 10605
1644 10611
1645 10617
1646 10623
1647 10629
1648 10635
1649 10641
1650 10647
1651 10653
1652 10659
1653 10665
1654 10671
1655 10677
1656 10683
1657 10689
1658 10695
1659 10701
1660 10707
1661 10713
1662 10719
1663 10725
1664 10731
1665 10737
1666 10743
1667 10749
1668 10755
1669 10761
1670 10767
1671 10773
1672 10779
1673 10785
1674 10791
1675 10797
1676 10803
1677 10809
1678 10815
1679 10821
1680 10827
1681 10833
1682 10839
1683 10845
1684 10851
1685 10857
1686 10863
1687 10869
1688 10875
1689 10881
1690 10887
1691 10893
1692 10899
1693 10905
1694 10911
1695 10917
1696 10923
1697 10929
1698 10935
1699 10941
1700 10947
1701 10953
1702 10959
1703 10965
1704 10971
1705 10977
1706 10983
1707 10989
1708 10995
1709 11001
1710 11007
1711 11013
1712 11019
1713 11025
1714 11031
1715 11037
1716 11043
1717 11049
1718 11055
1719 11061
1720 11067
1721 11073
1722 11079
1723 11085
1724 11091
1725 11097
1726 11103
1727 11109
1728 11115
1729 11121
1730 11127
1731 11133
1732 11139
1733 11145
1734 11151
1735 11157
1736 11163
1737 11169
1738 11175
1739 11181
1740 11187
1741 11193
1742 11199
1743 11205
1744 11211
1745 11217
1746 11223
1747 11229
1748 11235
1749 11241
1750 11247
1751 11253
1752 11259
1753 11265
1754 11271
1755 11277
1756 11283
1757 11289
1758 11295
1759 11301
1760 11307
1761 11313
1762 11319
1763 11325
1764 11331
1765 11337
1766 11343
1767 11349
1768 11355
1769 11361
1770 11367
1771 11373
1772 11379
1773 11385
1774 11391
1775 11397
1776 11403
1777 11409
1778 11415
1779 11421
1780 11427
1781 11433
1782 11439
1783 11445
1784 11451
1785 11457
1786 11463
1787 11469
1788 11475
1789 11481
1790 11487
1791 11493
1792 11499
1793 11505
1794 11511
1795 11517
1796 11523
1797 11529
1798 11535
1799 11541
1800 11547
1801 11553
1802 11559
1803 11565
1804 11571
1805 11577
1806 11583
1828 11589
1829 11595
1830 11601
1831 11607
1832 11613
1833 11619
1834 11625
1835 11631
1836 11637
1837 11643
1838 11649
1839 11655
1840 11661
1841 11667
1842 11673
1843 11679
1844 11685
1845 11691
1846 11697
1847 11703
1848 11709
1849 11715
1850 11721
1851 11727
1852 11733
1853 11739
1854 11745
1855 11751
1856 11757
1857 11763
1858 11769
1859 11775
1860 11781
1861 11787
1862 11793
1863 11799
1864 11805
1865 11811
1866 11817
1867 11823
1868 11829
1869 11835
1870 11841
1871 11847
1872 11853
1873 11859
1874 11865
1875 11871
1876 11877
1877 11883
1878 11889
1879 11895
1880 11901
1881 11907
1882 11913
1883 11919
1884 11925
1885 11931
1886 11937
1887 11943
1888 11949
1889 11955
1890 11961
1891 11967
1892 11973
1893 11979
1894 11985
1895 11991
1896 11997
1897 12003
1898 12009
1899 12015
1900 12021
1901 12027
1902 12033
1903 12039
1904 12045
1905 12051
1906 12057
1907 12063
1908 12069
1909 12075
1910 12081
1911 12087
1912 12093
1913 12099
1914 12105
1915 12111
1916 12117
1917 12123
1918 12129
1919 12135
1920 12141
1921 12147
1922 12153
1923 12159
1924 12165
1925 12171
1926 12177
1927 12183
1928 12189
1929 12195
1930 12201
1931 12207
1932 12213
1933 12219
1934 12225
1935 12231
1936 12237
1937 12243
1938 12249
1939 12255
1940 12261
1941 12267
1942 12273
1943 12279
1944 12285
1945 12291
1946 12297
1947 12303
1948 12309
1949 12315
1950 12321
1951 12327
1952 12333
1953 12339
1954 12345
1955 12351
1956 12357
1957 12363
1958 12369
1959 12375
1960 12381
1961 12387
1962 12393
1963 12399
1964 12405
1965 12411
1966 12417
1967 12423
1968 12429
1969 12435
1970 12441
1971 12447
1972 12453
1973 12459
1974 12465
1975 12471
1976 12477
1977 12483
1978 12489
1979 12495
1980 12501
1981 12507
1982 12513
1983 12519
1984 12525
1985 12531
1986 12537
1987 12543
1988 12549
1989 12555
1990 12561
1991 12567
1992 12573
1993 12579
1994 12585
1995 12591
1996 12597
1997 12603
1998 12609
1999 12615
2000 12621
2001 12627
2002 12633
2003 12639
2004 12645
2005 12651
2006 12657
2007 12663
2008 12669
2009 12675
2010 12681
2011 12687
2012 12693
2013 12699
2014 12705
2015 12711
2016 12717
2017 12723
2018 12729
2019 12735
2020 12741
2021 12747
2022 12753
2023 12759
2024 12765
2025 12771
2026 12777
2027 12783
2028 12789
2029 12795
2030 12801
2031 12807
2032 12810
2033 12815
2034 12821
2035 12827
2036 12833
2037 12839
2038 12845
2039 12851
2040 12857
2041 12863
2042 12869
2043 12875
2044 12881
2045 12887
2046 12893
2047 12899
2048 12905
2049 12908
2050 12914
2051 12920
2052 12926
2053 12932
2054 12938
2055 12944
2056 12950
2057 12956
2058 12962
2059 12968
2060 12974
2061 12980
2062 12986
2063 12992
2064 12998
2065 13004
2066 13010
2067 13016
2068 13022
2069 13028
2070 13034
2071 13040
2072 13046
2073 13052
2074 13058
2075 13064
2076 13070
2077 13076
2078 13082
2079 13088
2080 13094
2081 13100
2082 13106
2083 13112
2084 13118
2085 13124
2086 13130
2087 13136
2088 13142
2089 13148
2090 13154
2091 13160
2092 13166
2093 13172
2094 13178
2095 13184
2096 13190
2097 13196
2098 13202
2099 13208
2100 13214
2101 13220
2102 13226
2103 13232
2104 13238
2105 13244
2106 13250
2107 13256
2108 13262
2109 13268
2110 13274
2111 13280
2112 13286
2113 13292
2114 13298
2115 13304
2116 13310
2117 13316
2118 13322
2119 13328
2120 13334
2121 13340
2122 13346
2123 13352
2124 13358
2125 13364
2126 13370
2127 13376
2128 13382
2129 13388
2130 13394
2131 13400
2132 13406
2133 13412
2134 13418
2135 13424
2136 13430
2137 13436
2138 13442
2139 13448
2140 13454
2141 13460
2142 13466
2143 13472
2144 13478
2145 13484
2146 13490
2147 13496
2148 13502
2149 13508
2150 13514
2151 13520
2152 13526
2153 13532
2154 13538
2155 13544
2156 13550
2157 13556
2158 13562
2159 13568
2160 13574
2161 13580
2162 13586
2163 13592
2164 13598
2165 13604
2166 13610
2167 13616
2168 13622
2169 13628
2170 13634
2171 13640
2172 13646
2173 13652
2174 13658
2175 13664
2176 13670
2177 13676
2178 13682
2179 13688
2180 13694
2181 13700
2182 13706
2183 13712
2184 13718
2185 13724
2186 13730
2187 13736
2188 13742
2189 13748
2190 13754
2191 13760
2192 13766
2193 13772
2194 13778
2195 13784
2196 13790
2197 13796
2198 13802
2199 13808
2200 13814
2201 13820
2202 13826
2203 13832
2204 13838
2205 13844
2206 13850
2207 13856
2208 13862
2209 13868
2210 13874
2211 13880
2212 13886
2213 13892
2214 13898
2215 13904
2216 13910
2217 13916
2218 13922
2219 13928
2220 13934
2221 13940
2222 13946
2223 13952
2224 13958
2225 13964
2226 13967
2227 13973
2228 13979
2229 13985
2230 13988
2231 13994
2232 14000
2233 14006
2234 14012
2235 14018
2236 14024
2237 14027
2238 14033
2239 14039
2240 14045
2241 14051
2242 14057
2243 14063
2244 14069
2245 14075
2246 14081
2247 14087
2248 14093
2249 14099
2250 14105
2251 14111
2252 14117
2253 14122
2254 14123
2255 14124
2256 14125
2257 14126
2258 14130
2259 14136
2260 14139
2261 14145
2262 14151
2263 14157
2264 14163
2265 14169
2266 14175
2267 14181
2268 14187
2269 14193
2270 14199
2271 14205
2272 14211
2273 14217
2274 14223
2275 14229
2276 14235
2277 14241
2278 14247
2279 14253
2280 14259
2281 14265
2282 14271
2283 14277
2284 14283
2285 14289
2286 14295
2287 14301
2288 14307
2289 14313
2290 14319
2291 14325
2292 14331
2293 14337
2294 14343
2295 14349
2296 14355
2297 14361
2298 14367
2299 14373
2300 14379
2301 14385
2302 14391
2303 14397
2304 14403
2305 14409
2306 14415
2307 14421
2308 14427
2309 14433
2310 14439
2311 14445
2312 14451
2313 14457
2314 14463
2315 14469
2316 14475
2317 14481
2318 14487
2319 14493
2320 14499
2321 14505
2322 14511
2323 14517
2324 14523
2325 14529
2326 14535
2327 14541
2328 14547
2329 14553
2330 14559
2331 14565
2332 14571
2333 14577
2334 14583
2335 14589
2336 14595
2337 14601
2338 14607
2339 14613
2340 14619
2341 14625
2342 14631
2343 14637
2344 14643
2345 14649
2346 14655
2347 14661
2348 14667
2349 14673
2350 14679
2351 14685
2352 14691
2353 14697
2354 14703
2355 14709
2356 14715
2357 14721
2358 14727
2359 14733
2360 14739
2361 14745
2362 14751
2363 14757
2364 14763
2365 14769
2366 14775
2367 14781
2368 14787
2369 14793
2370 14799
2371 14805
2372 14811
2373 14817
2374 14823
2375 14829
2376 14835
2377 14841
2378 14847
2379 14853
2380 14859
2381 14865
2382 14871
2383 14877
2384 14883
2385 14889
2386 14895
2387 14901
2388 14907
2389 14913
2390 14919
2391 14925
2392 14931
2393 14937
2394 14943
2395 14949
2396 14955
2397 14961
2398 14967
2399 14973
2400 14979
2401 14985
2402 14991
2403 14997
2404 15003
2405 15009
2406 15015
2407 15021
2408 15027
2409 15033
2410 15039
2411 15045
2412 15051
2413 15057
2414 15063
2415 15069
2416 15075
2417 15081
2418 15087
2419 15093
2420 15099
2421 15105
2422 15111
2423 15117
2424 15123
2425 15129
2426 15135
2427 15141
2428 15147
2429 15153
2430 15159
2431 15165
2432 15171
2433 15177
2434 15183
2435 15189
2436 15195
2437 15201
2438 15207
2439 15213
2440 15219
2441 15225
2442 15231
2443 15237
2444 15243
2445 15249
2446 15255
2447 15261
2448 15267
2449 15273
2450 15279
2451 15285
2452 15291
2453 15297
2454 15303
2455 15309
2456 15315
2457 15321
2458 15327
2459 15333
2460 15339
2461 15345
2462 15351
2463 15357
2464 15363
2465 15369
2466 15375
2467 15381
2468 15387
2469 15393
2470 15399
2471 15405
2472 15411
2473 15417
2474 15423
2475 15429
2476 15435
2477 15441
2478 15447
2479 15453
2480 15459
2481 15465
2482 15471
2483 15477
2484 15483
2485 15489
2486 15495
2487 15501
2488 15507
2489 15513
2490 15519
2491 15525
2492 15531
2493 15537
2494 15543
2495 15549
2496 15555
2497 15561
2498 15567
2499 15573
2500 15579
2501 15585
2502 15591
2503 15597
2504 15603
2505 15609
2506 15615
2507 15621
2508 15627
2509 15633
2510 15639
2511 15645
2512 15651
2513 15657
2514 15663
2515 15669
2516 15675
2517 15681
2518 15687
2519 15693
2520 15699
2521 15705
2522 15711
2523 15717
2524 15723
2525 15729
2526 15735
2527 15741
2528 15747
2529 15753
2530 15759
2531 15765
2532 15771
2533 15777
2534 15783
2535 15789
2536 15795
2537 15801
2538 15807
2539 15813
2540 15819
2541 15825
2542 15831
2543 15837
2544 15843
2545 15849
2546 15855
2547 15861
2548 15867
2549 15873
2550 15879
2551 15885
2552 15891
2553 15897
2554 15903
2555 15909
2556 15915
2557 15921
2558 15927
2559 15933
2560 15939
2561 15945
2562 15951
2563 15957
2564 15963
2565 15969
2566 15975
2567 15981
2568 15987
2569 15993
2570 15999
2571 16005
2572 16011
2573 16017
2574 16023
2575 16029
2576 16035
2577 16041
2578 16047
2579 16053
2580 16059
2581 16065
2582 16071
2583 16077
2584 16083
2585 16089
2586 16095
2587 16101
2588 16107
2589 16113
2590 16119
2591 16125
2592 16131
2593 16137
2594 16143
2595 16149
2596 16155
2597 16161
2598 16167
2599 16173
2600 16179
2601 16185
2602 16191
2603 16197
2604 16203
2605 16209
2606 16215
2607 16221
2608 16227
2609 16233
2610 16239
2611 16245
2612 16251
2613 16257
2614 16263
2615 16269
2616 16275
2617 16281
2618 16287
2619 16293
2620 16299
2621 16305
2622 16311
2623 16317
2624 16323
2625 16329
2626 16335
2627 16341
2628 16347
2629 16353
2630 16359
2631 16365
2632 16371
2633 16377
2634 16383
2635 16389
2636 16395
2637 16401
2638 16407
2639 16413
2640 16419
2641 16425
2642 16431
2643 16437
2644 16443
2645 16449
2646 16455
2647 16461
2648 16467
2649 16473
2650 16479
2651 16485
2652 16491
2653 16497
2654 16503
2655 16509
2656 16515
2657 16521
2658 16527
2659 16533
2660 16539
