0 967
1 973
2 979
3 985
4 991
5 997
6 1003
7 1009
8 1015
9 1021
10 1027
11 1033
12 1039
13 1045
14 1051
15 1057
16 1063
17 1069
18 1075
19 1081
20 1087
21 1093
22 1099
23 1105
24 1111
25 1117
26 1123
27 1129
28 1135
29 1141
30 1147
31 1153
32 1159
33 1165
34 1171
35 1177
36 1183
37 1189
38 1195
39 1201
40 1207
41 1213
42 1219
43 1225
44 1231
45 1237
46 1243
47 1249
48 1255
49 1261
50 1267
51 1273
52 1279
53 1285
54 1291
55 1297
56 1303
57 1309
58 1315
59 1321
60 1327
61 1333
62 1339
63 1345
64 1351
65 1357
66 1363
67 1369
68 1375
69 1381
70 1387
71 1393
72 1399
73 1405
74 1411
75 1417
76 1423
77 1429
78 1435
79 1441
80 1447
81 1453
82 1459
83 1465
84 1471
85 1477
86 1483
87 1489
88 1495
89 1501
90 1507
91 1513
92 1519
93 1525
94 1531
95 1537
96 1543
97 1549
98 1555
99 1561
100 1567
101 1573
102 1579
103 1585
104 1591
105 1597
106 1603
107 1609
108 1615
109 1621
110 1627
111 1633
112 1639
113 1645
114 1651
115 1657
116 1663
117 1669
118 1675
119 1681
120 1687
121 1693
122 1699
123 1705
124 1711
125 1717
126 1723
127 1729
128 1735
129 1741
130 1747
131 1753
132 1759
133 1765
134 1771
135 1777
136 1783
137 1789
138 1795
139 1801
140 1807
141 1813
142 1819
143 1825
144 1831
145 1837
146 1843
147 1849
148 1855
149 1861
150 1867
151 1873
152 1879
153 1885
154 1891
155 1897
156 1903
157 1909
158 1915
159 1921
160 1927
161 1933
162 1939
163 1945
164 1951
165 1957
166 1963
167 1969
168 1975
169 1981
170 1987
171 1993
172 1999
173 2005
174 2011
175 2017
176 2023
177 2029
178 2035
179 2041
180 2047
181 2053
182 2059
183 2065
184 2071
185 2077
186 2083
187 2089
188 2095
189 2101
190 2107
191 2113
192 2119
193 2125
194 2131
195 2137
196 2143
197 2149
198 2155
199 2161
200 2167
201 2173
202 2179
203 2185
204 2191
205 2197
206 2203
207 2209
208 2215
209 2221
210 2227
211 2233
212 2239
213 2245
214 2251
215 2257
216 2263
217 2269
218 2275
219 2281
220 2287
221 2293
222 2299
223 2305
224 2311
225 2317
226 2323
227 2329
228 2335
229 2341
230 2347
231 2353
232 2359
233 2365
234 2371
235 2377
236 2383
237 2389
238 2395
239 2401
240 2407
241 2413
242 2419
243 2425
244 2431
245 2437
246 2443
247 2449
248 2455
249 2461
250 2467
251 2473
252 2479
253 2485
254 2491
255 2497
256 2503
257 2509
258 2515
259 2521
260 2527
261 2533
262 2539
263 2545
264 2551
265 2557
266 2563
267 2569
268 2575
269 2581
270 2587
271 2593
272 2599
273 2605
274 2611
275 2617
276 2623
277 2629
278 2635
279 2641
280 2647
281 2653
282 2659
283 2665
284 2671
285 2677
286 2683
287 2689
288 2695
289 2701
290 2707
291 2713
292 2719
293 2725
294 2731
295 2737
296 2743
297 2749
298 2755
299 2761
300 2767
301 2773
302 2779
303 2785
304 2791
305 2797
306 2803
307 2809
308 2815
309 2821
310 2827
311 2833
312 2839
313 2845
314 2851
315 2857
316 2863
317 2869
318 2875
319 2881
320 2887
321 2893
322 2899
323 2905
324 2911
325 2917
326 2923
327 2929
328 2935
329 2941
330 2947
331 2953
332 2959
333 2965
334 2971
335 2977
336 2983
337 2989
338 2995
339 3001
340 3007
341 3013
342 3019
343 3025
344 3031
345 3037
346 3043
347 3049
348 3055
349 3061
350 3067
351 3073
352 3079
353 3085
354 3091
355 3097
356 3103
357 3109
358 3115
359 3121
360 3127
361 3133
362 3139
363 3145
364 3151
365 3157
366 3163
367 3169
368 3175
369 3181
370 3187
371 3193
372 3199
373 3205
374 3211
375 3217
376 3223
377 3229
378 3235
379 3241
380 3247
381 3253
382 3259
383 3265
384 3271
385 3277
386 3283
387 3289
388 3295
389 3301
390 3307
391 3313
392 3319
393 3325
394 3331
395 3337
396 3343
397 3349
398 3355
399 3361
400 3367
401 3373
402 3379
403 3385
404 3391
405 3397
406 3403
407 3409
408 3415
409 3421
410 3427
411 3433
412 3439
413 3445
414 3451
415 3457
416 3463
417 3469
418 3475
419 3481
420 3487
421 3493
422 3499
423 3505
424 3511
425 3517
426 3523
427 3529
428 3535
429 3541
430 3547
431 3553
432 3559
433 3565
434 3571
435 3577
436 3583
437 3589
438 3595
439 3601
440 3607
441 3613
442 3619
443 3625
444 3631
445 3637
446 3643
447 3649
448 3655
449 3661
450 3667
451 3673
452 3679
453 3685
454 3691
455 3697
456 3703
457 3709
458 3715
459 3721
460 3727
461 3733
462 3739
463 3745
464 3751
465 3757
466 3763
467 3769
468 3775
469 3781
470 3787
471 3793
472 3799
473 3805
474 3811
475 3817
476 3823
477 3829
478 3835
479 3841
480 3847
481 3853
482 3859
483 3865
484 3871
485 3877
486 3883
487 3889
488 3895
489 3901
490 3907
491 3913
492 3919
493 3925
494 3931
495 3937
496 3943
497 3949
498 3955
499 3961
500 3967
501 3973
502 3979
503 3985
504 3991
505 3997
506 4003
507 4009
508 4015
509 4021
510 4027
511 4033
512 4039
513 4045
514 4051
515 4057
516 4063
517 4069
518 4075
519 4081
520 4087
521 4093
522 4099
523 4105
524 4111
525 4117
526 4123
527 4129
528 4135
529 4141
530 4147
531 4153
532 4159
533 4165
534 4171
535 4177
536 4183
537 4189
538 4195
539 4201
540 4207
541 4213
542 4219
543 4225
544 4231
545 4237
546 4243
547 4249
548 4255
549 4261
550 4267
551 4273
552 4279
553 4285
554 4291
555 4297
556 4303
557 4309
558 4315
559 4321
560 4327
561 4333
562 4339
563 4345
564 4351
565 4357
566 4363
567 4369
568 4375
569 4381
570 4387
571 4393
572 4399
573 4405
574 4411
575 4417
576 4423
577 4429
578 4435
579 4441
580 4447
581 4453
582 4459
583 4465
584 4471
585 4477
586 4483
587 4489
588 4495
589 4501
590 4507
591 4513
592 4519
593 4525
594 4531
595 4537
596 4543
597 4549
598 4555
599 4561
600 4567
601 4573
602 4579
603 4585
604 4591
605 4597
606 4603
607 4609
608 4615
609 4621
610 4627
611 4633
612 4639
613 4645
614 4651
615 4657
616 4663
617 4669
618 4675
619 4681
620 4687
621 4693
622 4699
623 4705
624 4711
625 4717
626 4723
627 4729
628 4735
629 4741
630 4747
631 4753
632 4759
633 4765
634 4771
635 4777
636 4783
637 4789
638 4795
639 4801
640 4807
641 4813
642 4819
643 4825
644 4831
645 4837
646 4843
647 4849
648 4855
649 4856
650 4862
651 4868
652 4874
658 4877
659 4881
660 4884
661 4890
662 4895
663 4901
664 4904
665 4907
666 4913
667 4919
668 4925
669 4931
670 4937
671 4943
672 4949
673 4955
674 4961
675 4967
676 4973
677 4979
678 4985
679 4991
680 4997
681 5003
682 5009
683 5015
684 5021
685 5027
686 5033
687 5039
688 5045
689 5051
690 5057
691 5063
692 5069
693 5075
694 5081
695 5087
696 5093
697 5099
698 5105
699 5111
700 5117
701 5123
702 5129
703 5135
704 5141
705 5147
706 5153
707 5159
708 5165
709 5171
710 5177
711 5183
712 5189
713 5195
714 5201
715 5207
716 5213
717 5219
718 5225
719 5231
720 5237
721 5243
722 5249
723 5255
724 5261
725 5267
726 5273
727 5279
728 5285
729 5291
730 5297
731 5303
732 5309
733 5315
734 5321
735 5327
736 5333
737 5339
738 5345
739 5351
740 5357
741 5363
742 5369
743 5375
744 5381
745 5387
746 5393
747 5399
748 5405
749 5411
750 5417
751 5423
752 5429
753 5435
754 5441
755 5447
756 5453
757 5459
758 5465
759 5471
760 5477
761 5483
762 5489
763 5495
764 5501
765 5507
766 5513
767 5519
768 5525
769 5531
770 5537
771 5543
772 5549
773 5555
774 5561
775 5567
776 5573
777 5579
778 5585
779 5591
780 5597
781 5603
782 5609
783 5615
784 5621
785 5627
786 5633
787 5639
788 5645
789 5651
790 5657
791 5663
792 5669
793 5675
794 5681
795 5687
796 5693
797 5699
800 5704
803 5705
804 5710
806 5714
807 5719
808 5725
809 5731
810 5737
811 5743
812 5749
813 5755
814 5761
815 5767
816 5773
817 5779
818 5785
819 5791
820 5797
821 5803
822 5809
823 5815
824 5821
825 5827
826 5833
827 5839
828 5842
829 5848
830 5854
831 5860
832 5866
833 5872
834 5878
835 5884
836 5890
837 5896
838 5902
839 5908
840 5914
841 5920
842 5926
843 5932
844 5938
845 5944
846 5950
847 5956
848 5962
849 5968
850 5974
851 5980
852 5986
853 5992
854 5998
855 6004
856 6010
857 6016
858 6022
859 6028
860 6034
861 6040
862 6046
863 6052
864 6058
865 6064
866 6070
867 6076
868 6082
869 6088
870 6094
871 6100
872 6106
873 6112
874 6118
875 6124
876 6130
877 6136
878 6142
879 6148
880 6154
881 6160
882 6166
883 6172
884 6178
885 6184
886 6190
887 6196
888 6202
889 6208
890 6214
891 6220
892 6226
893 6232
894 6238
895 6244
896 6250
897 6256
898 6262
899 6268
900 6274
901 6280
902 6286
903 6292
904 6298
905 6304
906 6310
907 6316
908 6322
909 6328
910 6334
911 6340
912 6346
913 6352
914 6358
915 6364
916 6370
917 6376
918 6382
919 6388
920 6394
921 6400
922 6406
923 6412
924 6418
925 6424
926 6430
927 6436
928 6442
929 6448
930 6454
931 6460
932 6466
933 6472
934 6478
935 6484
936 6490
937 6496
938 6502
939 6508
940 6514
941 6520
942 6526
943 6532
944 6538
945 6544
946 6550
947 6556
948 6562
949 6567
950 6569
951 6575
952 6581
953 6587
954 6593
956 6600
957 6606
958 6612
959 6618
960 6624
961 6630
962 6636
963 6642
964 6648
965 6654
966 6660
967 6666
968 6672
969 6678
970 6684
971 6691
972 6697
973 6703
974 6709
975 6715
976 6721
977 6727
978 6733
979 6738
980 6744
981 6750
982 6756
983 6762
984 6768
985 6774
986 6780
987 6786
988 6792
989 6798
990 6804
991 6810
992 6816
993 6822
994 6828
995 6834
996 6840
997 6846
998 6852
999 6858
1000 6864
1001 6870
1002 6876
1003 6882
1004 6888
1005 6894
1006 6900
1007 6906
1008 6912
1009 6918
1010 6924
1011 6930
1012 6936
1013 6942
1014 6948
1015 6954
1016 6960
1017 6966
1018 6972
1019 6978
1020 6985
1021 6991
1022 6997
1023 7003
1024 7009
1025 7015
1026 7021
1027 7027
1028 7033
1029 7039
1030 7045
1031 7051
1032 7057
1033 7063
1034 7069
1035 7075
1036 7080
1037 7086
1038 7092
1039 7098
1040 7104
1041 7110
1042 7116
1043 7122
1044 7128
1045 7134
1046 7140
1047 7146
1048 7152
1049 7158
1050 7164
1051 7170
1052 7176
1053 7182
1054 7188
1055 7194
1056 7200
1057 7206
1058 7212
1059 7218
1060 7224
1061 7230
1062 7236
1063 7242
1064 7248
1065 7254
1066 7260
1067 7266
1068 7272
1069 7278
1070 7284
1071 7290
1072 7296
1073 7302
1074 7308
1075 7314
1076 7320
1077 7326
1078 7332
1079 7338
1080 7344
1081 7350
1082 7356
1083 7362
1084 7368
1085 7374
1086 7380
1087 7386
1088 7392
1089 7398
1090 7404
1091 7410
1092 7416
1093 7422
1094 7428
1095 7434
1096 7440
1097 7446
1098 7452
1099 7458
1100 7464
1101 7470
1102 7476
1103 7482
1104 7488
1105 7494
1106 7500
1107 7506
1108 7512
1109 7518
1110 7524
1111 7530
1112 7536
1113 7542
1114 7548
1115 7554
1116 7560
1117 7566
1118 7572
1119 7578
1120 7584
1121 7590
1122 7596
1123 7602
1124 7608
1125 7614
1126 7620
1127 7626
1128 7632
1129 7638
1130 7644
1147 7645
1148 7649
1149 7655
1150 7661
1151 7667
1152 7673
1153 7679
1154 7685
1155 7691
1156 7697
1157 7703
1158 7706
1159 7712
1160 7718
1161 7724
1162 7730
1163 7736
1164 7742
1165 7748
1166 7754
1167 7761
1168 7767
1169 7773
1170 7779
1171 7785
1172 7791
1173 7797
1174 7803
1175 7809
1176 7815
1177 7821
1178 7827
1179 7833
1180 7839
1181 7845
1182 7851
1183 7857
1184 7863
1185 7869
1186 7875
1187 7881
1188 7887
1189 7893
1190 7899
1191 7905
1192 7911
1193 7917
1194 7923
1195 7929
1196 7935
1197 7941
1198 7947
1199 7953
1200 7958
1201 7964
1202 7970
1203 7976
1204 7982
1205 7988
1206 7994
1207 8000
1208 8007
1209 8013
1210 8019
1211 8025
1212 8031
1213 8037
1214 8043
1215 8049
1216 8055
1217 8061
1218 8067
1219 8073
1220 8079
1221 8085
1222 8091
1223 8097
1224 8102
1225 8108
1226 8114
1227 8120
1228 8126
1229 8132
1230 8138
1231 8144
1232 8150
1233 8156
1234 8162
1235 8168
1236 8174
1237 8180
1238 8186
1239 8192
1240 8198
1241 8204
1242 8210
1243 8216
1244 8222
1245 8228
1246 8234
1247 8240
1248 8246
1249 8253
1250 8259
1251 8265
1252 8271
1253 8277
1254 8283
1255 8289
1256 8295
1257 8300
1258 8306
1259 8312
1260 8318
1261 8324
1262 8330
1263 8336
1264 8342
1265 8348
1266 8354
1267 8360
1268 8366
1269 8372
1270 8378
1271 8384
1272 8390
1273 8396
1274 8402
1275 8408
1276 8414
1277 8420
1278 8426
1279 8432
1280 8438
1281 8444
1282 8450
1283 8455
1284 8459
1285 8465
1286 8471
1287 8477
1288 8483
1289 8489
1290 8495
1291 8501
1292 8507
1293 8513
1294 8519
1295 8525
1296 8531
1297 8537
1298 8543
1299 8549
1300 8555
1301 8561
1302 8567
1303 8573
1304 8579
1305 8585
1306 8592
1307 8598
1308 8604
1309 8610
1310 8616
1311 8622
1312 8628
1313 8634
1314 8640
1315 8646
1316 8652
1317 8658
1318 8664
1319 8670
1320 8676
1321 8682
1322 8687
1323 8693
1324 8699
1325 8705
1326 8711
1327 8717
1328 8723
1329 8729
1330 8735
1331 8742
1332 8748
1333 8754
1334 8760
1335 8766
1336 8772
1337 8778
1338 8784
1339 8790
1340 8796
1341 8802
1342 8808
1343 8814
1344 8820
1345 8826
1346 8832
1347 8838
1348 8844
1349 8850
1350 8856
1351 8862
1352 8868
1353 8874
1354 8880
1355 8886
1356 8892
1357 8898
1358 8904
1359 8910
1360 8916
1361 8922
1362 8928
1363 8934
1364 8940
1365 8946
1366 8952
1367 8958
1368 8964
1369 8970
1370 8976
1371 8982
1372 8988
1373 8994
1374 9000
1375 9006
1376 9012
1377 9018
1378 9024
1379 9030
1380 9036
1381 9042
1382 9048
1383 9054
1384 9060
1385 9066
1386 9072
1387 9078
1388 9084
1389 9090
1390 9096
1391 9102
1392 9108
1393 9114
1394 9120
1395 9126
1396 9132
1397 9138
1398 9144
1399 9150
1400 9156
1401 9162
1402 9168
1403 9174
1404 9180
1405 9186
1406 9192
1407 9198
1408 9204
1409 9210
1410 9216
1411 9222
1412 9228
1413 9234
1414 9240
1415 9246
1416 9252
1417 9258
1418 9264
1419 9270
1420 9276
1421 9282
1422 9288
1423 9294
1424 9300
1425 9306
1426 9312
1427 9318
1428 9324
1429 9330
1430 9336
1431 9342
1432 9348
1433 9354
1434 9360
1435 9366
1436 9372
1437 9378
1438 9384
1439 9390
1440 9396
1441 9402
1442 9408
1443 9414
1444 9420
1445 9426
1446 9432
1447 9438
1448 9444
1449 9450
1450 9456
1451 9462
1452 9468
1453 9474
1454 9480
1455 9486
1456 9492
1457 9498
1458 9504
1459 9510
1460 9516
1461 9522
1462 9527
1463 9531
1464 9537
1465 9543
1466 9549
1467 9555
1468 9561
1469 9567
1470 9573
1471 9579
1472 9585
1473 9591
1474 9597
1475 9603
1476 9609
1477 9615
1478 9621
1479 9627
1480 9633
1481 9639
1482 9645
1483 9651
1484 9657
1485 9663
1486 9669
1487 9675
1488 9681
1489 9687
1490 9693
1491 9699
1492 9705
1493 9711
1494 9717
1495 9723
1496 9729
1497 9735
1498 9741
1499 9747
1500 9753
1501 9759
1502 9765
1503 9771
1504 9777
1505 9783
1506 9789
1507 9795
1508 9801
1509 9807
1510 9813
1511 9819
1512 9825
1513 9831
1514 9837
1515 9843
1516 9849
1517 9855
1518 9861
1519 9867
1520 9873
1521 9879
1522 9885
1523 9891
1524 9897
1525 9903
1526 9909
1527 9915
1528 9921
1529 9927
1530 9933
1531 9939
1532 9945
1533 9951
1534 9957
1535 9962
1536 9968
1537 9974
1538 9980
1539 9986
1540 9992
1541 9998
1542 10004
1543 10011
1544 10017
1545 10023
1546 10029
1547 10035
1548 10041
1549 10047
1550 10053
1551 10059
1552 10065
1553 10071
1554 10077
1555 10083
1556 10089
1557 10095
1558 10101
1559 10106
1560 10112
1561 10118
1562 10124
1563 10130
1564 10136
1565 10142
1566 10148
1567 10155
1568 10161
1569 10167
1570 10173
1571 10179
1572 10185
1573 10191
1574 10197
1575 10203
1576 10209
1577 10215
1578 10221
1579 10227
1580 10233
1581 10239
1582 10245
1583 10251
1584 10257
1585 10263
1586 10269
1587 10275
1588 10281
1589 10287
1590 10293
1591 10299
1592 10305
1593 10311
1594 10317
1595 10323
1596 10329
1597 10335
1598 10341
1599 10347
1600 10353
1601 10359
1602 10365
1603 10371
1604 10377
1605 10383
1606 10389
1607 10395
1608 10401
1609 10407
1610 10413
1611 10419
1612 10425
1613 10431
1614 10437
1615 10443
1616 10449
1617 10455
1618 10461
1619 10467
1620 10473
1621 10479
1622 10485
1623 10491
1624 10497
1625 10503
1626 10509
1627 10515
1628 10521
1629 10527
1630 10533
1631 10539
1632 10545
1633 10551
1634 10557
1635 10563
1636 10569
1637 10575
1638 10581
1639 10587
1640 10593
1641 10599
1642 10605
1643 10611
1644 10617
1645 10623
1646 10629
1647 10635
1648 10641
1649 10647
1650 10653
1651 10659
1652 10665
1653 10671
1654 10677
1655 10683
1656 10689
1657 10695
1658 10701
1659 10707
1660 10713
1661 10719
1662 10725
1663 10731
1664 10737
1665 10743
1666 10749
1667 10755
1668 10761
1669 10767
1670 10773
1671 10779
1672 10785
1673 10791
1674 10797
1675 10803
1676 10809
1677 10815
1678 10821
1679 10827
1680 10833
1681 10839
1682 10845
1683 10851
1684 10857
1685 10863
1686 10869
1687 10875
1688 10881
1689 10887
1690 10893
1691 10899
1692 10905
1693 10911
1694 10917
1695 10923
1696 10929
1697 10935
1698 10941
1699 10947
1700 10953
1701 10959
1702 10965
1703 10971
1704 10977
1705 10983
1706 10989
1707 10995
1708 11001
1709 11007
1710 11013
1711 11019
1712 11025
1713 11031
1714 11037
1715 11043
1716 11049
1717 11055
1718 11061
1719 11067
1720 11073
1721 11079
1722 11085
1723 11091
1724 11097
1725 11103
1726 11109
1727 11115
1728 11121
1729 11127
1730 11133
1731 11139
1732 11145
1733 11151
1734 11157
1735 11163
1736 11169
1737 11175
1738 11181
1739 11187
1740 11193
1741 11199
1742 11205
1743 11211
1744 11217
1745 11223
1746 11229
1747 11235
1748 11241
1749 11247
1750 11253
1751 11259
1752 11265
1753 11271
1754 11277
1755 11283
1756 11289
1757 11295
1758 11301
1759 11307
1760 11313
1761 11319
1762 11325
1763 11331
1764 11337
1765 11343
1766 11349
1767 11355
1768 11361
1769 11367
1770 11373
1771 11379
1772 11385
1773 11391
1774 11397
1775 11403
1776 11409
1777 11415
1778 11421
1779 11427
1780 11433
1781 11439
1782 11445
1783 11451
1784 11457
1785 11463
1786 11469
1787 11475
1788 11481
1789 11487
1790 11493
1791 11499
1792 11505
1793 11511
1794 11517
1795 11523
1796 11529
1797 11535
1798 11541
1799 11547
1800 11553
1801 11559
1802 11565
1803 11571
1804 11577
1805 11583
1827 11589
1828 11595
1829 11601
1830 11607
1831 11613
1832 11619
1833 11625
1834 11631
1835 11637
1836 11643
1837 11649
1838 11655
1839 11661
1840 11667
1841 11673
1842 11679
1843 11685
1844 11691
1845 11697
1846 11703
1847 11709
1848 11715
1849 11721
1850 11727
1851 11733
1852 11739
1853 11745
1854 11751
1855 11757
1856 11763
1857 11769
1858 11775
1859 11781
1860 11787
1861 11793
1862 11799
1863 11805
1864 11811
1865 11817
1866 11823
1867 11829
1868 11835
1869 11841
1870 11847
1871 11853
1872 11859
1873 11865
1874 11871
1875 11877
1876 11883
1877 11889
1878 11895
1879 11901
1880 11907
1881 11913
1882 11919
1883 11925
1884 11931
1885 11937
1886 11943
1887 11949
1888 11955
1889 11961
1890 11967
1891 11973
1892 11979
1893 11985
1894 11991
1895 11997
1896 12003
1897 12009
1898 12015
1899 12021
1900 12027
1901 12033
1902 12039
1903 12045
1904 12051
1905 12057
1906 12063
1907 12069
1908 12075
1909 12081
1910 12087
1911 12093
1912 12099
1913 12105
1914 12111
1915 12117
1916 12123
1917 12129
1918 12135
1919 12141
1920 12147
1921 12153
1922 12159
1923 12165
1924 12171
1925 12177
1926 12183
1927 12189
1928 12195
1929 12201
1930 12207
1931 12213
1932 12219
1933 12225
1934 12231
1935 12237
1936 12243
1937 12249
1938 12255
1939 12261
1940 12267
1941 12273
1942 12279
1943 12285
1944 12291
1945 12297
1946 12303
1947 12309
1948 12315
1949 12321
1950 12327
1951 12333
1952 12339
1953 12345
1954 12351
1955 12357
1956 12363
1957 12369
1958 12375
1959 12381
1960 12387
1961 12393
1962 12399
1963 12405
1964 12411
1965 12417
1966 12423
1967 12429
1968 12435
1969 12441
1970 12447
1971 12453
1972 12459
1973 12465
1974 12471
1975 12477
1976 12483
1977 12489
1978 12495
1979 12501
1980 12507
1981 12513
1982 12519
1983 12525
1984 12531
1985 12537
1986 12543
1987 12549
1988 12555
1989 12561
1990 12567
1991 12573
1992 12579
1993 12585
1994 12591
1995 12597
1996 12603
1997 12609
1998 12615
1999 12621
2000 12627
2001 12633
2002 12639
2003 12645
2004 12651
2005 12657
2006 12663
2007 12669
2008 12675
2009 12681
2010 12687
2011 12693
2012 12699
2013 12705
2014 12711
2015 12717
2016 12723
2017 12729
2018 12735
2019 12741
2020 12747
2021 12753
2022 12759
2023 12765
2024 12771
2025 12777
2026 12783
2027 12789
2028 12795
2029 12801
2030 12807
2031 12810
2032 12815
2033 12821
2034 12827
2035 12833
2036 12839
2037 12845
2038 12851
2039 12857
2040 12863
2041 12869
2042 12875
2043 12881
2044 12887
2045 12893
2046 12899
2047 12905
2048 12908
2049 12914
2050 12920
2051 12926
2052 12932
2053 12938
2054 12944
2055 12950
2056 12956
2057 12962
2058 12968
2059 12974
2060 12980
2061 12986
2062 12992
2063 12998
2064 13004
2065 13010
2066 13016
2067 13022
2068 13028
2069 13034
2070 13040
2071 13046
2072 13052
2073 13058
2074 13064
2075 13070
2076 13076
2077 13082
2078 13088
2079 13094
2080 13100
2081 13106
2082 13112
2083 13118
2084 13124
2085 13130
2086 13136
2087 13142
2088 13148
2089 13154
2090 13160
2091 13166
2092 13172
2093 13178
2094 13184
2095 13190
2096 13196
2097 13202
2098 13208
2099 13214
2100 13220
2101 13226
2102 13232
2103 13238
2104 13244
2105 13250
2106 13256
2107 13262
2108 13268
2109 13274
2110 13280
2111 13286
2112 13292
2113 13298
2114 13304
2115 13310
2116 13316
2117 13322
2118 13328
2119 13334
2120 13340
2121 13346
2122 13352
2123 13358
2124 13364
2125 13370
2126 13376
2127 13382
2128 13388
2129 13394
2130 13400
2131 13406
2132 13412
2133 13418
2134 13424
2135 13430
2136 13436
2137 13442
2138 13448
2139 13454
2140 13460
2141 13466
2142 13472
2143 13478
2144 13484
2145 13490
2146 13496
2147 13502
2148 13508
2149 13514
2150 13520
2151 13526
2152 13532
2153 13538
2154 13544
2155 13550
2156 13556
2157 13562
2158 13568
2159 13574
2160 13580
2161 13586
2162 13592
2163 13598
2164 13604
2165 13610
2166 13616
2167 13622
2168 13628
2169 13634
2170 13640
2171 13646
2172 13652
2173 13658
2174 13664
2175 13670
2176 13676
2177 13682
2178 13688
2179 13694
2180 13700
2181 13706
2182 13712
2183 13718
2184 13724
2185 13730
2186 13736
2187 13742
2188 13748
2189 13754
2190 13760
2191 13766
2192 13772
2193 13778
2194 13784
2195 13790
2196 13796
2197 13802
2198 13808
2199 13814
2200 13820
2201 13826
2202 13832
2203 13838
2204 13844
2205 13850
2206 13856
2207 13862
2208 13868
2209 13874
2210 13880
2211 13886
2212 13892
2213 13898
2214 13904
2215 13910
2216 13916
2217 13922
2218 13928
2219 13934
2220 13940
2221 13946
2222 13952
2223 13958
2224 13964
2225 13967
2226 13973
2227 13979
2228 13985
2229 13988
2230 13994
2231 14000
2232 14006
2233 14012
2234 14018
2235 14024
2236 14027
2237 14033
2238 14039
2239 14045
2240 14051
2241 14057
2242 14063
2243 14069
2244 14075
2245 14081
2246 14087
2247 14093
2248 14099
2249 14105
2250 14111
2251 14117
2252 14122
2253 14123
2254 14124
2255 14125
2256 14126
2257 14130
2258 14136
2259 14139
2260 14145
2261 14151
2262 14157
2263 14163
2264 14169
2265 14175
2266 14181
2267 14187
2268 14193
2269 14199
2270 14205
2271 14211
2272 14217
2273 14223
2274 14229
2275 14235
2276 14241
2277 14247
2278 14253
2279 14259
2280 14265
2281 14271
2282 14277
2283 14283
2284 14289
2285 14295
2286 14301
2287 14307
2288 14313
2289 14319
2290 14325
2291 14331
2292 14337
2293 14343
2294 14349
2295 14355
2296 14361
2297 14367
2298 14373
2299 14379
2300 14385
2301 14391
2302 14397
2303 14403
2304 14409
2305 14415
2306 14421
2307 14427
2308 14433
2309 14439
2310 14445
2311 14451
2312 14457
2313 14463
2314 14469
2315 14475
2316 14481
2317 14487
2318 14493
2319 14499
2320 14505
2321 14511
2322 14517
2323 14523
2324 14529
2325 14535
2326 14541
2327 14547
2328 14553
2329 14559
2330 14565
2331 14571
2332 14577
2333 14583
2334 14589
2335 14595
2336 14601
2337 14607
2338 14613
2339 14619
2340 14625
2341 14631
2342 14637
2343 14643
2344 14649
2345 14655
2346 14661
2347 14667
2348 14673
2349 14679
2350 14685
2351 14691
2352 14697
2353 14703
2354 14709
2355 14715
2356 14721
2357 14727
2358 14733
2359 14739
2360 14745
2361 14751
2362 14757
2363 14763
2364 14769
2365 14775
2366 14781
2367 14787
2368 14793
2369 14799
2370 14805
2371 14811
2372 14817
2373 14823
2374 14829
2375 14835
2376 14841
2377 14847
2378 14853
2379 14859
2380 14865
2381 14871
2382 14877
2383 14883
2384 14889
2385 14895
2386 14901
2387 14907
2388 14913
2389 14919
2390 14925
2391 14931
2392 14937
2393 14943
2394 14949
2395 14955
2396 14961
2397 14967
2398 14973
2399 14979
2400 14985
2401 14991
2402 14997
2403 15003
2404 15009
2405 15015
2406 15021
2407 15027
2408 15033
2409 15039
2410 15045
2411 15051
2412 15057
2413 15063
2414 15069
2415 15075
2416 15081
2417 15087
2418 15093
2419 15099
2420 15105
2421 15111
2422 15117
2423 15123
2424 15129
2425 15135
2426 15141
2427 15147
2428 15153
2429 15159
2430 15165
2431 15171
2432 15177
2433 15183
2434 15189
2435 15195
2436 15201
2437 15207
2438 15213
2439 15219
2440 15225
2441 15231
2442 15237
2443 15243
2444 15249
2445 15255
2446 15261
2447 15267
2448 15273
2449 15279
2450 15285
2451 15291
2452 15297
2453 15303
2454 15309
2455 15315
2456 15321
2457 15327
2458 15333
2459 15339
2460 15345
2461 15351
2462 15357
2463 15363
2464 15369
2465 15375
2466 15381
2467 15387
2468 15393
2469 15399
2470 15405
2471 15411
2472 15417
2473 15423
2474 15429
2475 15435
2476 15441
2477 15447
2478 15453
2479 15459
2480 15465
2481 15471
2482 15477
2483 15483
2484 15489
2485 15495
2486 15501
2487 15507
2488 15513
2489 15519
2490 15525
2491 15531
2492 15537
2493 15543
2494 15549
2495 15555
2496 15561
2497 15567
2498 15573
2499 15579
2500 15585
2501 15591
2502 15597
2503 15603
2504 15609
2505 15615
2506 15621
2507 15627
2508 15633
2509 15639
2510 15645
2511 15651
2512 15657
2513 15663
2514 15669
2515 15675
2516 15681
2517 15687
2518 15693
2519 15699
2520 15705
2521 15711
2522 15717
2523 15723
2524 15729
2525 15735
2526 15741
2527 15747
2528 15753
2529 15759
2530 15765
2531 15771
2532 15777
2533 15783
2534 15789
2535 15795
2536 15801
2537 15807
2538 15813
2539 15819
2540 15825
2541 15831
2542 15837
2543 15843
2544 15849
2545 15855
2546 15861
2547 15867
2548 15873
2549 15879
2550 15885
2551 15891
2552 15897
2553 15903
2554 15909
2555 15915
2556 15921
2557 15927
2558 15933
2559 15939
2560 15945
2561 15951
2562 15957
2563 15963
2564 15969
2565 15975
2566 15981
2567 15987
2568 15993
2569 15999
2570 16005
2571 16011
2572 16017
2573 16023
2574 16029
2575 16035
2576 16041
2577 16047
2578 16053
2579 16059
2580 16065
2581 16071
2582 16077
2583 16083
2584 16089
2585 16095
2586 16101
2587 16107
2588 16113
2589 16119
2590 16125
2591 16131
2592 16137
2593 16143
2594 16149
2595 16155
2596 16161
2597 16167
2598 16173
2599 16179
2600 16185
2601 16191
2602 16197
2603 16203
2604 16209
2605 16215
2606 16221
2607 16227
2608 16233
2609 16239
2610 16245
2611 16251
2612 16257
2613 16263
2614 16269
2615 16275
2616 16281
2617 16287
2618 16293
2619 16299
2620 16305
2621 16311
2622 16317
2623 16323
2624 16329
2625 16335
2626 16341
2627 16347
2628 16353
2629 16359
2630 16365
2631 16371
2632 16377
2633 16383
2634 16389
2635 16395
2636 16401
2637 16407
2638 16413
2639 16419
2640 16425
2641 16431
2642 16437
2643 16443
2644 16449
2645 16455
2646 16461
2647 16467
2648 16473
2649 16479
2650 16485
2651 16491
2652 16497
2653 16503
2654 16509
2655 16515
2656 16521
2657 16527
2658 16533
2659 16539
