0 619
1 625
2 631
3 637
4 643
5 649
6 655
7 661
8 667
9 673
10 679
11 685
12 691
13 697
14 703
15 709
16 715
17 721
18 727
19 733
20 739
21 745
22 751
23 757
24 763
25 769
26 775
27 781
28 787
29 793
30 799
31 805
32 811
33 817
34 823
35 829
36 835
37 841
38 847
39 853
40 859
41 865
42 871
43 877
44 883
45 889
46 895
47 901
48 907
49 913
50 919
51 925
52 931
53 937
54 943
55 949
56 955
57 961
58 967
59 973
60 979
61 985
62 991
63 997
64 1003
65 1009
66 1015
67 1021
68 1027
69 1033
70 1039
71 1045
72 1051
73 1057
74 1063
75 1069
76 1075
77 1081
78 1087
79 1093
80 1099
81 1105
82 1111
83 1117
84 1123
85 1129
86 1135
87 1141
88 1147
89 1153
90 1159
91 1165
92 1171
93 1177
94 1183
95 1189
96 1195
97 1201
98 1207
99 1213
100 1219
101 1225
102 1231
103 1237
104 1243
105 1249
106 1255
107 1261
108 1267
109 1273
110 1279
111 1285
112 1291
113 1297
114 1303
115 1309
116 1315
117 1321
118 1327
119 1333
120 1339
121 1345
122 1351
123 1357
124 1363
125 1369
126 1375
127 1381
128 1387
129 1393
130 1399
131 1405
132 1411
133 1417
134 1423
135 1429
136 1435
137 1441
138 1447
139 1453
140 1459
141 1465
142 1471
143 1477
144 1483
145 1489
146 1495
147 1501
148 1507
149 1513
150 1519
151 1525
152 1531
153 1537
154 1543
155 1549
156 1555
157 1561
158 1567
159 1573
160 1579
161 1585
162 1591
163 1597
164 1603
165 1609
166 1615
167 1621
168 1627
169 1633
170 1639
171 1645
172 1651
173 1657
174 1663
175 1669
176 1675
177 1681
178 1687
179 1693
180 1699
181 1705
182 1711
183 1717
184 1723
185 1729
186 1735
187 1741
188 1747
189 1753
190 1759
191 1765
192 1771
193 1777
194 1783
195 1789
196 1795
197 1801
198 1807
199 1813
200 1819
201 1825
202 1831
203 1837
204 1843
205 1849
206 1855
207 1861
208 1867
209 1873
210 1879
211 1885
212 1891
213 1897
214 1903
215 1909
216 1915
217 1921
218 1927
219 1933
220 1939
221 1945
222 1951
223 1957
224 1963
225 1969
226 1975
227 1981
228 1987
229 1993
230 1999
231 2005
232 2011
233 2017
234 2023
235 2029
236 2035
237 2041
238 2047
239 2053
240 2059
241 2065
242 2071
243 2077
244 2083
245 2089
246 2095
247 2101
248 2107
249 2113
250 2119
251 2125
252 2131
253 2137
254 2143
255 2149
256 2155
257 2161
258 2167
259 2173
260 2179
261 2185
262 2191
263 2197
264 2203
265 2209
266 2215
267 2221
268 2227
269 2233
270 2239
271 2245
272 2251
273 2257
274 2263
275 2269
276 2275
277 2281
278 2287
279 2293
280 2299
281 2305
282 2311
283 2317
284 2323
285 2329
286 2335
287 2341
288 2347
289 2353
290 2359
291 2365
292 2371
293 2377
294 2383
295 2389
296 2395
297 2401
298 2407
299 2413
300 2419
301 2425
302 2431
303 2437
304 2443
305 2449
306 2455
307 2461
308 2467
309 2473
310 2479
311 2485
312 2491
313 2497
314 2503
315 2509
316 2515
317 2521
318 2527
319 2533
320 2539
321 2545
322 2551
323 2557
324 2563
325 2569
326 2575
327 2581
328 2587
329 2593
330 2599
331 2605
332 2611
333 2617
334 2623
335 2629
336 2635
337 2641
338 2647
339 2653
340 2659
341 2665
342 2671
343 2677
344 2683
345 2689
346 2695
347 2701
348 2707
349 2713
350 2719
351 2725
352 2731
353 2737
354 2743
355 2749
356 2755
357 2761
358 2767
359 2773
360 2779
361 2785
362 2791
363 2797
364 2803
365 2809
366 2815
367 2821
368 2827
369 2833
370 2839
371 2845
372 2851
373 2857
374 2863
375 2869
376 2875
377 2881
378 2887
379 2893
380 2899
381 2905
382 2911
383 2917
384 2923
385 2929
386 2935
387 2941
388 2947
389 2953
390 2959
391 2965
392 2971
393 2977
394 2983
395 2989
396 2995
397 3001
398 3007
399 3013
400 3019
401 3025
402 3031
403 3037
404 3043
405 3049
406 3055
407 3061
408 3067
409 3073
410 3079
411 3085
412 3091
413 3097
414 3103
415 3109
416 3115
417 3121
418 3127
419 3133
420 3139
421 3145
422 3151
423 3157
424 3163
425 3169
426 3175
427 3181
428 3187
429 3193
430 3199
431 3205
432 3211
433 3217
434 3223
435 3229
436 3235
437 3241
438 3247
439 3253
440 3259
441 3265
442 3271
443 3277
444 3283
445 3289
446 3295
447 3301
448 3307
449 3313
450 3319
451 3325
452 3331
453 3337
454 3343
455 3349
456 3355
457 3361
458 3367
459 3373
460 3379
461 3385
462 3391
463 3397
464 3403
465 3409
466 3415
467 3421
468 3427
469 3433
470 3439
471 3445
472 3451
473 3457
474 3463
475 3469
476 3475
477 3481
478 3487
479 3493
480 3499
481 3505
482 3511
483 3517
484 3523
485 3529
486 3535
487 3541
488 3547
489 3553
490 3559
491 3565
492 3571
493 3577
494 3583
495 3589
496 3595
497 3601
498 3607
499 3613
500 3619
501 3625
502 3631
503 3637
504 3643
505 3649
506 3655
507 3661
508 3667
509 3673
510 3679
511 3685
512 3691
513 3697
514 3703
515 3709
516 3715
517 3721
518 3727
519 3733
520 3739
521 3745
522 3751
523 3757
524 3763
525 3769
526 3775
527 3781
528 3787
529 3793
530 3799
531 3805
532 3811
533 3817
534 3823
535 3829
536 3835
537 3841
538 3847
539 3853
540 3859
541 3865
542 3871
543 3877
544 3883
545 3889
546 3895
547 3901
548 3907
549 3913
550 3919
551 3925
552 3931
553 3937
554 3943
555 3949
556 3955
557 3961
558 3967
559 3973
560 3979
561 3985
562 3991
563 3997
564 4003
565 4009
566 4015
567 4021
568 4027
569 4033
570 4039
571 4045
572 4051
573 4057
574 4063
575 4069
576 4075
577 4081
578 4087
579 4093
580 4099
581 4105
582 4111
583 4117
584 4123
585 4129
586 4135
587 4141
588 4147
589 4153
590 4159
591 4165
592 4171
593 4177
594 4183
595 4189
596 4195
597 4201
598 4207
599 4213
600 4219
601 4225
602 4231
603 4237
604 4243
605 4249
606 4255
607 4261
608 4267
609 4273
610 4279
611 4285
612 4291
613 4297
614 4303
615 4309
616 4315
617 4321
618 4327
619 4333
620 4339
621 4345
622 4351
623 4357
624 4363
625 4369
626 4375
627 4381
628 4387
629 4393
630 4399
631 4405
632 4411
633 4417
634 4423
635 4429
636 4435
637 4441
638 4447
639 4453
640 4459
641 4465
642 4471
643 4477
644 4483
645 4489
646 4495
647 4501
648 4507
649 4513
650 4519
651 4525
652 4531
653 4537
654 4543
655 4549
656 4555
657 4561
658 4567
659 4573
660 4579
661 4585
662 4591
663 4597
664 4603
665 4609
666 4615
667 4621
668 4627
669 4633
670 4639
671 4645
672 4651
673 4657
674 4663
675 4669
676 4675
677 4681
678 4687
679 4693
680 4699
681 4705
682 4711
683 4717
684 4723
685 4729
686 4735
687 4741
688 4747
689 4753
690 4759
691 4765
692 4771
693 4777
694 4783
695 4789
696 4795
697 4801
698 4807
699 4813
700 4819
701 4825
702 4831
703 4837
704 4843
705 4849
706 4855
707 4856
708 4862
709 4868
710 4874
716 4877
717 4881
718 4884
719 4890
720 4895
721 4901
722 4904
723 4907
724 4913
725 4919
726 4925
727 4931
728 4937
729 4943
730 4949
731 4955
732 4961
733 4967
734 4973
735 4979
736 4985
737 4991
738 4997
739 5003
740 5009
741 5015
742 5021
743 5027
744 5033
745 5039
746 5045
747 5051
748 5057
749 5063
750 5069
751 5075
752 5081
753 5087
754 5093
755 5099
756 5105
757 5111
758 5117
759 5123
760 5129
761 5135
762 5141
763 5147
764 5153
765 5159
766 5165
767 5171
768 5177
769 5183
770 5189
771 5195
772 5201
773 5207
774 5213
775 5219
776 5225
777 5231
778 5237
779 5243
780 5249
781 5255
782 5261
783 5267
784 5273
785 5279
786 5285
787 5291
788 5297
789 5303
790 5309
791 5315
792 5321
793 5327
794 5333
795 5339
796 5345
797 5351
798 5357
799 5363
800 5369
801 5375
802 5381
803 5387
804 5393
805 5399
806 5405
807 5411
808 5417
809 5423
810 5429
811 5435
812 5441
813 5447
814 5453
815 5459
816 5465
817 5471
818 5477
819 5483
820 5489
821 5495
822 5501
823 5507
824 5513
825 5519
826 5525
827 5531
828 5537
829 5543
830 5549
831 5555
832 5561
833 5567
834 5573
835 5579
836 5585
837 5591
838 5597
839 5603
840 5609
841 5615
842 5621
843 5627
844 5633
845 5639
846 5645
847 5651
848 5657
849 5663
850 5669
851 5675
852 5681
853 5687
854 5693
855 5699
858 5704
861 5705
862 5710
864 5714
865 5719
866 5725
867 5731
868 5737
869 5743
870 5749
871 5755
872 5761
873 5767
874 5773
875 5779
876 5785
877 5791
878 5797
879 5803
880 5809
881 5815
882 5821
883 5827
884 5833
885 5839
886 5842
887 5848
888 5854
889 5860
890 5866
891 5872
892 5878
893 5884
894 5890
895 5896
896 5902
897 5908
898 5914
899 5920
900 5926
901 5932
902 5938
903 5944
904 5950
905 5956
906 5962
907 5968
908 5974
909 5980
910 5986
911 5992
912 5998
913 6004
914 6010
915 6016
916 6022
917 6028
918 6034
919 6040
920 6046
921 6052
922 6058
923 6064
924 6070
925 6076
926 6082
927 6088
928 6094
929 6100
930 6106
931 6112
932 6118
933 6124
934 6130
935 6136
936 6142
937 6148
938 6154
939 6160
940 6166
941 6172
942 6178
943 6184
944 6190
945 6196
946 6202
947 6208
948 6214
949 6220
950 6226
951 6232
952 6238
953 6244
954 6250
955 6256
956 6262
957 6268
958 6274
959 6280
960 6286
961 6292
962 6298
963 6304
964 6310
965 6316
966 6322
967 6328
968 6334
969 6340
970 6346
971 6352
972 6358
973 6364
974 6370
975 6376
976 6382
977 6388
978 6394
979 6400
980 6406
981 6412
982 6418
983 6424
984 6430
985 6436
986 6442
987 6448
988 6454
989 6460
990 6466
991 6472
992 6478
993 6484
994 6490
995 6496
996 6502
997 6508
998 6514
999 6520
1000 6526
1001 6532
1002 6538
1003 6544
1004 6550
1005 6556
1006 6562
1007 6567
1008 6569
1009 6575
1010 6581
1011 6587
1012 6593
1014 6600
1015 6606
1016 6612
1017 6618
1018 6624
1019 6630
1020 6636
1021 6642
1022 6648
1023 6654
1024 6660
1025 6666
1026 6672
1027 6678
1028 6684
1029 6691
1030 6697
1031 6703
1032 6709
1033 6715
1034 6721
1035 6727
1036 6733
1037 6738
1038 6744
1039 6750
1040 6756
1041 6762
1042 6768
1043 6774
1044 6780
1045 6786
1046 6792
1047 6798
1048 6804
1049 6810
1050 6816
1051 6822
1052 6828
1053 6834
1054 6840
1055 6846
1056 6852
1057 6858
1058 6864
1059 6870
1060 6876
1061 6882
1062 6888
1063 6894
1064 6900
1065 6906
1066 6912
1067 6918
1068 6924
1069 6930
1070 6936
1071 6942
1072 6948
1073 6954
1074 6960
1075 6966
1076 6972
1077 6978
1078 6985
1079 6991
1080 6997
1081 7003
1082 7009
1083 7015
1084 7021
1085 7027
1086 7033
1087 7039
1088 7045
1089 7051
1090 7057
1091 7063
1092 7069
1093 7075
1094 7080
1095 7086
1096 7092
1097 7098
1098 7104
1099 7110
1100 7116
1101 7122
1102 7128
1103 7134
1104 7140
1105 7146
1106 7152
1107 7158
1108 7164
1109 7170
1110 7176
1111 7182
1112 7188
1113 7194
1114 7200
1115 7206
1116 7212
1117 7218
1118 7224
1119 7230
1120 7236
1121 7242
1122 7248
1123 7254
1124 7260
1125 7266
1126 7272
1127 7278
1128 7284
1129 7290
1130 7296
1131 7302
1132 7308
1133 7314
1134 7320
1135 7326
1136 7332
1137 7338
1138 7344
1139 7350
1140 7356
1141 7362
1142 7368
1143 7374
1144 7380
1145 7386
1146 7392
1147 7398
1148 7404
1149 7410
1150 7416
1151 7422
1152 7428
1153 7434
1154 7440
1155 7446
1156 7452
1157 7458
1158 7464
1159 7470
1160 7476
1161 7482
1162 7488
1163 7494
1164 7500
1165 7506
1166 7512
1167 7518
1168 7524
1169 7530
1170 7536
1171 7542
1172 7548
1173 7554
1174 7560
1175 7566
1176 7572
1177 7578
1178 7584
1179 7590
1180 7596
1181 7602
1182 7608
1183 7614
1184 7620
1185 7626
1186 7632
1187 7638
1188 7644
1205 7645
1206 7649
1207 7655
1208 7661
1209 7667
1210 7673
1211 7679
1212 7685
1213 7691
1214 7697
1215 7703
1216 7706
1217 7712
1218 7718
1219 7724
1220 7730
1221 7736
1222 7742
1223 7748
1224 7754
1225 7761
1226 7767
1227 7773
1228 7779
1229 7785
1230 7791
1231 7797
1232 7803
1233 7809
1234 7815
1235 7821
1236 7827
1237 7833
1238 7839
1239 7845
1240 7851
1241 7857
1242 7863
1243 7869
1244 7875
1245 7881
1246 7887
1247 7893
1248 7899
1249 7905
1250 7911
1251 7917
1252 7923
1253 7929
1254 7935
1255 7941
1256 7947
1257 7953
1258 7958
1259 7964
1260 7970
1261 7976
1262 7982
1263 7988
1264 7994
1265 8000
1266 8007
1267 8013
1268 8019
1269 8025
1270 8031
1271 8037
1272 8043
1273 8049
1274 8055
1275 8061
1276 8067
1277 8073
1278 8079
1279 8085
1280 8091
1281 8097
1282 8102
1283 8108
1284 8114
1285 8120
1286 8126
1287 8132
1288 8138
1289 8144
1290 8150
1291 8156
1292 8162
1293 8168
1294 8174
1295 8180
1296 8186
1297 8192
1298 8198
1299 8204
1300 8210
1301 8216
1302 8222
1303 8228
1304 8234
1305 8240
1306 8246
1307 8253
1308 8259
1309 8265
1310 8271
1311 8277
1312 8283
1313 8289
1314 8295
1315 8300
1316 8306
1317 8312
1318 8318
1319 8324
1320 8330
1321 8336
1322 8342
1323 8348
1324 8354
1325 8360
1326 8366
1327 8372
1328 8378
1329 8384
1330 8390
1331 8396
1332 8402
1333 8408
1334 8414
1335 8420
1336 8426
1337 8432
1338 8438
1339 8444
1340 8450
1341 8455
1342 8459
1343 8465
1344 8471
1345 8477
1346 8483
1347 8489
1348 8495
1349 8501
1350 8507
1351 8513
1352 8519
1353 8525
1354 8531
1355 8537
1356 8543
1357 8549
1358 8555
1359 8561
1360 8567
1361 8573
1362 8579
1363 8585
1364 8592
1365 8598
1366 8604
1367 8610
1368 8616
1369 8622
1370 8628
1371 8634
1372 8640
1373 8646
1374 8652
1375 8658
1376 8664
1377 8670
1378 8676
1379 8682
1380 8687
1381 8693
1382 8699
1383 8705
1384 8711
1385 8717
1386 8723
1387 8729
1388 8735
1389 8742
1390 8748
1391 8754
1392 8760
1393 8766
1394 8772
1395 8778
1396 8784
1397 8790
1398 8796
1399 8802
1400 8808
1401 8814
1402 8820
1403 8826
1404 8832
1405 8838
1406 8844
1407 8850
1408 8856
1409 8862
1410 8868
1411 8874
1412 8880
1413 8886
1414 8892
1415 8898
1416 8904
1417 8910
1418 8916
1419 8922
1420 8928
1421 8934
1422 8940
1423 8946
1424 8952
1425 8958
1426 8964
1427 8970
1428 8976
1429 8982
1430 8988
1431 8994
1432 9000
1433 9006
1434 9012
1435 9018
1436 9024
1437 9030
1438 9036
1439 9042
1440 9048
1441 9054
1442 9060
1443 9066
1444 9072
1445 9078
1446 9084
1447 9090
1448 9096
1449 9102
1450 9108
1451 9114
1452 9120
1453 9126
1454 9132
1455 9138
1456 9144
1457 9150
1458 9156
1459 9162
1460 9168
1461 9174
1462 9180
1463 9186
1464 9192
1465 9198
1466 9204
1467 9210
1468 9216
1469 9222
1470 9228
1471 9234
1472 9240
1473 9246
1474 9252
1475 9258
1476 9264
1477 9270
1478 9276
1479 9282
1480 9288
1481 9294
1482 9300
1483 9306
1484 9312
1485 9318
1486 9324
1487 9330
1488 9336
1489 9342
1490 9348
1491 9354
1492 9360
1493 9366
1494 9372
1495 9378
1496 9384
1497 9390
1498 9396
1499 9402
1500 9408
1501 9414
1502 9420
1503 9426
1504 9432
1505 9438
1506 9444
1507 9450
1508 9456
1509 9462
1510 9468
1511 9474
1512 9480
1513 9486
1514 9492
1515 9498
1516 9504
1517 9510
1518 9516
1519 9522
1520 9527
1521 9531
1522 9537
1523 9543
1524 9549
1525 9555
1526 9561
1527 9567
1528 9573
1529 9579
1530 9585
1531 9591
1532 9597
1533 9603
1534 9609
1535 9615
1536 9621
1537 9627
1538 9633
1539 9639
1540 9645
1541 9651
1542 9657
1543 9663
1544 9669
1545 9675
1546 9681
1547 9687
1548 9693
1549 9699
1550 9705
1551 9711
1552 9717
1553 9723
1554 9729
1555 9735
1556 9741
1557 9747
1558 9753
1559 9759
1560 9765
1561 9771
1562 9777
1563 9783
1564 9789
1565 9795
1566 9801
1567 9807
1568 9813
1569 9819
1570 9825
1571 9831
1572 9837
1573 9843
1574 9849
1575 9855
1576 9861
1577 9867
1578 9873
1579 9879
1580 9885
1581 9891
1582 9897
1583 9903
1584 9909
1585 9915
1586 9921
1587 9927
1588 9933
1589 9939
1590 9945
1591 9951
1592 9957
1593 9962
1594 9968
1595 9974
1596 9980
1597 9986
1598 9992
1599 9998
1600 10004
1601 10011
1602 10017
1603 10023
1604 10029
1605 10035
1606 10041
1607 10047
1608 10053
1609 10059
1610 10065
1611 10071
1612 10077
1613 10083
1614 10089
1615 10095
1616 10101
1617 10106
1618 10112
1619 10118
1620 10124
1621 10130
1622 10136
1623 10142
1624 10148
1625 10155
1626 10161
1627 10167
1628 10173
1629 10179
1630 10185
1631 10191
1632 10197
1633 10203
1634 10209
1635 10215
1636 10221
1637 10227
1638 10233
1639 10239
1640 10245
1641 10251
1642 10257
1643 10263
1644 10269
1645 10275
1646 10281
1647 10287
1648 10293
1649 10299
1650 10305
1651 10311
1652 10317
1653 10323
1654 10329
1655 10335
1656 10341
1657 10347
1658 10353
1659 10359
1660 10365
1661 10371
1662 10377
1663 10383
1664 10389
1665 10395
1666 10401
1667 10407
1668 10413
1669 10419
1670 10425
1671 10431
1672 10437
1673 10443
1674 10449
1675 10455
1676 10461
1677 10467
1678 10473
1679 10479
1680 10485
1681 10491
1682 10497
1683 10503
1684 10509
1685 10515
1686 10521
1687 10527
1688 10533
1689 10539
1690 10545
1691 10551
1692 10557
1693 10563
1694 10569
1695 10575
1696 10581
1697 10587
1698 10593
1699 10599
1700 10605
1701 10611
1702 10617
1703 10623
1704 10629
1705 10635
1706 10641
1707 10647
1708 10653
1709 10659
1710 10665
1711 10671
1712 10677
1713 10683
1714 10689
1715 10695
1716 10701
1717 10707
1718 10713
1719 10719
1720 10725
1721 10731
1722 10737
1723 10743
1724 10749
1725 10755
1726 10761
1727 10767
1728 10773
1729 10779
1730 10785
1731 10791
1732 10797
1733 10803
1734 10809
1735 10815
1736 10821
1737 10827
1738 10833
1739 10839
1740 10845
1741 10851
1742 10857
1743 10863
1744 10869
1745 10875
1746 10881
1747 10887
1748 10893
1749 10899
1750 10905
1751 10911
1752 10917
1753 10923
1754 10929
1755 10935
1756 10941
1757 10947
1758 10953
1759 10959
1760 10965
1761 10971
1762 10977
1763 10983
1764 10989
1765 10995
1766 11001
1767 11007
1768 11013
1769 11019
1770 11025
1771 11031
1772 11037
1773 11043
1774 11049
1775 11055
1776 11061
1777 11067
1778 11073
1779 11079
1780 11085
1781 11091
1782 11097
1783 11103
1784 11109
1785 11115
1786 11121
1787 11127
1788 11133
1789 11139
1790 11145
1791 11151
1792 11157
1793 11163
1794 11169
1795 11175
1796 11181
1797 11187
1798 11193
1799 11199
1800 11205
1801 11211
1802 11217
1803 11223
1804 11229
1805 11235
1806 11241
1807 11247
1808 11253
1809 11259
1810 11265
1811 11271
1812 11277
1813 11283
1814 11289
1815 11295
1816 11301
1817 11307
1818 11313
1819 11319
1820 11325
1821 11331
1822 11337
1823 11343
1824 11349
1825 11355
1826 11361
1827 11367
1828 11373
1829 11379
1830 11385
1831 11391
1832 11397
1833 11403
1834 11409
1835 11415
1836 11421
1837 11427
1838 11433
1839 11439
1840 11445
1841 11451
1842 11457
1843 11463
1844 11469
1845 11475
1846 11481
1847 11487
1848 11493
1849 11499
1850 11505
1851 11511
1852 11517
1853 11523
1854 11529
1855 11535
1856 11541
1857 11547
1858 11553
1859 11559
1860 11565
1861 11571
1862 11577
1863 11583
1885 11589
1886 11595
1887 11601
1888 11607
1889 11613
1890 11619
1891 11625
1892 11631
1893 11637
1894 11643
1895 11649
1896 11655
1897 11661
1898 11667
1899 11673
1900 11679
1901 11685
1902 11691
1903 11697
1904 11703
1905 11709
1906 11715
1907 11721
1908 11727
1909 11733
1910 11739
1911 11745
1912 11751
1913 11757
1914 11763
1915 11769
1916 11775
1917 11781
1918 11787
1919 11793
1920 11799
1921 11805
1922 11811
1923 11817
1924 11823
1925 11829
1926 11835
1927 11841
1928 11847
1929 11853
1930 11859
1931 11865
1932 11871
1933 11877
1934 11883
1935 11889
1936 11895
1937 11901
1938 11907
1939 11913
1940 11919
1941 11925
1942 11931
1943 11937
1944 11943
1945 11949
1946 11955
1947 11961
1948 11967
1949 11973
1950 11979
1951 11985
1952 11991
1953 11997
1954 12003
1955 12009
1956 12015
1957 12021
1958 12027
1959 12033
1960 12039
1961 12045
1962 12051
1963 12057
1964 12063
1965 12069
1966 12075
1967 12081
1968 12087
1969 12093
1970 12099
1971 12105
1972 12111
1973 12117
1974 12123
1975 12129
1976 12135
1977 12141
1978 12147
1979 12153
1980 12159
1981 12165
1982 12171
1983 12177
1984 12183
1985 12189
1986 12195
1987 12201
1988 12207
1989 12213
1990 12219
1991 12225
1992 12231
1993 12237
1994 12243
1995 12249
1996 12255
1997 12261
1998 12267
1999 12273
2000 12279
2001 12285
2002 12291
2003 12297
2004 12303
2005 12309
2006 12315
2007 12321
2008 12327
2009 12333
2010 12339
2011 12345
2012 12351
2013 12357
2014 12363
2015 12369
2016 12375
2017 12381
2018 12387
2019 12393
2020 12399
2021 12405
2022 12411
2023 12417
2024 12423
2025 12429
2026 12435
2027 12441
2028 12447
2029 12453
2030 12459
2031 12465
2032 12471
2033 12477
2034 12483
2035 12489
2036 12495
2037 12501
2038 12507
2039 12513
2040 12519
2041 12525
2042 12531
2043 12537
2044 12543
2045 12549
2046 12555
2047 12561
2048 12567
2049 12573
2050 12579
2051 12585
2052 12591
2053 12597
2054 12603
2055 12609
2056 12615
2057 12621
2058 12627
2059 12633
2060 12639
2061 12645
2062 12651
2063 12657
2064 12663
2065 12669
2066 12675
2067 12681
2068 12687
2069 12693
2070 12699
2071 12705
2072 12711
2073 12717
2074 12723
2075 12729
2076 12735
2077 12741
2078 12747
2079 12753
2080 12759
2081 12765
2082 12771
2083 12777
2084 12783
2085 12789
2086 12795
2087 12801
2088 12807
2089 12810
2090 12815
2091 12821
2092 12827
2093 12833
2094 12839
2095 12845
2096 12851
2097 12857
2098 12863
2099 12869
2100 12875
2101 12881
2102 12887
2103 12893
2104 12899
2105 12905
2106 12908
2107 12914
2108 12920
2109 12926
2110 12932
2111 12938
2112 12944
2113 12950
2114 12956
2115 12962
2116 12968
2117 12974
2118 12980
2119 12986
2120 12992
2121 12998
2122 13004
2123 13010
2124 13016
2125 13022
2126 13028
2127 13034
2128 13040
2129 13046
2130 13052
2131 13058
2132 13064
2133 13070
2134 13076
2135 13082
2136 13088
2137 13094
2138 13100
2139 13106
2140 13112
2141 13118
2142 13124
2143 13130
2144 13136
2145 13142
2146 13148
2147 13154
2148 13160
2149 13166
2150 13172
2151 13178
2152 13184
2153 13190
2154 13196
2155 13202
2156 13208
2157 13214
2158 13220
2159 13226
2160 13232
2161 13238
2162 13244
2163 13250
2164 13256
2165 13262
2166 13268
2167 13274
2168 13280
2169 13286
2170 13292
2171 13298
2172 13304
2173 13310
2174 13316
2175 13322
2176 13328
2177 13334
2178 13340
2179 13346
2180 13352
2181 13358
2182 13364
2183 13370
2184 13376
2185 13382
2186 13388
2187 13394
2188 13400
2189 13406
2190 13412
2191 13418
2192 13424
2193 13430
2194 13436
2195 13442
2196 13448
2197 13454
2198 13460
2199 13466
2200 13472
2201 13478
2202 13484
2203 13490
2204 13496
2205 13502
2206 13508
2207 13514
2208 13520
2209 13526
2210 13532
2211 13538
2212 13544
2213 13550
2214 13556
2215 13562
2216 13568
2217 13574
2218 13580
2219 13586
2220 13592
2221 13598
2222 13604
2223 13610
2224 13616
2225 13622
2226 13628
2227 13634
2228 13640
2229 13646
2230 13652
2231 13658
2232 13664
2233 13670
2234 13676
2235 13682
2236 13688
2237 13694
2238 13700
2239 13706
2240 13712
2241 13718
2242 13724
2243 13730
2244 13736
2245 13742
2246 13748
2247 13754
2248 13760
2249 13766
2250 13772
2251 13778
2252 13784
2253 13790
2254 13796
2255 13802
2256 13808
2257 13814
2258 13820
2259 13826
2260 13832
2261 13838
2262 13844
2263 13850
2264 13856
2265 13862
2266 13868
2267 13874
2268 13880
2269 13886
2270 13892
2271 13898
2272 13904
2273 13910
2274 13916
2275 13922
2276 13928
2277 13934
2278 13940
2279 13946
2280 13952
2281 13958
2282 13964
2283 13967
2284 13973
2285 13979
2286 13985
2287 13988
2288 13994
2289 14000
2290 14006
2291 14012
2292 14018
2293 14024
2294 14027
2295 14033
2296 14039
2297 14045
2298 14051
2299 14057
2300 14063
2301 14069
2302 14075
2303 14081
2304 14087
2305 14093
2306 14099
2307 14105
2308 14111
2309 14117
2310 14122
2311 14123
2312 14124
2313 14125
2314 14126
2315 14130
2316 14136
2317 14139
2318 14145
2319 14151
2320 14157
2321 14163
2322 14169
2323 14175
2324 14181
2325 14187
2326 14193
2327 14199
2328 14205
2329 14211
2330 14217
2331 14223
2332 14229
2333 14235
2334 14241
2335 14247
2336 14253
2337 14259
2338 14265
2339 14271
2340 14277
2341 14283
2342 14289
2343 14295
2344 14301
2345 14307
2346 14313
2347 14319
2348 14325
2349 14331
2350 14337
2351 14343
2352 14349
2353 14355
2354 14361
2355 14367
2356 14373
2357 14379
2358 14385
2359 14391
2360 14397
2361 14403
2362 14409
2363 14415
2364 14421
2365 14427
2366 14433
2367 14439
2368 14445
2369 14451
2370 14457
2371 14463
2372 14469
2373 14475
2374 14481
2375 14487
2376 14493
2377 14499
2378 14505
2379 14511
2380 14517
2381 14523
2382 14529
2383 14535
2384 14541
2385 14547
2386 14553
2387 14559
2388 14565
2389 14571
2390 14577
2391 14583
2392 14589
2393 14595
2394 14601
2395 14607
2396 14613
2397 14619
2398 14625
2399 14631
2400 14637
2401 14643
2402 14649
2403 14655
2404 14661
2405 14667
2406 14673
2407 14679
2408 14685
2409 14691
2410 14697
2411 14703
2412 14709
2413 14715
2414 14721
2415 14727
2416 14733
2417 14739
2418 14745
2419 14751
2420 14757
2421 14763
2422 14769
2423 14775
2424 14781
2425 14787
2426 14793
2427 14799
2428 14805
2429 14811
2430 14817
2431 14823
2432 14829
2433 14835
2434 14841
2435 14847
2436 14853
2437 14859
2438 14865
2439 14871
2440 14877
2441 14883
2442 14889
2443 14895
2444 14901
2445 14907
2446 14913
2447 14919
2448 14925
2449 14931
2450 14937
2451 14943
2452 14949
2453 14955
2454 14961
2455 14967
2456 14973
2457 14979
2458 14985
2459 14991
2460 14997
2461 15003
2462 15009
2463 15015
2464 15021
2465 15027
2466 15033
2467 15039
2468 15045
2469 15051
2470 15057
2471 15063
2472 15069
2473 15075
2474 15081
2475 15087
2476 15093
2477 15099
2478 15105
2479 15111
2480 15117
2481 15123
2482 15129
2483 15135
2484 15141
2485 15147
2486 15153
2487 15159
2488 15165
2489 15171
2490 15177
2491 15183
2492 15189
2493 15195
2494 15201
2495 15207
2496 15213
2497 15219
2498 15225
2499 15231
2500 15237
2501 15243
2502 15249
2503 15255
2504 15261
2505 15267
2506 15273
2507 15279
2508 15285
2509 15291
2510 15297
2511 15303
2512 15309
2513 15315
2514 15321
2515 15327
2516 15333
2517 15339
2518 15345
2519 15351
2520 15357
2521 15363
2522 15369
2523 15375
2524 15381
2525 15387
2526 15393
2527 15399
2528 15405
2529 15411
2530 15417
2531 15423
2532 15429
2533 15435
2534 15441
2535 15447
2536 15453
2537 15459
2538 15465
2539 15471
2540 15477
2541 15483
2542 15489
2543 15495
2544 15501
2545 15507
2546 15513
2547 15519
2548 15525
2549 15531
2550 15537
2551 15543
2552 15549
2553 15555
2554 15561
2555 15567
2556 15573
2557 15579
2558 15585
2559 15591
2560 15597
2561 15603
2562 15609
2563 15615
2564 15621
2565 15627
2566 15633
2567 15639
2568 15645
2569 15651
2570 15657
2571 15663
2572 15669
2573 15675
2574 15681
2575 15687
2576 15693
2577 15699
2578 15705
2579 15711
2580 15717
2581 15723
2582 15729
2583 15735
2584 15741
2585 15747
2586 15753
2587 15759
2588 15765
2589 15771
2590 15777
2591 15783
2592 15789
2593 15795
2594 15801
2595 15807
2596 15813
2597 15819
2598 15825
2599 15831
2600 15837
2601 15843
2602 15849
2603 15855
2604 15861
2605 15867
2606 15873
2607 15879
2608 15885
2609 15891
2610 15897
2611 15903
2612 15909
2613 15915
2614 15921
2615 15927
2616 15933
2617 15939
2618 15945
2619 15951
2620 15957
2621 15963
2622 15969
2623 15975
2624 15981
2625 15987
2626 15993
2627 15999
2628 16005
2629 16011
2630 16017
2631 16023
2632 16029
2633 16035
2634 16041
2635 16047
2636 16053
2637 16059
2638 16065
2639 16071
2640 16077
2641 16083
2642 16089
2643 16095
2644 16101
2645 16107
2646 16113
2647 16119
2648 16125
2649 16131
2650 16137
2651 16143
2652 16149
2653 16155
2654 16161
2655 16167
2656 16173
2657 16179
2658 16185
2659 16191
2660 16197
2661 16203
2662 16209
2663 16215
2664 16221
2665 16227
2666 16233
2667 16239
2668 16245
2669 16251
2670 16257
2671 16263
2672 16269
2673 16275
2674 16281
2675 16287
2676 16293
2677 16299
2678 16305
2679 16311
2680 16317
2681 16323
2682 16329
2683 16335
2684 16341
2685 16347
2686 16353
2687 16359
2688 16365
2689 16371
2690 16377
2691 16383
2692 16389
2693 16395
2694 16401
2695 16407
2696 16413
2697 16419
2698 16425
2699 16431
2700 16437
2701 16443
2702 16449
2703 16455
2704 16461
2705 16467
2706 16473
2707 16479
2708 16485
2709 16491
2710 16497
2711 16503
2712 16509
2713 16515
2714 16521
2715 16527
2716 16533
2717 16539
