0 649
1 655
2 661
3 667
4 673
5 679
6 685
7 691
8 697
9 703
10 709
11 715
12 721
13 727
14 733
15 739
16 745
17 751
18 757
19 763
20 769
21 775
22 781
23 787
24 793
25 799
26 805
27 811
28 817
29 823
30 829
31 835
32 841
33 847
34 853
35 859
36 865
37 871
38 877
39 883
40 889
41 895
42 901
43 907
44 913
45 919
46 925
47 931
48 937
49 943
50 949
51 955
52 961
53 967
54 973
55 979
56 985
57 991
58 997
59 1003
60 1009
61 1015
62 1021
63 1027
64 1033
65 1039
66 1045
67 1051
68 1057
69 1063
70 1069
71 1075
72 1081
73 1087
74 1093
75 1099
76 1105
77 1111
78 1117
79 1123
80 1129
81 1135
82 1141
83 1147
84 1153
85 1159
86 1165
87 1171
88 1177
89 1183
90 1189
91 1195
92 1201
93 1207
94 1213
95 1219
96 1225
97 1231
98 1237
99 1243
100 1249
101 1255
102 1261
103 1267
104 1273
105 1279
106 1285
107 1291
108 1297
109 1303
110 1309
111 1315
112 1321
113 1327
114 1333
115 1339
116 1345
117 1351
118 1357
119 1363
120 1369
121 1375
122 1381
123 1387
124 1393
125 1399
126 1405
127 1411
128 1417
129 1423
130 1429
131 1435
132 1441
133 1447
134 1453
135 1459
136 1465
137 1471
138 1477
139 1483
140 1489
141 1495
142 1501
143 1507
144 1513
145 1519
146 1525
147 1531
148 1537
149 1543
150 1549
151 1555
152 1561
153 1567
154 1573
155 1579
156 1585
157 1591
158 1597
159 1603
160 1609
161 1615
162 1621
163 1627
164 1633
165 1639
166 1645
167 1651
168 1657
169 1663
170 1669
171 1675
172 1681
173 1687
174 1693
175 1699
176 1705
177 1711
178 1717
179 1723
180 1729
181 1735
182 1741
183 1747
184 1753
185 1759
186 1765
187 1771
188 1777
189 1783
190 1789
191 1795
192 1801
193 1807
194 1813
195 1819
196 1825
197 1831
198 1837
199 1843
200 1849
201 1855
202 1861
203 1867
204 1873
205 1879
206 1885
207 1891
208 1897
209 1903
210 1909
211 1915
212 1921
213 1927
214 1933
215 1939
216 1945
217 1951
218 1957
219 1963
220 1969
221 1975
222 1981
223 1987
224 1993
225 1999
226 2005
227 2011
228 2017
229 2023
230 2029
231 2035
232 2041
233 2047
234 2053
235 2059
236 2065
237 2071
238 2077
239 2083
240 2089
241 2095
242 2101
243 2107
244 2113
245 2119
246 2125
247 2131
248 2137
249 2143
250 2149
251 2155
252 2161
253 2167
254 2173
255 2179
256 2185
257 2191
258 2197
259 2203
260 2209
261 2215
262 2221
263 2227
264 2233
265 2239
266 2245
267 2251
268 2257
269 2263
270 2269
271 2275
272 2281
273 2287
274 2293
275 2299
276 2305
277 2311
278 2317
279 2323
280 2329
281 2335
282 2341
283 2347
284 2353
285 2359
286 2365
287 2371
288 2377
289 2383
290 2389
291 2395
292 2401
293 2407
294 2413
295 2419
296 2425
297 2431
298 2437
299 2443
300 2449
301 2455
302 2461
303 2467
304 2473
305 2479
306 2485
307 2491
308 2497
309 2503
310 2509
311 2515
312 2521
313 2527
314 2533
315 2539
316 2545
317 2551
318 2557
319 2563
320 2569
321 2575
322 2581
323 2587
324 2593
325 2599
326 2605
327 2611
328 2617
329 2623
330 2629
331 2635
332 2641
333 2647
334 2653
335 2659
336 2665
337 2671
338 2677
339 2683
340 2689
341 2695
342 2701
343 2707
344 2713
345 2719
346 2725
347 2731
348 2737
349 2743
350 2749
351 2755
352 2761
353 2767
354 2773
355 2779
356 2785
357 2791
358 2797
359 2803
360 2809
361 2815
362 2821
363 2827
364 2833
365 2839
366 2845
367 2851
368 2857
369 2863
370 2869
371 2875
372 2881
373 2887
374 2893
375 2899
376 2905
377 2911
378 2917
379 2923
380 2929
381 2935
382 2941
383 2947
384 2953
385 2959
386 2965
387 2971
388 2977
389 2983
390 2989
391 2995
392 3001
393 3007
394 3013
395 3019
396 3025
397 3031
398 3037
399 3043
400 3049
401 3055
402 3061
403 3067
404 3073
405 3079
406 3085
407 3091
408 3097
409 3103
410 3109
411 3115
412 3121
413 3127
414 3133
415 3139
416 3145
417 3151
418 3157
419 3163
420 3169
421 3175
422 3181
423 3187
424 3193
425 3199
426 3205
427 3211
428 3217
429 3223
430 3229
431 3235
432 3241
433 3247
434 3253
435 3259
436 3265
437 3271
438 3277
439 3283
440 3289
441 3295
442 3301
443 3307
444 3313
445 3319
446 3325
447 3331
448 3337
449 3343
450 3349
451 3355
452 3361
453 3367
454 3373
455 3379
456 3385
457 3391
458 3397
459 3403
460 3409
461 3415
462 3421
463 3427
464 3433
465 3439
466 3445
467 3451
468 3457
469 3463
470 3469
471 3475
472 3481
473 3487
474 3493
475 3499
476 3505
477 3511
478 3517
479 3523
480 3529
481 3535
482 3541
483 3547
484 3553
485 3559
486 3565
487 3571
488 3577
489 3583
490 3589
491 3595
492 3601
493 3607
494 3613
495 3619
496 3625
497 3631
498 3637
499 3643
500 3649
501 3655
502 3661
503 3667
504 3673
505 3679
506 3685
507 3691
508 3697
509 3703
510 3709
511 3715
512 3721
513 3727
514 3733
515 3739
516 3745
517 3751
518 3757
519 3763
520 3769
521 3775
522 3781
523 3787
524 3793
525 3799
526 3805
527 3811
528 3817
529 3823
530 3829
531 3835
532 3841
533 3847
534 3853
535 3859
536 3865
537 3871
538 3877
539 3883
540 3889
541 3895
542 3901
543 3907
544 3913
545 3919
546 3925
547 3931
548 3937
549 3943
550 3949
551 3955
552 3961
553 3967
554 3973
555 3979
556 3985
557 3991
558 3997
559 4003
560 4009
561 4015
562 4021
563 4027
564 4033
565 4039
566 4045
567 4051
568 4057
569 4063
570 4069
571 4075
572 4081
573 4087
574 4093
575 4099
576 4105
577 4111
578 4117
579 4123
580 4129
581 4135
582 4141
583 4147
584 4153
585 4159
586 4165
587 4171
588 4177
589 4183
590 4189
591 4195
592 4201
593 4207
594 4213
595 4219
596 4225
597 4231
598 4237
599 4243
600 4249
601 4255
602 4261
603 4267
604 4273
605 4279
606 4285
607 4291
608 4297
609 4303
610 4309
611 4315
612 4321
613 4327
614 4333
615 4339
616 4345
617 4351
618 4357
619 4363
620 4369
621 4375
622 4381
623 4387
624 4393
625 4399
626 4405
627 4411
628 4417
629 4423
630 4429
631 4435
632 4441
633 4447
634 4453
635 4459
636 4465
637 4471
638 4477
639 4483
640 4489
641 4495
642 4501
643 4507
644 4513
645 4519
646 4525
647 4531
648 4537
649 4543
650 4549
651 4555
652 4561
653 4567
654 4573
655 4579
656 4585
657 4591
658 4597
659 4603
660 4609
661 4615
662 4621
663 4627
664 4633
665 4639
666 4645
667 4651
668 4657
669 4663
670 4669
671 4675
672 4681
673 4687
674 4693
675 4699
676 4705
677 4711
678 4717
679 4723
680 4729
681 4735
682 4741
683 4747
684 4753
685 4759
686 4765
687 4771
688 4777
689 4783
690 4789
691 4795
692 4801
693 4807
694 4813
695 4819
696 4825
697 4831
698 4837
699 4843
700 4849
701 4855
702 4856
703 4862
704 4868
705 4874
711 4877
712 4881
713 4884
714 4890
715 4895
716 4901
717 4904
718 4907
719 4913
720 4919
721 4925
722 4931
723 4937
724 4943
725 4949
726 4955
727 4961
728 4967
729 4973
730 4979
731 4985
732 4991
733 4997
734 5003
735 5009
736 5015
737 5021
738 5027
739 5033
740 5039
741 5045
742 5051
743 5057
744 5063
745 5069
746 5075
747 5081
748 5087
749 5093
750 5099
751 5105
752 5111
753 5117
754 5123
755 5129
756 5135
757 5141
758 5147
759 5153
760 5159
761 5165
762 5171
763 5177
764 5183
765 5189
766 5195
767 5201
768 5207
769 5213
770 5219
771 5225
772 5231
773 5237
774 5243
775 5249
776 5255
777 5261
778 5267
779 5273
780 5279
781 5285
782 5291
783 5297
784 5303
785 5309
786 5315
787 5321
788 5327
789 5333
790 5339
791 5345
792 5351
793 5357
794 5363
795 5369
796 5375
797 5381
798 5387
799 5393
800 5399
801 5405
802 5411
803 5417
804 5423
805 5429
806 5435
807 5441
808 5447
809 5453
810 5459
811 5465
812 5471
813 5477
814 5483
815 5489
816 5495
817 5501
818 5507
819 5513
820 5519
821 5525
822 5531
823 5537
824 5543
825 5549
826 5555
827 5561
828 5567
829 5573
830 5579
831 5585
832 5591
833 5597
834 5603
835 5609
836 5615
837 5621
838 5627
839 5633
840 5639
841 5645
842 5651
843 5657
844 5663
845 5669
846 5675
847 5681
848 5687
849 5693
850 5699
853 5704
856 5705
857 5710
859 5714
860 5719
861 5725
862 5731
863 5737
864 5743
865 5749
866 5755
867 5761
868 5767
869 5773
870 5779
871 5785
872 5791
873 5797
874 5803
875 5809
876 5815
877 5821
878 5827
879 5833
880 5839
881 5842
882 5848
883 5854
884 5860
885 5866
886 5872
887 5878
888 5884
889 5890
890 5896
891 5902
892 5908
893 5914
894 5920
895 5926
896 5932
897 5938
898 5944
899 5950
900 5956
901 5962
902 5968
903 5974
904 5980
905 5986
906 5992
907 5998
908 6004
909 6010
910 6016
911 6022
912 6028
913 6034
914 6040
915 6046
916 6052
917 6058
918 6064
919 6070
920 6076
921 6082
922 6088
923 6094
924 6100
925 6106
926 6112
927 6118
928 6124
929 6130
930 6136
931 6142
932 6148
933 6154
934 6160
935 6166
936 6172
937 6178
938 6184
939 6190
940 6196
941 6202
942 6208
943 6214
944 6220
945 6226
946 6232
947 6238
948 6244
949 6250
950 6256
951 6262
952 6268
953 6274
954 6280
955 6286
956 6292
957 6298
958 6304
959 6310
960 6316
961 6322
962 6328
963 6334
964 6340
965 6346
966 6352
967 6358
968 6364
969 6370
970 6376
971 6382
972 6388
973 6394
974 6400
975 6406
976 6412
977 6418
978 6424
979 6430
980 6436
981 6442
982 6448
983 6454
984 6460
985 6466
986 6472
987 6478
988 6484
989 6490
990 6496
991 6502
992 6508
993 6514
994 6520
995 6526
996 6532
997 6538
998 6544
999 6550
1000 6556
1001 6562
1002 6567
1003 6569
1004 6575
1005 6581
1006 6587
1007 6593
1009 6600
1010 6606
1011 6612
1012 6618
1013 6624
1014 6630
1015 6636
1016 6642
1017 6648
1018 6654
1019 6660
1020 6666
1021 6672
1022 6678
1023 6684
1024 6691
1025 6697
1026 6703
1027 6709
1028 6715
1029 6721
1030 6727
1031 6733
1032 6738
1033 6744
1034 6750
1035 6756
1036 6762
1037 6768
1038 6774
1039 6780
1040 6786
1041 6792
1042 6798
1043 6804
1044 6810
1045 6816
1046 6822
1047 6828
1048 6834
1049 6840
1050 6846
1051 6852
1052 6858
1053 6864
1054 6870
1055 6876
1056 6882
1057 6888
1058 6894
1059 6900
1060 6906
1061 6912
1062 6918
1063 6924
1064 6930
1065 6936
1066 6942
1067 6948
1068 6954
1069 6960
1070 6966
1071 6972
1072 6978
1073 6985
1074 6991
1075 6997
1076 7003
1077 7009
1078 7015
1079 7021
1080 7027
1081 7033
1082 7039
1083 7045
1084 7051
1085 7057
1086 7063
1087 7069
1088 7075
1089 7080
1090 7086
1091 7092
1092 7098
1093 7104
1094 7110
1095 7116
1096 7122
1097 7128
1098 7134
1099 7140
1100 7146
1101 7152
1102 7158
1103 7164
1104 7170
1105 7176
1106 7182
1107 7188
1108 7194
1109 7200
1110 7206
1111 7212
1112 7218
1113 7224
1114 7230
1115 7236
1116 7242
1117 7248
1118 7254
1119 7260
1120 7266
1121 7272
1122 7278
1123 7284
1124 7290
1125 7296
1126 7302
1127 7308
1128 7314
1129 7320
1130 7326
1131 7332
1132 7338
1133 7344
1134 7350
1135 7356
1136 7362
1137 7368
1138 7374
1139 7380
1140 7386
1141 7392
1142 7398
1143 7404
1144 7410
1145 7416
1146 7422
1147 7428
1148 7434
1149 7440
1150 7446
1151 7452
1152 7458
1153 7464
1154 7470
1155 7476
1156 7482
1157 7488
1158 7494
1159 7500
1160 7506
1161 7512
1162 7518
1163 7524
1164 7530
1165 7536
1166 7542
1167 7548
1168 7554
1169 7560
1170 7566
1171 7572
1172 7578
1173 7584
1174 7590
1175 7596
1176 7602
1177 7608
1178 7614
1179 7620
1180 7626
1181 7632
1182 7638
1183 7644
1200 7645
1201 7649
1202 7655
1203 7661
1204 7667
1205 7673
1206 7679
1207 7685
1208 7691
1209 7697
1210 7703
1211 7706
1212 7712
1213 7718
1214 7724
1215 7730
1216 7736
1217 7742
1218 7748
1219 7754
1220 7761
1221 7767
1222 7773
1223 7779
1224 7785
1225 7791
1226 7797
1227 7803
1228 7809
1229 7815
1230 7821
1231 7827
1232 7833
1233 7839
1234 7845
1235 7851
1236 7857
1237 7863
1238 7869
1239 7875
1240 7881
1241 7887
1242 7893
1243 7899
1244 7905
1245 7911
1246 7917
1247 7923
1248 7929
1249 7935
1250 7941
1251 7947
1252 7953
1253 7958
1254 7964
1255 7970
1256 7976
1257 7982
1258 7988
1259 7994
1260 8000
1261 8007
1262 8013
1263 8019
1264 8025
1265 8031
1266 8037
1267 8043
1268 8049
1269 8055
1270 8061
1271 8067
1272 8073
1273 8079
1274 8085
1275 8091
1276 8097
1277 8102
1278 8108
1279 8114
1280 8120
1281 8126
1282 8132
1283 8138
1284 8144
1285 8150
1286 8156
1287 8162
1288 8168
1289 8174
1290 8180
1291 8186
1292 8192
1293 8198
1294 8204
1295 8210
1296 8216
1297 8222
1298 8228
1299 8234
1300 8240
1301 8246
1302 8253
1303 8259
1304 8265
1305 8271
1306 8277
1307 8283
1308 8289
1309 8295
1310 8300
1311 8306
1312 8312
1313 8318
1314 8324
1315 8330
1316 8336
1317 8342
1318 8348
1319 8354
1320 8360
1321 8366
1322 8372
1323 8378
1324 8384
1325 8390
1326 8396
1327 8402
1328 8408
1329 8414
1330 8420
1331 8426
1332 8432
1333 8438
1334 8444
1335 8450
1336 8455
1337 8459
1338 8465
1339 8471
1340 8477
1341 8483
1342 8489
1343 8495
1344 8501
1345 8507
1346 8513
1347 8519
1348 8525
1349 8531
1350 8537
1351 8543
1352 8549
1353 8555
1354 8561
1355 8567
1356 8573
1357 8579
1358 8585
1359 8592
1360 8598
1361 8604
1362 8610
1363 8616
1364 8622
1365 8628
1366 8634
1367 8640
1368 8646
1369 8652
1370 8658
1371 8664
1372 8670
1373 8676
1374 8682
1375 8687
1376 8693
1377 8699
1378 8705
1379 8711
1380 8717
1381 8723
1382 8729
1383 8735
1384 8742
1385 8748
1386 8754
1387 8760
1388 8766
1389 8772
1390 8778
1391 8784
1392 8790
1393 8796
1394 8802
1395 8808
1396 8814
1397 8820
1398 8826
1399 8832
1400 8838
1401 8844
1402 8850
1403 8856
1404 8862
1405 8868
1406 8874
1407 8880
1408 8886
1409 8892
1410 8898
1411 8904
1412 8910
1413 8916
1414 8922
1415 8928
1416 8934
1417 8940
1418 8946
1419 8952
1420 8958
1421 8964
1422 8970
1423 8976
1424 8982
1425 8988
1426 8994
1427 9000
1428 9006
1429 9012
1430 9018
1431 9024
1432 9030
1433 9036
1434 9042
1435 9048
1436 9054
1437 9060
1438 9066
1439 9072
1440 9078
1441 9084
1442 9090
1443 9096
1444 9102
1445 9108
1446 9114
1447 9120
1448 9126
1449 9132
1450 9138
1451 9144
1452 9150
1453 9156
1454 9162
1455 9168
1456 9174
1457 9180
1458 9186
1459 9192
1460 9198
1461 9204
1462 9210
1463 9216
1464 9222
1465 9228
1466 9234
1467 9240
1468 9246
1469 9252
1470 9258
1471 9264
1472 9270
1473 9276
1474 9282
1475 9288
1476 9294
1477 9300
1478 9306
1479 9312
1480 9318
1481 9324
1482 9330
1483 9336
1484 9342
1485 9348
1486 9354
1487 9360
1488 9366
1489 9372
1490 9378
1491 9384
1492 9390
1493 9396
1494 9402
1495 9408
1496 9414
1497 9420
1498 9426
1499 9432
1500 9438
1501 9444
1502 9450
1503 9456
1504 9462
1505 9468
1506 9474
1507 9480
1508 9486
1509 9492
1510 9498
1511 9504
1512 9510
1513 9516
1514 9522
1515 9527
1516 9531
1517 9537
1518 9543
1519 9549
1520 9555
1521 9561
1522 9567
1523 9573
1524 9579
1525 9585
1526 9591
1527 9597
1528 9603
1529 9609
1530 9615
1531 9621
1532 9627
1533 9633
1534 9639
1535 9645
1536 9651
1537 9657
1538 9663
1539 9669
1540 9675
1541 9681
1542 9687
1543 9693
1544 9699
1545 9705
1546 9711
1547 9717
1548 9723
1549 9729
1550 9735
1551 9741
1552 9747
1553 9753
1554 9759
1555 9765
1556 9771
1557 9777
1558 9783
1559 9789
1560 9795
1561 9801
1562 9807
1563 9813
1564 9819
1565 9825
1566 9831
1567 9837
1568 9843
1569 9849
1570 9855
1571 9861
1572 9867
1573 9873
1574 9879
1575 9885
1576 9891
1577 9897
1578 9903
1579 9909
1580 9915
1581 9921
1582 9927
1583 9933
1584 9939
1585 9945
1586 9951
1587 9957
1588 9962
1589 9968
1590 9974
1591 9980
1592 9986
1593 9992
1594 9998
1595 10004
1596 10011
1597 10017
1598 10023
1599 10029
1600 10035
1601 10041
1602 10047
1603 10053
1604 10059
1605 10065
1606 10071
1607 10077
1608 10083
1609 10089
1610 10095
1611 10101
1612 10106
1613 10112
1614 10118
1615 10124
1616 10130
1617 10136
1618 10142
1619 10148
1620 10155
1621 10161
1622 10167
1623 10173
1624 10179
1625 10185
1626 10191
1627 10197
1628 10203
1629 10209
1630 10215
1631 10221
1632 10227
1633 10233
1634 10239
1635 10245
1636 10251
1637 10257
1638 10263
1639 10269
1640 10275
1641 10281
1642 10287
1643 10293
1644 10299
1645 10305
1646 10311
1647 10317
1648 10323
1649 10329
1650 10335
1651 10341
1652 10347
1653 10353
1654 10359
1655 10365
1656 10371
1657 10377
1658 10383
1659 10389
1660 10395
1661 10401
1662 10407
1663 10413
1664 10419
1665 10425
1666 10431
1667 10437
1668 10443
1669 10449
1670 10455
1671 10461
1672 10467
1673 10473
1674 10479
1675 10485
1676 10491
1677 10497
1678 10503
1679 10509
1680 10515
1681 10521
1682 10527
1683 10533
1684 10539
1685 10545
1686 10551
1687 10557
1688 10563
1689 10569
1690 10575
1691 10581
1692 10587
1693 10593
1694 10599
1695 10605
1696 10611
1697 10617
1698 10623
1699 10629
1700 10635
1701 10641
1702 10647
1703 10653
1704 10659
1705 10665
1706 10671
1707 10677
1708 10683
1709 10689
1710 10695
1711 10701
1712 10707
1713 10713
1714 10719
1715 10725
1716 10731
1717 10737
1718 10743
1719 10749
1720 10755
1721 10761
1722 10767
1723 10773
1724 10779
1725 10785
1726 10791
1727 10797
1728 10803
1729 10809
1730 10815
1731 10821
1732 10827
1733 10833
1734 10839
1735 10845
1736 10851
1737 10857
1738 10863
1739 10869
1740 10875
1741 10881
1742 10887
1743 10893
1744 10899
1745 10905
1746 10911
1747 10917
1748 10923
1749 10929
1750 10935
1751 10941
1752 10947
1753 10953
1754 10959
1755 10965
1756 10971
1757 10977
1758 10983
1759 10989
1760 10995
1761 11001
1762 11007
1763 11013
1764 11019
1765 11025
1766 11031
1767 11037
1768 11043
1769 11049
1770 11055
1771 11061
1772 11067
1773 11073
1774 11079
1775 11085
1776 11091
1777 11097
1778 11103
1779 11109
1780 11115
1781 11121
1782 11127
1783 11133
1784 11139
1785 11145
1786 11151
1787 11157
1788 11163
1789 11169
1790 11175
1791 11181
1792 11187
1793 11193
1794 11199
1795 11205
1796 11211
1797 11217
1798 11223
1799 11229
1800 11235
1801 11241
1802 11247
1803 11253
1804 11259
1805 11265
1806 11271
1807 11277
1808 11283
1809 11289
1810 11295
1811 11301
1812 11307
1813 11313
1814 11319
1815 11325
1816 11331
1817 11337
1818 11343
1819 11349
1820 11355
1821 11361
1822 11367
1823 11373
1824 11379
1825 11385
1826 11391
1827 11397
1828 11403
1829 11409
1830 11415
1831 11421
1832 11427
1833 11433
1834 11439
1835 11445
1836 11451
1837 11457
1838 11463
1839 11469
1840 11475
1841 11481
1842 11487
1843 11493
1844 11499
1845 11505
1846 11511
1847 11517
1848 11523
1849 11529
1850 11535
1851 11541
1852 11547
1853 11553
1854 11559
1855 11565
1856 11571
1857 11577
1858 11583
1880 11589
1881 11595
1882 11601
1883 11607
1884 11613
1885 11619
1886 11625
1887 11631
1888 11637
1889 11643
1890 11649
1891 11655
1892 11661
1893 11667
1894 11673
1895 11679
1896 11685
1897 11691
1898 11697
1899 11703
1900 11709
1901 11715
1902 11721
1903 11727
1904 11733
1905 11739
1906 11745
1907 11751
1908 11757
1909 11763
1910 11769
1911 11775
1912 11781
1913 11787
1914 11793
1915 11799
1916 11805
1917 11811
1918 11817
1919 11823
1920 11829
1921 11835
1922 11841
1923 11847
1924 11853
1925 11859
1926 11865
1927 11871
1928 11877
1929 11883
1930 11889
1931 11895
1932 11901
1933 11907
1934 11913
1935 11919
1936 11925
1937 11931
1938 11937
1939 11943
1940 11949
1941 11955
1942 11961
1943 11967
1944 11973
1945 11979
1946 11985
1947 11991
1948 11997
1949 12003
1950 12009
1951 12015
1952 12021
1953 12027
1954 12033
1955 12039
1956 12045
1957 12051
1958 12057
1959 12063
1960 12069
1961 12075
1962 12081
1963 12087
1964 12093
1965 12099
1966 12105
1967 12111
1968 12117
1969 12123
1970 12129
1971 12135
1972 12141
1973 12147
1974 12153
1975 12159
1976 12165
1977 12171
1978 12177
1979 12183
1980 12189
1981 12195
1982 12201
1983 12207
1984 12213
1985 12219
1986 12225
1987 12231
1988 12237
1989 12243
1990 12249
1991 12255
1992 12261
1993 12267
1994 12273
1995 12279
1996 12285
1997 12291
1998 12297
1999 12303
2000 12309
2001 12315
2002 12321
2003 12327
2004 12333
2005 12339
2006 12345
2007 12351
2008 12357
2009 12363
2010 12369
2011 12375
2012 12381
2013 12387
2014 12393
2015 12399
2016 12405
2017 12411
2018 12417
2019 12423
2020 12429
2021 12435
2022 12441
2023 12447
2024 12453
2025 12459
2026 12465
2027 12471
2028 12477
2029 12483
2030 12489
2031 12495
2032 12501
2033 12507
2034 12513
2035 12519
2036 12525
2037 12531
2038 12537
2039 12543
2040 12549
2041 12555
2042 12561
2043 12567
2044 12573
2045 12579
2046 12585
2047 12591
2048 12597
2049 12603
2050 12609
2051 12615
2052 12621
2053 12627
2054 12633
2055 12639
2056 12645
2057 12651
2058 12657
2059 12663
2060 12669
2061 12675
2062 12681
2063 12687
2064 12693
2065 12699
2066 12705
2067 12711
2068 12717
2069 12723
2070 12729
2071 12735
2072 12741
2073 12747
2074 12753
2075 12759
2076 12765
2077 12771
2078 12777
2079 12783
2080 12789
2081 12795
2082 12801
2083 12807
2084 12810
2085 12815
2086 12821
2087 12827
2088 12833
2089 12839
2090 12845
2091 12851
2092 12857
2093 12863
2094 12869
2095 12875
2096 12881
2097 12887
2098 12893
2099 12899
2100 12905
2101 12908
2102 12914
2103 12920
2104 12926
2105 12932
2106 12938
2107 12944
2108 12950
2109 12956
2110 12962
2111 12968
2112 12974
2113 12980
2114 12986
2115 12992
2116 12998
2117 13004
2118 13010
2119 13016
2120 13022
2121 13028
2122 13034
2123 13040
2124 13046
2125 13052
2126 13058
2127 13064
2128 13070
2129 13076
2130 13082
2131 13088
2132 13094
2133 13100
2134 13106
2135 13112
2136 13118
2137 13124
2138 13130
2139 13136
2140 13142
2141 13148
2142 13154
2143 13160
2144 13166
2145 13172
2146 13178
2147 13184
2148 13190
2149 13196
2150 13202
2151 13208
2152 13214
2153 13220
2154 13226
2155 13232
2156 13238
2157 13244
2158 13250
2159 13256
2160 13262
2161 13268
2162 13274
2163 13280
2164 13286
2165 13292
2166 13298
2167 13304
2168 13310
2169 13316
2170 13322
2171 13328
2172 13334
2173 13340
2174 13346
2175 13352
2176 13358
2177 13364
2178 13370
2179 13376
2180 13382
2181 13388
2182 13394
2183 13400
2184 13406
2185 13412
2186 13418
2187 13424
2188 13430
2189 13436
2190 13442
2191 13448
2192 13454
2193 13460
2194 13466
2195 13472
2196 13478
2197 13484
2198 13490
2199 13496
2200 13502
2201 13508
2202 13514
2203 13520
2204 13526
2205 13532
2206 13538
2207 13544
2208 13550
2209 13556
2210 13562
2211 13568
2212 13574
2213 13580
2214 13586
2215 13592
2216 13598
2217 13604
2218 13610
2219 13616
2220 13622
2221 13628
2222 13634
2223 13640
2224 13646
2225 13652
2226 13658
2227 13664
2228 13670
2229 13676
2230 13682
2231 13688
2232 13694
2233 13700
2234 13706
2235 13712
2236 13718
2237 13724
2238 13730
2239 13736
2240 13742
2241 13748
2242 13754
2243 13760
2244 13766
2245 13772
2246 13778
2247 13784
2248 13790
2249 13796
2250 13802
2251 13808
2252 13814
2253 13820
2254 13826
2255 13832
2256 13838
2257 13844
2258 13850
2259 13856
2260 13862
2261 13868
2262 13874
2263 13880
2264 13886
2265 13892
2266 13898
2267 13904
2268 13910
2269 13916
2270 13922
2271 13928
2272 13934
2273 13940
2274 13946
2275 13952
2276 13958
2277 13964
2278 13967
2279 13973
2280 13979
2281 13985
2282 13988
2283 13994
2284 14000
2285 14006
2286 14012
2287 14018
2288 14024
2289 14027
2290 14033
2291 14039
2292 14045
2293 14051
2294 14057
2295 14063
2296 14069
2297 14075
2298 14081
2299 14087
2300 14093
2301 14099
2302 14105
2303 14111
2304 14117
2305 14122
2306 14123
2307 14124
2308 14125
2309 14126
2310 14130
2311 14136
2312 14139
2313 14145
2314 14151
2315 14157
2316 14163
2317 14169
2318 14175
2319 14181
2320 14187
2321 14193
2322 14199
2323 14205
2324 14211
2325 14217
2326 14223
2327 14229
2328 14235
2329 14241
2330 14247
2331 14253
2332 14259
2333 14265
2334 14271
2335 14277
2336 14283
2337 14289
2338 14295
2339 14301
2340 14307
2341 14313
2342 14319
2343 14325
2344 14331
2345 14337
2346 14343
2347 14349
2348 14355
2349 14361
2350 14367
2351 14373
2352 14379
2353 14385
2354 14391
2355 14397
2356 14403
2357 14409
2358 14415
2359 14421
2360 14427
2361 14433
2362 14439
2363 14445
2364 14451
2365 14457
2366 14463
2367 14469
2368 14475
2369 14481
2370 14487
2371 14493
2372 14499
2373 14505
2374 14511
2375 14517
2376 14523
2377 14529
2378 14535
2379 14541
2380 14547
2381 14553
2382 14559
2383 14565
2384 14571
2385 14577
2386 14583
2387 14589
2388 14595
2389 14601
2390 14607
2391 14613
2392 14619
2393 14625
2394 14631
2395 14637
2396 14643
2397 14649
2398 14655
2399 14661
2400 14667
2401 14673
2402 14679
2403 14685
2404 14691
2405 14697
2406 14703
2407 14709
2408 14715
2409 14721
2410 14727
2411 14733
2412 14739
2413 14745
2414 14751
2415 14757
2416 14763
2417 14769
2418 14775
2419 14781
2420 14787
2421 14793
2422 14799
2423 14805
2424 14811
2425 14817
2426 14823
2427 14829
2428 14835
2429 14841
2430 14847
2431 14853
2432 14859
2433 14865
2434 14871
2435 14877
2436 14883
2437 14889
2438 14895
2439 14901
2440 14907
2441 14913
2442 14919
2443 14925
2444 14931
2445 14937
2446 14943
2447 14949
2448 14955
2449 14961
2450 14967
2451 14973
2452 14979
2453 14985
2454 14991
2455 14997
2456 15003
2457 15009
2458 15015
2459 15021
2460 15027
2461 15033
2462 15039
2463 15045
2464 15051
2465 15057
2466 15063
2467 15069
2468 15075
2469 15081
2470 15087
2471 15093
2472 15099
2473 15105
2474 15111
2475 15117
2476 15123
2477 15129
2478 15135
2479 15141
2480 15147
2481 15153
2482 15159
2483 15165
2484 15171
2485 15177
2486 15183
2487 15189
2488 15195
2489 15201
2490 15207
2491 15213
2492 15219
2493 15225
2494 15231
2495 15237
2496 15243
2497 15249
2498 15255
2499 15261
2500 15267
2501 15273
2502 15279
2503 15285
2504 15291
2505 15297
2506 15303
2507 15309
2508 15315
2509 15321
2510 15327
2511 15333
2512 15339
2513 15345
2514 15351
2515 15357
2516 15363
2517 15369
2518 15375
2519 15381
2520 15387
2521 15393
2522 15399
2523 15405
2524 15411
2525 15417
2526 15423
2527 15429
2528 15435
2529 15441
2530 15447
2531 15453
2532 15459
2533 15465
2534 15471
2535 15477
2536 15483
2537 15489
2538 15495
2539 15501
2540 15507
2541 15513
2542 15519
2543 15525
2544 15531
2545 15537
2546 15543
2547 15549
2548 15555
2549 15561
2550 15567
2551 15573
2552 15579
2553 15585
2554 15591
2555 15597
2556 15603
2557 15609
2558 15615
2559 15621
2560 15627
2561 15633
2562 15639
2563 15645
2564 15651
2565 15657
2566 15663
2567 15669
2568 15675
2569 15681
2570 15687
2571 15693
2572 15699
2573 15705
2574 15711
2575 15717
2576 15723
2577 15729
2578 15735
2579 15741
2580 15747
2581 15753
2582 15759
2583 15765
2584 15771
2585 15777
2586 15783
2587 15789
2588 15795
2589 15801
2590 15807
2591 15813
2592 15819
2593 15825
2594 15831
2595 15837
2596 15843
2597 15849
2598 15855
2599 15861
2600 15867
2601 15873
2602 15879
2603 15885
2604 15891
2605 15897
2606 15903
2607 15909
2608 15915
2609 15921
2610 15927
2611 15933
2612 15939
2613 15945
2614 15951
2615 15957
2616 15963
2617 15969
2618 15975
2619 15981
2620 15987
2621 15993
2622 15999
2623 16005
2624 16011
2625 16017
2626 16023
2627 16029
2628 16035
2629 16041
2630 16047
2631 16053
2632 16059
2633 16065
2634 16071
2635 16077
2636 16083
2637 16089
2638 16095
2639 16101
2640 16107
2641 16113
2642 16119
2643 16125
2644 16131
2645 16137
2646 16143
2647 16149
2648 16155
2649 16161
2650 16167
2651 16173
2652 16179
2653 16185
2654 16191
2655 16197
2656 16203
2657 16209
2658 16215
2659 16221
2660 16227
2661 16233
2662 16239
2663 16245
2664 16251
2665 16257
2666 16263
2667 16269
2668 16275
2669 16281
2670 16287
2671 16293
2672 16299
2673 16305
2674 16311
2675 16317
2676 16323
2677 16329
2678 16335
2679 16341
2680 16347
2681 16353
2682 16359
2683 16365
2684 16371
2685 16377
2686 16383
2687 16389
2688 16395
2689 16401
2690 16407
2691 16413
2692 16419
2693 16425
2694 16431
2695 16437
2696 16443
2697 16449
2698 16455
2699 16461
2700 16467
2701 16473
2702 16479
2703 16485
2704 16491
2705 16497
2706 16503
2707 16509
2708 16515
2709 16521
2710 16527
2711 16533
2712 16539
