0 991
1 997
2 1003
3 1009
4 1015
5 1021
6 1027
7 1033
8 1039
9 1045
10 1051
11 1057
12 1063
13 1069
14 1075
15 1081
16 1087
17 1093
18 1099
19 1105
20 1111
21 1117
22 1123
23 1129
24 1135
25 1141
26 1147
27 1153
28 1159
29 1165
30 1171
31 1177
32 1183
33 1189
34 1195
35 1201
36 1207
37 1213
38 1219
39 1225
40 1231
41 1237
42 1243
43 1249
44 1255
45 1261
46 1267
47 1273
48 1279
49 1285
50 1291
51 1297
52 1303
53 1309
54 1315
55 1321
56 1327
57 1333
58 1339
59 1345
60 1351
61 1357
62 1363
63 1369
64 1375
65 1381
66 1387
67 1393
68 1399
69 1405
70 1411
71 1417
72 1423
73 1429
74 1435
75 1441
76 1447
77 1453
78 1459
79 1465
80 1471
81 1477
82 1483
83 1489
84 1495
85 1501
86 1507
87 1513
88 1519
89 1525
90 1531
91 1537
92 1543
93 1549
94 1555
95 1561
96 1567
97 1573
98 1579
99 1585
100 1591
101 1597
102 1603
103 1609
104 1615
105 1621
106 1627
107 1633
108 1639
109 1645
110 1651
111 1657
112 1663
113 1669
114 1675
115 1681
116 1687
117 1693
118 1699
119 1705
120 1711
121 1717
122 1723
123 1729
124 1735
125 1741
126 1747
127 1753
128 1759
129 1765
130 1771
131 1777
132 1783
133 1789
134 1795
135 1801
136 1807
137 1813
138 1819
139 1825
140 1831
141 1837
142 1843
143 1849
144 1855
145 1861
146 1867
147 1873
148 1879
149 1885
150 1891
151 1897
152 1903
153 1909
154 1915
155 1921
156 1927
157 1933
158 1939
159 1945
160 1951
161 1957
162 1963
163 1969
164 1975
165 1981
166 1987
167 1993
168 1999
169 2005
170 2011
171 2017
172 2023
173 2029
174 2035
175 2041
176 2047
177 2053
178 2059
179 2065
180 2071
181 2077
182 2083
183 2089
184 2095
185 2101
186 2107
187 2113
188 2119
189 2125
190 2131
191 2137
192 2143
193 2149
194 2155
195 2161
196 2167
197 2173
198 2179
199 2185
200 2191
201 2197
202 2203
203 2209
204 2215
205 2221
206 2227
207 2233
208 2239
209 2245
210 2251
211 2257
212 2263
213 2269
214 2275
215 2281
216 2287
217 2293
218 2299
219 2305
220 2311
221 2317
222 2323
223 2329
224 2335
225 2341
226 2347
227 2353
228 2359
229 2365
230 2371
231 2377
232 2383
233 2389
234 2395
235 2401
236 2407
237 2413
238 2419
239 2425
240 2431
241 2437
242 2443
243 2449
244 2455
245 2461
246 2467
247 2473
248 2479
249 2485
250 2491
251 2497
252 2503
253 2509
254 2515
255 2521
256 2527
257 2533
258 2539
259 2545
260 2551
261 2557
262 2563
263 2569
264 2575
265 2581
266 2587
267 2593
268 2599
269 2605
270 2611
271 2617
272 2623
273 2629
274 2635
275 2641
276 2647
277 2653
278 2659
279 2665
280 2671
281 2677
282 2683
283 2689
284 2695
285 2701
286 2707
287 2713
288 2719
289 2725
290 2731
291 2737
292 2743
293 2749
294 2755
295 2761
296 2767
297 2773
298 2779
299 2785
300 2791
301 2797
302 2803
303 2809
304 2815
305 2821
306 2827
307 2833
308 2839
309 2845
310 2851
311 2857
312 2863
313 2869
314 2875
315 2881
316 2887
317 2893
318 2899
319 2905
320 2911
321 2917
322 2923
323 2929
324 2935
325 2941
326 2947
327 2953
328 2959
329 2965
330 2971
331 2977
332 2983
333 2989
334 2995
335 3001
336 3007
337 3013
338 3019
339 3025
340 3031
341 3037
342 3043
343 3049
344 3055
345 3061
346 3067
347 3073
348 3079
349 3085
350 3091
351 3097
352 3103
353 3109
354 3115
355 3121
356 3127
357 3133
358 3139
359 3145
360 3151
361 3157
362 3163
363 3169
364 3175
365 3181
366 3187
367 3193
368 3199
369 3205
370 3211
371 3217
372 3223
373 3229
374 3235
375 3241
376 3247
377 3253
378 3259
379 3265
380 3271
381 3277
382 3283
383 3289
384 3295
385 3301
386 3307
387 3313
388 3319
389 3325
390 3331
391 3337
392 3343
393 3349
394 3355
395 3361
396 3367
397 3373
398 3379
399 3385
400 3391
401 3397
402 3403
403 3409
404 3415
405 3421
406 3427
407 3433
408 3439
409 3445
410 3451
411 3457
412 3463
413 3469
414 3475
415 3481
416 3487
417 3493
418 3499
419 3505
420 3511
421 3517
422 3523
423 3529
424 3535
425 3541
426 3547
427 3553
428 3559
429 3565
430 3571
431 3577
432 3583
433 3589
434 3595
435 3601
436 3607
437 3613
438 3619
439 3625
440 3631
441 3637
442 3643
443 3649
444 3655
445 3661
446 3667
447 3673
448 3679
449 3685
450 3691
451 3697
452 3703
453 3709
454 3715
455 3721
456 3727
457 3733
458 3739
459 3745
460 3751
461 3757
462 3763
463 3769
464 3775
465 3781
466 3787
467 3793
468 3799
469 3805
470 3811
471 3817
472 3823
473 3829
474 3835
475 3841
476 3847
477 3853
478 3859
479 3865
480 3871
481 3877
482 3883
483 3889
484 3895
485 3901
486 3907
487 3913
488 3919
489 3925
490 3931
491 3937
492 3943
493 3949
494 3955
495 3961
496 3967
497 3973
498 3979
499 3985
500 3991
501 3997
502 4003
503 4009
504 4015
505 4021
506 4027
507 4033
508 4039
509 4045
510 4051
511 4057
512 4063
513 4069
514 4075
515 4081
516 4087
517 4093
518 4099
519 4105
520 4111
521 4117
522 4123
523 4129
524 4135
525 4141
526 4147
527 4153
528 4159
529 4165
530 4171
531 4177
532 4183
533 4189
534 4195
535 4201
536 4207
537 4213
538 4219
539 4225
540 4231
541 4237
542 4243
543 4249
544 4255
545 4261
546 4267
547 4273
548 4279
549 4285
550 4291
551 4297
552 4303
553 4309
554 4315
555 4321
556 4327
557 4333
558 4339
559 4345
560 4351
561 4357
562 4363
563 4369
564 4375
565 4381
566 4387
567 4393
568 4399
569 4405
570 4411
571 4417
572 4423
573 4429
574 4435
575 4441
576 4447
577 4453
578 4459
579 4465
580 4471
581 4477
582 4483
583 4489
584 4495
585 4501
586 4507
587 4513
588 4519
589 4525
590 4531
591 4537
592 4543
593 4549
594 4555
595 4561
596 4567
597 4573
598 4579
599 4585
600 4591
601 4597
602 4603
603 4609
604 4615
605 4621
606 4627
607 4633
608 4639
609 4645
610 4651
611 4657
612 4663
613 4669
614 4675
615 4681
616 4687
617 4693
618 4699
619 4705
620 4711
621 4717
622 4723
623 4729
624 4735
625 4741
626 4747
627 4753
628 4759
629 4765
630 4771
631 4777
632 4783
633 4789
634 4795
635 4801
636 4807
637 4813
638 4819
639 4825
640 4831
641 4837
642 4843
643 4849
644 4855
645 4856
646 4862
647 4868
648 4874
654 4877
655 4881
656 4884
657 4890
658 4895
659 4901
660 4904
661 4907
662 4913
663 4919
664 4925
665 4931
666 4937
667 4943
668 4949
669 4955
670 4961
671 4967
672 4973
673 4979
674 4985
675 4991
676 4997
677 5003
678 5009
679 5015
680 5021
681 5027
682 5033
683 5039
684 5045
685 5051
686 5057
687 5063
688 5069
689 5075
690 5081
691 5087
692 5093
693 5099
694 5105
695 5111
696 5117
697 5123
698 5129
699 5135
700 5141
701 5147
702 5153
703 5159
704 5165
705 5171
706 5177
707 5183
708 5189
709 5195
710 5201
711 5207
712 5213
713 5219
714 5225
715 5231
716 5237
717 5243
718 5249
719 5255
720 5261
721 5267
722 5273
723 5279
724 5285
725 5291
726 5297
727 5303
728 5309
729 5315
730 5321
731 5327
732 5333
733 5339
734 5345
735 5351
736 5357
737 5363
738 5369
739 5375
740 5381
741 5387
742 5393
743 5399
744 5405
745 5411
746 5417
747 5423
748 5429
749 5435
750 5441
751 5447
752 5453
753 5459
754 5465
755 5471
756 5477
757 5483
758 5489
759 5495
760 5501
761 5507
762 5513
763 5519
764 5525
765 5531
766 5537
767 5543
768 5549
769 5555
770 5561
771 5567
772 5573
773 5579
774 5585
775 5591
776 5597
777 5603
778 5609
779 5615
780 5621
781 5627
782 5633
783 5639
784 5645
785 5651
786 5657
787 5663
788 5669
789 5675
790 5681
791 5687
792 5693
793 5699
796 5704
799 5705
800 5710
802 5714
803 5719
804 5725
805 5731
806 5737
807 5743
808 5749
809 5755
810 5761
811 5767
812 5773
813 5779
814 5785
815 5791
816 5797
817 5803
818 5809
819 5815
820 5821
821 5827
822 5833
823 5839
824 5842
825 5848
826 5854
827 5860
828 5866
829 5872
830 5878
831 5884
832 5890
833 5896
834 5902
835 5908
836 5914
837 5920
838 5926
839 5932
840 5938
841 5944
842 5950
843 5956
844 5962
845 5968
846 5974
847 5980
848 5986
849 5992
850 5998
851 6004
852 6010
853 6016
854 6022
855 6028
856 6034
857 6040
858 6046
859 6052
860 6058
861 6064
862 6070
863 6076
864 6082
865 6088
866 6094
867 6100
868 6106
869 6112
870 6118
871 6124
872 6130
873 6136
874 6142
875 6148
876 6154
877 6160
878 6166
879 6172
880 6178
881 6184
882 6190
883 6196
884 6202
885 6208
886 6214
887 6220
888 6226
889 6232
890 6238
891 6244
892 6250
893 6256
894 6262
895 6268
896 6274
897 6280
898 6286
899 6292
900 6298
901 6304
902 6310
903 6316
904 6322
905 6328
906 6334
907 6340
908 6346
909 6352
910 6358
911 6364
912 6370
913 6376
914 6382
915 6388
916 6394
917 6400
918 6406
919 6412
920 6418
921 6424
922 6430
923 6436
924 6442
925 6448
926 6454
927 6460
928 6466
929 6472
930 6478
931 6484
932 6490
933 6496
934 6502
935 6508
936 6514
937 6520
938 6526
939 6532
940 6538
941 6544
942 6550
943 6556
944 6562
945 6567
946 6569
947 6575
948 6581
949 6587
950 6593
952 6600
953 6606
954 6612
955 6618
956 6624
957 6630
958 6636
959 6642
960 6648
961 6654
962 6660
963 6666
964 6672
965 6678
966 6684
967 6691
968 6697
969 6703
970 6709
971 6715
972 6721
973 6727
974 6733
975 6738
976 6744
977 6750
978 6756
979 6762
980 6768
981 6774
982 6780
983 6786
984 6792
985 6798
986 6804
987 6810
988 6816
989 6822
990 6828
991 6834
992 6840
993 6846
994 6852
995 6858
996 6864
997 6870
998 6876
999 6882
1000 6888
1001 6894
1002 6900
1003 6906
1004 6912
1005 6918
1006 6924
1007 6930
1008 6936
1009 6942
1010 6948
1011 6954
1012 6960
1013 6966
1014 6972
1015 6978
1016 6985
1017 6991
1018 6997
1019 7003
1020 7009
1021 7015
1022 7021
1023 7027
1024 7033
1025 7039
1026 7045
1027 7051
1028 7057
1029 7063
1030 7069
1031 7075
1032 7080
1033 7086
1034 7092
1035 7098
1036 7104
1037 7110
1038 7116
1039 7122
1040 7128
1041 7134
1042 7140
1043 7146
1044 7152
1045 7158
1046 7164
1047 7170
1048 7176
1049 7182
1050 7188
1051 7194
1052 7200
1053 7206
1054 7212
1055 7218
1056 7224
1057 7230
1058 7236
1059 7242
1060 7248
1061 7254
1062 7260
1063 7266
1064 7272
1065 7278
1066 7284
1067 7290
1068 7296
1069 7302
1070 7308
1071 7314
1072 7320
1073 7326
1074 7332
1075 7338
1076 7344
1077 7350
1078 7356
1079 7362
1080 7368
1081 7374
1082 7380
1083 7386
1084 7392
1085 7398
1086 7404
1087 7410
1088 7416
1089 7422
1090 7428
1091 7434
1092 7440
1093 7446
1094 7452
1095 7458
1096 7464
1097 7470
1098 7476
1099 7482
1100 7488
1101 7494
1102 7500
1103 7506
1104 7512
1105 7518
1106 7524
1107 7530
1108 7536
1109 7542
1110 7548
1111 7554
1112 7560
1113 7566
1114 7572
1115 7578
1116 7584
1117 7590
1118 7596
1119 7602
1120 7608
1121 7614
1122 7620
1123 7626
1124 7632
1125 7638
1126 7644
1143 7645
1144 7649
1145 7655
1146 7661
1147 7667
1148 7673
1149 7679
1150 7685
1151 7691
1152 7697
1153 7703
1154 7706
1155 7712
1156 7718
1157 7724
1158 7730
1159 7736
1160 7742
1161 7748
1162 7754
1163 7761
1164 7767
1165 7773
1166 7779
1167 7785
1168 7791
1169 7797
1170 7803
1171 7809
1172 7815
1173 7821
1174 7827
1175 7833
1176 7839
1177 7845
1178 7851
1179 7857
1180 7863
1181 7869
1182 7875
1183 7881
1184 7887
1185 7893
1186 7899
1187 7905
1188 7911
1189 7917
1190 7923
1191 7929
1192 7935
1193 7941
1194 7947
1195 7953
1196 7958
1197 7964
1198 7970
1199 7976
1200 7982
1201 7988
1202 7994
1203 8000
1204 8007
1205 8013
1206 8019
1207 8025
1208 8031
1209 8037
1210 8043
1211 8049
1212 8055
1213 8061
1214 8067
1215 8073
1216 8079
1217 8085
1218 8091
1219 8097
1220 8102
1221 8108
1222 8114
1223 8120
1224 8126
1225 8132
1226 8138
1227 8144
1228 8150
1229 8156
1230 8162
1231 8168
1232 8174
1233 8180
1234 8186
1235 8192
1236 8198
1237 8204
1238 8210
1239 8216
1240 8222
1241 8228
1242 8234
1243 8240
1244 8246
1245 8253
1246 8259
1247 8265
1248 8271
1249 8277
1250 8283
1251 8289
1252 8295
1253 8300
1254 8306
1255 8312
1256 8318
1257 8324
1258 8330
1259 8336
1260 8342
1261 8348
1262 8354
1263 8360
1264 8366
1265 8372
1266 8378
1267 8384
1268 8390
1269 8396
1270 8402
1271 8408
1272 8414
1273 8420
1274 8426
1275 8432
1276 8438
1277 8444
1278 8450
1279 8455
1280 8459
1281 8465
1282 8471
1283 8477
1284 8483
1285 8489
1286 8495
1287 8501
1288 8507
1289 8513
1290 8519
1291 8525
1292 8531
1293 8537
1294 8543
1295 8549
1296 8555
1297 8561
1298 8567
1299 8573
1300 8579
1301 8585
1302 8592
1303 8598
1304 8604
1305 8610
1306 8616
1307 8622
1308 8628
1309 8634
1310 8640
1311 8646
1312 8652
1313 8658
1314 8664
1315 8670
1316 8676
1317 8682
1318 8687
1319 8693
1320 8699
1321 8705
1322 8711
1323 8717
1324 8723
1325 8729
1326 8735
1327 8742
1328 8748
1329 8754
1330 8760
1331 8766
1332 8772
1333 8778
1334 8784
1335 8790
1336 8796
1337 8802
1338 8808
1339 8814
1340 8820
1341 8826
1342 8832
1343 8838
1344 8844
1345 8850
1346 8856
1347 8862
1348 8868
1349 8874
1350 8880
1351 8886
1352 8892
1353 8898
1354 8904
1355 8910
1356 8916
1357 8922
1358 8928
1359 8934
1360 8940
1361 8946
1362 8952
1363 8958
1364 8964
1365 8970
1366 8976
1367 8982
1368 8988
1369 8994
1370 9000
1371 9006
1372 9012
1373 9018
1374 9024
1375 9030
1376 9036
1377 9042
1378 9048
1379 9054
1380 9060
1381 9066
1382 9072
1383 9078
1384 9084
1385 9090
1386 9096
1387 9102
1388 9108
1389 9114
1390 9120
1391 9126
1392 9132
1393 9138
1394 9144
1395 9150
1396 9156
1397 9162
1398 9168
1399 9174
1400 9180
1401 9186
1402 9192
1403 9198
1404 9204
1405 9210
1406 9216
1407 9222
1408 9228
1409 9234
1410 9240
1411 9246
1412 9252
1413 9258
1414 9264
1415 9270
1416 9276
1417 9282
1418 9288
1419 9294
1420 9300
1421 9306
1422 9312
1423 9318
1424 9324
1425 9330
1426 9336
1427 9342
1428 9348
1429 9354
1430 9360
1431 9366
1432 9372
1433 9378
1434 9384
1435 9390
1436 9396
1437 9402
1438 9408
1439 9414
1440 9420
1441 9426
1442 9432
1443 9438
1444 9444
1445 9450
1446 9456
1447 9462
1448 9468
1449 9474
1450 9480
1451 9486
1452 9492
1453 9498
1454 9504
1455 9510
1456 9516
1457 9522
1458 9527
1459 9531
1460 9537
1461 9543
1462 9549
1463 9555
1464 9561
1465 9567
1466 9573
1467 9579
1468 9585
1469 9591
1470 9597
1471 9603
1472 9609
1473 9615
1474 9621
1475 9627
1476 9633
1477 9639
1478 9645
1479 9651
1480 9657
1481 9663
1482 9669
1483 9675
1484 9681
1485 9687
1486 9693
1487 9699
1488 9705
1489 9711
1490 9717
1491 9723
1492 9729
1493 9735
1494 9741
1495 9747
1496 9753
1497 9759
1498 9765
1499 9771
1500 9777
1501 9783
1502 9789
1503 9795
1504 9801
1505 9807
1506 9813
1507 9819
1508 9825
1509 9831
1510 9837
1511 9843
1512 9849
1513 9855
1514 9861
1515 9867
1516 9873
1517 9879
1518 9885
1519 9891
1520 9897
1521 9903
1522 9909
1523 9915
1524 9921
1525 9927
1526 9933
1527 9939
1528 9945
1529 9951
1530 9957
1531 9962
1532 9968
1533 9974
1534 9980
1535 9986
1536 9992
1537 9998
1538 10004
1539 10011
1540 10017
1541 10023
1542 10029
1543 10035
1544 10041
1545 10047
1546 10053
1547 10059
1548 10065
1549 10071
1550 10077
1551 10083
1552 10089
1553 10095
1554 10101
1555 10106
1556 10112
1557 10118
1558 10124
1559 10130
1560 10136
1561 10142
1562 10148
1563 10155
1564 10161
1565 10167
1566 10173
1567 10179
1568 10185
1569 10191
1570 10197
1571 10203
1572 10209
1573 10215
1574 10221
1575 10227
1576 10233
1577 10239
1578 10245
1579 10251
1580 10257
1581 10263
1582 10269
1583 10275
1584 10281
1585 10287
1586 10293
1587 10299
1588 10305
1589 10311
1590 10317
1591 10323
1592 10329
1593 10335
1594 10341
1595 10347
1596 10353
1597 10359
1598 10365
1599 10371
1600 10377
1601 10383
1602 10389
1603 10395
1604 10401
1605 10407
1606 10413
1607 10419
1608 10425
1609 10431
1610 10437
1611 10443
1612 10449
1613 10455
1614 10461
1615 10467
1616 10473
1617 10479
1618 10485
1619 10491
1620 10497
1621 10503
1622 10509
1623 10515
1624 10521
1625 10527
1626 10533
1627 10539
1628 10545
1629 10551
1630 10557
1631 10563
1632 10569
1633 10575
1634 10581
1635 10587
1636 10593
1637 10599
1638 10605
1639 10611
1640 10617
1641 10623
1642 10629
1643 10635
1644 10641
1645 10647
1646 10653
1647 10659
1648 10665
1649 10671
1650 10677
1651 10683
1652 10689
1653 10695
1654 10701
1655 10707
1656 10713
1657 10719
1658 10725
1659 10731
1660 10737
1661 10743
1662 10749
1663 10755
1664 10761
1665 10767
1666 10773
1667 10779
1668 10785
1669 10791
1670 10797
1671 10803
1672 10809
1673 10815
1674 10821
1675 10827
1676 10833
1677 10839
1678 10845
1679 10851
1680 10857
1681 10863
1682 10869
1683 10875
1684 10881
1685 10887
1686 10893
1687 10899
1688 10905
1689 10911
1690 10917
1691 10923
1692 10929
1693 10935
1694 10941
1695 10947
1696 10953
1697 10959
1698 10965
1699 10971
1700 10977
1701 10983
1702 10989
1703 10995
1704 11001
1705 11007
1706 11013
1707 11019
1708 11025
1709 11031
1710 11037
1711 11043
1712 11049
1713 11055
1714 11061
1715 11067
1716 11073
1717 11079
1718 11085
1719 11091
1720 11097
1721 11103
1722 11109
1723 11115
1724 11121
1725 11127
1726 11133
1727 11139
1728 11145
1729 11151
1730 11157
1731 11163
1732 11169
1733 11175
1734 11181
1735 11187
1736 11193
1737 11199
1738 11205
1739 11211
1740 11217
1741 11223
1742 11229
1743 11235
1744 11241
1745 11247
1746 11253
1747 11259
1748 11265
1749 11271
1750 11277
1751 11283
1752 11289
1753 11295
1754 11301
1755 11307
1756 11313
1757 11319
1758 11325
1759 11331
1760 11337
1761 11343
1762 11349
1763 11355
1764 11361
1765 11367
1766 11373
1767 11379
1768 11385
1769 11391
1770 11397
1771 11403
1772 11409
1773 11415
1774 11421
1775 11427
1776 11433
1777 11439
1778 11445
1779 11451
1780 11457
1781 11463
1782 11469
1783 11475
1784 11481
1785 11487
1786 11493
1787 11499
1788 11505
1789 11511
1790 11517
1791 11523
1792 11529
1793 11535
1794 11541
1795 11547
1796 11553
1797 11559
1798 11565
1799 11571
1800 11577
1801 11583
1823 11589
1824 11595
1825 11601
1826 11607
1827 11613
1828 11619
1829 11625
1830 11631
1831 11637
1832 11643
1833 11649
1834 11655
1835 11661
1836 11667
1837 11673
1838 11679
1839 11685
1840 11691
1841 11697
1842 11703
1843 11709
1844 11715
1845 11721
1846 11727
1847 11733
1848 11739
1849 11745
1850 11751
1851 11757
1852 11763
1853 11769
1854 11775
1855 11781
1856 11787
1857 11793
1858 11799
1859 11805
1860 11811
1861 11817
1862 11823
1863 11829
1864 11835
1865 11841
1866 11847
1867 11853
1868 11859
1869 11865
1870 11871
1871 11877
1872 11883
1873 11889
1874 11895
1875 11901
1876 11907
1877 11913
1878 11919
1879 11925
1880 11931
1881 11937
1882 11943
1883 11949
1884 11955
1885 11961
1886 11967
1887 11973
1888 11979
1889 11985
1890 11991
1891 11997
1892 12003
1893 12009
1894 12015
1895 12021
1896 12027
1897 12033
1898 12039
1899 12045
1900 12051
1901 12057
1902 12063
1903 12069
1904 12075
1905 12081
1906 12087
1907 12093
1908 12099
1909 12105
1910 12111
1911 12117
1912 12123
1913 12129
1914 12135
1915 12141
1916 12147
1917 12153
1918 12159
1919 12165
1920 12171
1921 12177
1922 12183
1923 12189
1924 12195
1925 12201
1926 12207
1927 12213
1928 12219
1929 12225
1930 12231
1931 12237
1932 12243
1933 12249
1934 12255
1935 12261
1936 12267
1937 12273
1938 12279
1939 12285
1940 12291
1941 12297
1942 12303
1943 12309
1944 12315
1945 12321
1946 12327
1947 12333
1948 12339
1949 12345
1950 12351
1951 12357
1952 12363
1953 12369
1954 12375
1955 12381
1956 12387
1957 12393
1958 12399
1959 12405
1960 12411
1961 12417
1962 12423
1963 12429
1964 12435
1965 12441
1966 12447
1967 12453
1968 12459
1969 12465
1970 12471
1971 12477
1972 12483
1973 12489
1974 12495
1975 12501
1976 12507
1977 12513
1978 12519
1979 12525
1980 12531
1981 12537
1982 12543
1983 12549
1984 12555
1985 12561
1986 12567
1987 12573
1988 12579
1989 12585
1990 12591
1991 12597
1992 12603
1993 12609
1994 12615
1995 12621
1996 12627
1997 12633
1998 12639
1999 12645
2000 12651
2001 12657
2002 12663
2003 12669
2004 12675
2005 12681
2006 12687
2007 12693
2008 12699
2009 12705
2010 12711
2011 12717
2012 12723
2013 12729
2014 12735
2015 12741
2016 12747
2017 12753
2018 12759
2019 12765
2020 12771
2021 12777
2022 12783
2023 12789
2024 12795
2025 12801
2026 12807
2027 12810
2028 12815
2029 12821
2030 12827
2031 12833
2032 12839
2033 12845
2034 12851
2035 12857
2036 12863
2037 12869
2038 12875
2039 12881
2040 12887
2041 12893
2042 12899
2043 12905
2044 12908
2045 12914
2046 12920
2047 12926
2048 12932
2049 12938
2050 12944
2051 12950
2052 12956
2053 12962
2054 12968
2055 12974
2056 12980
2057 12986
2058 12992
2059 12998
2060 13004
2061 13010
2062 13016
2063 13022
2064 13028
2065 13034
2066 13040
2067 13046
2068 13052
2069 13058
2070 13064
2071 13070
2072 13076
2073 13082
2074 13088
2075 13094
2076 13100
2077 13106
2078 13112
2079 13118
2080 13124
2081 13130
2082 13136
2083 13142
2084 13148
2085 13154
2086 13160
2087 13166
2088 13172
2089 13178
2090 13184
2091 13190
2092 13196
2093 13202
2094 13208
2095 13214
2096 13220
2097 13226
2098 13232
2099 13238
2100 13244
2101 13250
2102 13256
2103 13262
2104 13268
2105 13274
2106 13280
2107 13286
2108 13292
2109 13298
2110 13304
2111 13310
2112 13316
2113 13322
2114 13328
2115 13334
2116 13340
2117 13346
2118 13352
2119 13358
2120 13364
2121 13370
2122 13376
2123 13382
2124 13388
2125 13394
2126 13400
2127 13406
2128 13412
2129 13418
2130 13424
2131 13430
2132 13436
2133 13442
2134 13448
2135 13454
2136 13460
2137 13466
2138 13472
2139 13478
2140 13484
2141 13490
2142 13496
2143 13502
2144 13508
2145 13514
2146 13520
2147 13526
2148 13532
2149 13538
2150 13544
2151 13550
2152 13556
2153 13562
2154 13568
2155 13574
2156 13580
2157 13586
2158 13592
2159 13598
2160 13604
2161 13610
2162 13616
2163 13622
2164 13628
2165 13634
2166 13640
2167 13646
2168 13652
2169 13658
2170 13664
2171 13670
2172 13676
2173 13682
2174 13688
2175 13694
2176 13700
2177 13706
2178 13712
2179 13718
2180 13724
2181 13730
2182 13736
2183 13742
2184 13748
2185 13754
2186 13760
2187 13766
2188 13772
2189 13778
2190 13784
2191 13790
2192 13796
2193 13802
2194 13808
2195 13814
2196 13820
2197 13826
2198 13832
2199 13838
2200 13844
2201 13850
2202 13856
2203 13862
2204 13868
2205 13874
2206 13880
2207 13886
2208 13892
2209 13898
2210 13904
2211 13910
2212 13916
2213 13922
2214 13928
2215 13934
2216 13940
2217 13946
2218 13952
2219 13958
2220 13964
2221 13967
2222 13973
2223 13979
2224 13985
2225 13988
2226 13994
2227 14000
2228 14006
2229 14012
2230 14018
2231 14024
2232 14027
2233 14033
2234 14039
2235 14045
2236 14051
2237 14057
2238 14063
2239 14069
2240 14075
2241 14081
2242 14087
2243 14093
2244 14099
2245 14105
2246 14111
2247 14117
2248 14122
2249 14123
2250 14124
2251 14125
2252 14126
2253 14130
2254 14136
2255 14139
2256 14145
2257 14151
2258 14157
2259 14163
2260 14169
2261 14175
2262 14181
2263 14187
2264 14193
2265 14199
2266 14205
2267 14211
2268 14217
2269 14223
2270 14229
2271 14235
2272 14241
2273 14247
2274 14253
2275 14259
2276 14265
2277 14271
2278 14277
2279 14283
2280 14289
2281 14295
2282 14301
2283 14307
2284 14313
2285 14319
2286 14325
2287 14331
2288 14337
2289 14343
2290 14349
2291 14355
2292 14361
2293 14367
2294 14373
2295 14379
2296 14385
2297 14391
2298 14397
2299 14403
2300 14409
2301 14415
2302 14421
2303 14427
2304 14433
2305 14439
2306 14445
2307 14451
2308 14457
2309 14463
2310 14469
2311 14475
2312 14481
2313 14487
2314 14493
2315 14499
2316 14505
2317 14511
2318 14517
2319 14523
2320 14529
2321 14535
2322 14541
2323 14547
2324 14553
2325 14559
2326 14565
2327 14571
2328 14577
2329 14583
2330 14589
2331 14595
2332 14601
2333 14607
2334 14613
2335 14619
2336 14625
2337 14631
2338 14637
2339 14643
2340 14649
2341 14655
2342 14661
2343 14667
2344 14673
2345 14679
2346 14685
2347 14691
2348 14697
2349 14703
2350 14709
2351 14715
2352 14721
2353 14727
2354 14733
2355 14739
2356 14745
2357 14751
2358 14757
2359 14763
2360 14769
2361 14775
2362 14781
2363 14787
2364 14793
2365 14799
2366 14805
2367 14811
2368 14817
2369 14823
2370 14829
2371 14835
2372 14841
2373 14847
2374 14853
2375 14859
2376 14865
2377 14871
2378 14877
2379 14883
2380 14889
2381 14895
2382 14901
2383 14907
2384 14913
2385 14919
2386 14925
2387 14931
2388 14937
2389 14943
2390 14949
2391 14955
2392 14961
2393 14967
2394 14973
2395 14979
2396 14985
2397 14991
2398 14997
2399 15003
2400 15009
2401 15015
2402 15021
2403 15027
2404 15033
2405 15039
2406 15045
2407 15051
2408 15057
2409 15063
2410 15069
2411 15075
2412 15081
2413 15087
2414 15093
2415 15099
2416 15105
2417 15111
2418 15117
2419 15123
2420 15129
2421 15135
2422 15141
2423 15147
2424 15153
2425 15159
2426 15165
2427 15171
2428 15177
2429 15183
2430 15189
2431 15195
2432 15201
2433 15207
2434 15213
2435 15219
2436 15225
2437 15231
2438 15237
2439 15243
2440 15249
2441 15255
2442 15261
2443 15267
2444 15273
2445 15279
2446 15285
2447 15291
2448 15297
2449 15303
2450 15309
2451 15315
2452 15321
2453 15327
2454 15333
2455 15339
2456 15345
2457 15351
2458 15357
2459 15363
2460 15369
2461 15375
2462 15381
2463 15387
2464 15393
2465 15399
2466 15405
2467 15411
2468 15417
2469 15423
2470 15429
2471 15435
2472 15441
2473 15447
2474 15453
2475 15459
2476 15465
2477 15471
2478 15477
2479 15483
2480 15489
2481 15495
2482 15501
2483 15507
2484 15513
2485 15519
2486 15525
2487 15531
2488 15537
2489 15543
2490 15549
2491 15555
2492 15561
2493 15567
2494 15573
2495 15579
2496 15585
2497 15591
2498 15597
2499 15603
2500 15609
2501 15615
2502 15621
2503 15627
2504 15633
2505 15639
2506 15645
2507 15651
2508 15657
2509 15663
2510 15669
2511 15675
2512 15681
2513 15687
2514 15693
2515 15699
2516 15705
2517 15711
2518 15717
2519 15723
2520 15729
2521 15735
2522 15741
2523 15747
2524 15753
2525 15759
2526 15765
2527 15771
2528 15777
2529 15783
2530 15789
2531 15795
2532 15801
2533 15807
2534 15813
2535 15819
2536 15825
2537 15831
2538 15837
2539 15843
2540 15849
2541 15855
2542 15861
2543 15867
2544 15873
2545 15879
2546 15885
2547 15891
2548 15897
2549 15903
2550 15909
2551 15915
2552 15921
2553 15927
2554 15933
2555 15939
2556 15945
2557 15951
2558 15957
2559 15963
2560 15969
2561 15975
2562 15981
2563 15987
2564 15993
2565 15999
2566 16005
2567 16011
2568 16017
2569 16023
2570 16029
2571 16035
2572 16041
2573 16047
2574 16053
2575 16059
2576 16065
2577 16071
2578 16077
2579 16083
2580 16089
2581 16095
2582 16101
2583 16107
2584 16113
2585 16119
2586 16125
2587 16131
2588 16137
2589 16143
2590 16149
2591 16155
2592 16161
2593 16167
2594 16173
2595 16179
2596 16185
2597 16191
2598 16197
2599 16203
2600 16209
2601 16215
2602 16221
2603 16227
2604 16233
2605 16239
2606 16245
2607 16251
2608 16257
2609 16263
2610 16269
2611 16275
2612 16281
2613 16287
2614 16293
2615 16299
2616 16305
2617 16311
2618 16317
2619 16323
2620 16329
2621 16335
2622 16341
2623 16347
2624 16353
2625 16359
2626 16365
2627 16371
2628 16377
2629 16383
2630 16389
2631 16395
2632 16401
2633 16407
2634 16413
2635 16419
2636 16425
2637 16431
2638 16437
2639 16443
2640 16449
2641 16455
2642 16461
2643 16467
2644 16473
2645 16479
2646 16485
2647 16491
2648 16497
2649 16503
2650 16509
2651 16515
2652 16521
2653 16527
2654 16533
2655 16539
