0 643
1 649
2 655
3 661
4 667
5 673
6 679
7 685
8 691
9 697
10 703
11 709
12 715
13 721
14 727
15 733
16 739
17 745
18 751
19 757
20 763
21 769
22 775
23 781
24 787
25 793
26 799
27 805
28 811
29 817
30 823
31 829
32 835
33 841
34 847
35 853
36 859
37 865
38 871
39 877
40 883
41 889
42 895
43 901
44 907
45 913
46 919
47 925
48 931
49 937
50 943
51 949
52 955
53 961
54 967
55 973
56 979
57 985
58 991
59 997
60 1003
61 1009
62 1015
63 1021
64 1027
65 1033
66 1039
67 1045
68 1051
69 1057
70 1063
71 1069
72 1075
73 1081
74 1087
75 1093
76 1099
77 1105
78 1111
79 1117
80 1123
81 1129
82 1135
83 1141
84 1147
85 1153
86 1159
87 1165
88 1171
89 1177
90 1183
91 1189
92 1195
93 1201
94 1207
95 1213
96 1219
97 1225
98 1231
99 1237
100 1243
101 1249
102 1255
103 1261
104 1267
105 1273
106 1279
107 1285
108 1291
109 1297
110 1303
111 1309
112 1315
113 1321
114 1327
115 1333
116 1339
117 1345
118 1351
119 1357
120 1363
121 1369
122 1375
123 1381
124 1387
125 1393
126 1399
127 1405
128 1411
129 1417
130 1423
131 1429
132 1435
133 1441
134 1447
135 1453
136 1459
137 1465
138 1471
139 1477
140 1483
141 1489
142 1495
143 1501
144 1507
145 1513
146 1519
147 1525
148 1531
149 1537
150 1543
151 1549
152 1555
153 1561
154 1567
155 1573
156 1579
157 1585
158 1591
159 1597
160 1603
161 1609
162 1615
163 1621
164 1627
165 1633
166 1639
167 1645
168 1651
169 1657
170 1663
171 1669
172 1675
173 1681
174 1687
175 1693
176 1699
177 1705
178 1711
179 1717
180 1723
181 1729
182 1735
183 1741
184 1747
185 1753
186 1759
187 1765
188 1771
189 1777
190 1783
191 1789
192 1795
193 1801
194 1807
195 1813
196 1819
197 1825
198 1831
199 1837
200 1843
201 1849
202 1855
203 1861
204 1867
205 1873
206 1879
207 1885
208 1891
209 1897
210 1903
211 1909
212 1915
213 1921
214 1927
215 1933
216 1939
217 1945
218 1951
219 1957
220 1963
221 1969
222 1975
223 1981
224 1987
225 1993
226 1999
227 2005
228 2011
229 2017
230 2023
231 2029
232 2035
233 2041
234 2047
235 2053
236 2059
237 2065
238 2071
239 2077
240 2083
241 2089
242 2095
243 2101
244 2107
245 2113
246 2119
247 2125
248 2131
249 2137
250 2143
251 2149
252 2155
253 2161
254 2167
255 2173
256 2179
257 2185
258 2191
259 2197
260 2203
261 2209
262 2215
263 2221
264 2227
265 2233
266 2239
267 2245
268 2251
269 2257
270 2263
271 2269
272 2275
273 2281
274 2287
275 2293
276 2299
277 2305
278 2311
279 2317
280 2323
281 2329
282 2335
283 2341
284 2347
285 2353
286 2359
287 2365
288 2371
289 2377
290 2383
291 2389
292 2395
293 2401
294 2407
295 2413
296 2419
297 2425
298 2431
299 2437
300 2443
301 2449
302 2455
303 2461
304 2467
305 2473
306 2479
307 2485
308 2491
309 2497
310 2503
311 2509
312 2515
313 2521
314 2527
315 2533
316 2539
317 2545
318 2551
319 2557
320 2563
321 2569
322 2575
323 2581
324 2587
325 2593
326 2599
327 2605
328 2611
329 2617
330 2623
331 2629
332 2635
333 2641
334 2647
335 2653
336 2659
337 2665
338 2671
339 2677
340 2683
341 2689
342 2695
343 2701
344 2707
345 2713
346 2719
347 2725
348 2731
349 2737
350 2743
351 2749
352 2755
353 2761
354 2767
355 2773
356 2779
357 2785
358 2791
359 2797
360 2803
361 2809
362 2815
363 2821
364 2827
365 2833
366 2839
367 2845
368 2851
369 2857
370 2863
371 2869
372 2875
373 2881
374 2887
375 2893
376 2899
377 2905
378 2911
379 2917
380 2923
381 2929
382 2935
383 2941
384 2947
385 2953
386 2959
387 2965
388 2971
389 2977
390 2983
391 2989
392 2995
393 3001
394 3007
395 3013
396 3019
397 3025
398 3031
399 3037
400 3043
401 3049
402 3055
403 3061
404 3067
405 3073
406 3079
407 3085
408 3091
409 3097
410 3103
411 3109
412 3115
413 3121
414 3127
415 3133
416 3139
417 3145
418 3151
419 3157
420 3163
421 3169
422 3175
423 3181
424 3187
425 3193
426 3199
427 3205
428 3211
429 3217
430 3223
431 3229
432 3235
433 3241
434 3247
435 3253
436 3259
437 3265
438 3271
439 3277
440 3283
441 3289
442 3295
443 3301
444 3307
445 3313
446 3319
447 3325
448 3331
449 3337
450 3343
451 3349
452 3355
453 3361
454 3367
455 3373
456 3379
457 3385
458 3391
459 3397
460 3403
461 3409
462 3415
463 3421
464 3427
465 3433
466 3439
467 3445
468 3451
469 3457
470 3463
471 3469
472 3475
473 3481
474 3487
475 3493
476 3499
477 3505
478 3511
479 3517
480 3523
481 3529
482 3535
483 3541
484 3547
485 3553
486 3559
487 3565
488 3571
489 3577
490 3583
491 3589
492 3595
493 3601
494 3607
495 3613
496 3619
497 3625
498 3631
499 3637
500 3643
501 3649
502 3655
503 3661
504 3667
505 3673
506 3679
507 3685
508 3691
509 3697
510 3703
511 3709
512 3715
513 3721
514 3727
515 3733
516 3739
517 3745
518 3751
519 3757
520 3763
521 3769
522 3775
523 3781
524 3787
525 3793
526 3799
527 3805
528 3811
529 3817
530 3823
531 3829
532 3835
533 3841
534 3847
535 3853
536 3859
537 3865
538 3871
539 3877
540 3883
541 3889
542 3895
543 3901
544 3907
545 3913
546 3919
547 3925
548 3931
549 3937
550 3943
551 3949
552 3955
553 3961
554 3967
555 3973
556 3979
557 3985
558 3991
559 3997
560 4003
561 4009
562 4015
563 4021
564 4027
565 4033
566 4039
567 4045
568 4051
569 4057
570 4063
571 4069
572 4075
573 4081
574 4087
575 4093
576 4099
577 4105
578 4111
579 4117
580 4123
581 4129
582 4135
583 4141
584 4147
585 4153
586 4159
587 4165
588 4171
589 4177
590 4183
591 4189
592 4195
593 4201
594 4207
595 4213
596 4219
597 4225
598 4231
599 4237
600 4243
601 4249
602 4255
603 4261
604 4267
605 4273
606 4279
607 4285
608 4291
609 4297
610 4303
611 4309
612 4315
613 4321
614 4327
615 4333
616 4339
617 4345
618 4351
619 4357
620 4363
621 4369
622 4375
623 4381
624 4387
625 4393
626 4399
627 4405
628 4411
629 4417
630 4423
631 4429
632 4435
633 4441
634 4447
635 4453
636 4459
637 4465
638 4471
639 4477
640 4483
641 4489
642 4495
643 4501
644 4507
645 4513
646 4519
647 4525
648 4531
649 4537
650 4543
651 4549
652 4555
653 4561
654 4567
655 4573
656 4579
657 4585
658 4591
659 4597
660 4603
661 4609
662 4615
663 4621
664 4627
665 4633
666 4639
667 4645
668 4651
669 4657
670 4663
671 4669
672 4675
673 4681
674 4687
675 4693
676 4699
677 4705
678 4711
679 4717
680 4723
681 4729
682 4735
683 4741
684 4747
685 4753
686 4759
687 4765
688 4771
689 4777
690 4783
691 4789
692 4795
693 4801
694 4807
695 4813
696 4819
697 4825
698 4831
699 4837
700 4843
701 4849
702 4855
703 4856
704 4862
705 4868
706 4874
712 4877
713 4881
714 4884
715 4890
716 4895
717 4901
718 4904
719 4907
720 4913
721 4919
722 4925
723 4931
724 4937
725 4943
726 4949
727 4955
728 4961
729 4967
730 4973
731 4979
732 4985
733 4991
734 4997
735 5003
736 5009
737 5015
738 5021
739 5027
740 5033
741 5039
742 5045
743 5051
744 5057
745 5063
746 5069
747 5075
748 5081
749 5087
750 5093
751 5099
752 5105
753 5111
754 5117
755 5123
756 5129
757 5135
758 5141
759 5147
760 5153
761 5159
762 5165
763 5171
764 5177
765 5183
766 5189
767 5195
768 5201
769 5207
770 5213
771 5219
772 5225
773 5231
774 5237
775 5243
776 5249
777 5255
778 5261
779 5267
780 5273
781 5279
782 5285
783 5291
784 5297
785 5303
786 5309
787 5315
788 5321
789 5327
790 5333
791 5339
792 5345
793 5351
794 5357
795 5363
796 5369
797 5375
798 5381
799 5387
800 5393
801 5399
802 5405
803 5411
804 5417
805 5423
806 5429
807 5435
808 5441
809 5447
810 5453
811 5459
812 5465
813 5471
814 5477
815 5483
816 5489
817 5495
818 5501
819 5507
820 5513
821 5519
822 5525
823 5531
824 5537
825 5543
826 5549
827 5555
828 5561
829 5567
830 5573
831 5579
832 5585
833 5591
834 5597
835 5603
836 5609
837 5615
838 5621
839 5627
840 5633
841 5639
842 5645
843 5651
844 5657
845 5663
846 5669
847 5675
848 5681
849 5687
850 5693
851 5699
854 5704
857 5705
858 5710
860 5714
861 5719
862 5725
863 5731
864 5737
865 5743
866 5749
867 5755
868 5761
869 5767
870 5773
871 5779
872 5785
873 5791
874 5797
875 5803
876 5809
877 5815
878 5821
879 5827
880 5833
881 5839
882 5842
883 5848
884 5854
885 5860
886 5866
887 5872
888 5878
889 5884
890 5890
891 5896
892 5902
893 5908
894 5914
895 5920
896 5926
897 5932
898 5938
899 5944
900 5950
901 5956
902 5962
903 5968
904 5974
905 5980
906 5986
907 5992
908 5998
909 6004
910 6010
911 6016
912 6022
913 6028
914 6034
915 6040
916 6046
917 6052
918 6058
919 6064
920 6070
921 6076
922 6082
923 6088
924 6094
925 6100
926 6106
927 6112
928 6118
929 6124
930 6130
931 6136
932 6142
933 6148
934 6154
935 6160
936 6166
937 6172
938 6178
939 6184
940 6190
941 6196
942 6202
943 6208
944 6214
945 6220
946 6226
947 6232
948 6238
949 6244
950 6250
951 6256
952 6262
953 6268
954 6274
955 6280
956 6286
957 6292
958 6298
959 6304
960 6310
961 6316
962 6322
963 6328
964 6334
965 6340
966 6346
967 6352
968 6358
969 6364
970 6370
971 6376
972 6382
973 6388
974 6394
975 6400
976 6406
977 6412
978 6418
979 6424
980 6430
981 6436
982 6442
983 6448
984 6454
985 6460
986 6466
987 6472
988 6478
989 6484
990 6490
991 6496
992 6502
993 6508
994 6514
995 6520
996 6526
997 6532
998 6538
999 6544
1000 6550
1001 6556
1002 6562
1003 6567
1004 6569
1005 6575
1006 6581
1007 6587
1008 6593
1010 6600
1011 6606
1012 6612
1013 6618
1014 6624
1015 6630
1016 6636
1017 6642
1018 6648
1019 6654
1020 6660
1021 6666
1022 6672
1023 6678
1024 6684
1025 6691
1026 6697
1027 6703
1028 6709
1029 6715
1030 6721
1031 6727
1032 6733
1033 6738
1034 6744
1035 6750
1036 6756
1037 6762
1038 6768
1039 6774
1040 6780
1041 6786
1042 6792
1043 6798
1044 6804
1045 6810
1046 6816
1047 6822
1048 6828
1049 6834
1050 6840
1051 6846
1052 6852
1053 6858
1054 6864
1055 6870
1056 6876
1057 6882
1058 6888
1059 6894
1060 6900
1061 6906
1062 6912
1063 6918
1064 6924
1065 6930
1066 6936
1067 6942
1068 6948
1069 6954
1070 6960
1071 6966
1072 6972
1073 6978
1074 6985
1075 6991
1076 6997
1077 7003
1078 7009
1079 7015
1080 7021
1081 7027
1082 7033
1083 7039
1084 7045
1085 7051
1086 7057
1087 7063
1088 7069
1089 7075
1090 7080
1091 7086
1092 7092
1093 7098
1094 7104
1095 7110
1096 7116
1097 7122
1098 7128
1099 7134
1100 7140
1101 7146
1102 7152
1103 7158
1104 7164
1105 7170
1106 7176
1107 7182
1108 7188
1109 7194
1110 7200
1111 7206
1112 7212
1113 7218
1114 7224
1115 7230
1116 7236
1117 7242
1118 7248
1119 7254
1120 7260
1121 7266
1122 7272
1123 7278
1124 7284
1125 7290
1126 7296
1127 7302
1128 7308
1129 7314
1130 7320
1131 7326
1132 7332
1133 7338
1134 7344
1135 7350
1136 7356
1137 7362
1138 7368
1139 7374
1140 7380
1141 7386
1142 7392
1143 7398
1144 7404
1145 7410
1146 7416
1147 7422
1148 7428
1149 7434
1150 7440
1151 7446
1152 7452
1153 7458
1154 7464
1155 7470
1156 7476
1157 7482
1158 7488
1159 7494
1160 7500
1161 7506
1162 7512
1163 7518
1164 7524
1165 7530
1166 7536
1167 7542
1168 7548
1169 7554
1170 7560
1171 7566
1172 7572
1173 7578
1174 7584
1175 7590
1176 7596
1177 7602
1178 7608
1179 7614
1180 7620
1181 7626
1182 7632
1183 7638
1184 7644
1201 7645
1202 7649
1203 7655
1204 7661
1205 7667
1206 7673
1207 7679
1208 7685
1209 7691
1210 7697
1211 7703
1212 7706
1213 7712
1214 7718
1215 7724
1216 7730
1217 7736
1218 7742
1219 7748
1220 7754
1221 7761
1222 7767
1223 7773
1224 7779
1225 7785
1226 7791
1227 7797
1228 7803
1229 7809
1230 7815
1231 7821
1232 7827
1233 7833
1234 7839
1235 7845
1236 7851
1237 7857
1238 7863
1239 7869
1240 7875
1241 7881
1242 7887
1243 7893
1244 7899
1245 7905
1246 7911
1247 7917
1248 7923
1249 7929
1250 7935
1251 7941
1252 7947
1253 7953
1254 7958
1255 7964
1256 7970
1257 7976
1258 7982
1259 7988
1260 7994
1261 8000
1262 8007
1263 8013
1264 8019
1265 8025
1266 8031
1267 8037
1268 8043
1269 8049
1270 8055
1271 8061
1272 8067
1273 8073
1274 8079
1275 8085
1276 8091
1277 8097
1278 8102
1279 8108
1280 8114
1281 8120
1282 8126
1283 8132
1284 8138
1285 8144
1286 8150
1287 8156
1288 8162
1289 8168
1290 8174
1291 8180
1292 8186
1293 8192
1294 8198
1295 8204
1296 8210
1297 8216
1298 8222
1299 8228
1300 8234
1301 8240
1302 8246
1303 8253
1304 8259
1305 8265
1306 8271
1307 8277
1308 8283
1309 8289
1310 8295
1311 8300
1312 8306
1313 8312
1314 8318
1315 8324
1316 8330
1317 8336
1318 8342
1319 8348
1320 8354
1321 8360
1322 8366
1323 8372
1324 8378
1325 8384
1326 8390
1327 8396
1328 8402
1329 8408
1330 8414
1331 8420
1332 8426
1333 8432
1334 8438
1335 8444
1336 8450
1337 8455
1338 8459
1339 8465
1340 8471
1341 8477
1342 8483
1343 8489
1344 8495
1345 8501
1346 8507
1347 8513
1348 8519
1349 8525
1350 8531
1351 8537
1352 8543
1353 8549
1354 8555
1355 8561
1356 8567
1357 8573
1358 8579
1359 8585
1360 8592
1361 8598
1362 8604
1363 8610
1364 8616
1365 8622
1366 8628
1367 8634
1368 8640
1369 8646
1370 8652
1371 8658
1372 8664
1373 8670
1374 8676
1375 8682
1376 8687
1377 8693
1378 8699
1379 8705
1380 8711
1381 8717
1382 8723
1383 8729
1384 8735
1385 8742
1386 8748
1387 8754
1388 8760
1389 8766
1390 8772
1391 8778
1392 8784
1393 8790
1394 8796
1395 8802
1396 8808
1397 8814
1398 8820
1399 8826
1400 8832
1401 8838
1402 8844
1403 8850
1404 8856
1405 8862
1406 8868
1407 8874
1408 8880
1409 8886
1410 8892
1411 8898
1412 8904
1413 8910
1414 8916
1415 8922
1416 8928
1417 8934
1418 8940
1419 8946
1420 8952
1421 8958
1422 8964
1423 8970
1424 8976
1425 8982
1426 8988
1427 8994
1428 9000
1429 9006
1430 9012
1431 9018
1432 9024
1433 9030
1434 9036
1435 9042
1436 9048
1437 9054
1438 9060
1439 9066
1440 9072
1441 9078
1442 9084
1443 9090
1444 9096
1445 9102
1446 9108
1447 9114
1448 9120
1449 9126
1450 9132
1451 9138
1452 9144
1453 9150
1454 9156
1455 9162
1456 9168
1457 9174
1458 9180
1459 9186
1460 9192
1461 9198
1462 9204
1463 9210
1464 9216
1465 9222
1466 9228
1467 9234
1468 9240
1469 9246
1470 9252
1471 9258
1472 9264
1473 9270
1474 9276
1475 9282
1476 9288
1477 9294
1478 9300
1479 9306
1480 9312
1481 9318
1482 9324
1483 9330
1484 9336
1485 9342
1486 9348
1487 9354
1488 9360
1489 9366
1490 9372
1491 9378
1492 9384
1493 9390
1494 9396
1495 9402
1496 9408
1497 9414
1498 9420
1499 9426
1500 9432
1501 9438
1502 9444
1503 9450
1504 9456
1505 9462
1506 9468
1507 9474
1508 9480
1509 9486
1510 9492
1511 9498
1512 9504
1513 9510
1514 9516
1515 9522
1516 9527
1517 9531
1518 9537
1519 9543
1520 9549
1521 9555
1522 9561
1523 9567
1524 9573
1525 9579
1526 9585
1527 9591
1528 9597
1529 9603
1530 9609
1531 9615
1532 9621
1533 9627
1534 9633
1535 9639
1536 9645
1537 9651
1538 9657
1539 9663
1540 9669
1541 9675
1542 9681
1543 9687
1544 9693
1545 9699
1546 9705
1547 9711
1548 9717
1549 9723
1550 9729
1551 9735
1552 9741
1553 9747
1554 9753
1555 9759
1556 9765
1557 9771
1558 9777
1559 9783
1560 9789
1561 9795
1562 9801
1563 9807
1564 9813
1565 9819
1566 9825
1567 9831
1568 9837
1569 9843
1570 9849
1571 9855
1572 9861
1573 9867
1574 9873
1575 9879
1576 9885
1577 9891
1578 9897
1579 9903
1580 9909
1581 9915
1582 9921
1583 9927
1584 9933
1585 9939
1586 9945
1587 9951
1588 9957
1589 9962
1590 9968
1591 9974
1592 9980
1593 9986
1594 9992
1595 9998
1596 10004
1597 10011
1598 10017
1599 10023
1600 10029
1601 10035
1602 10041
1603 10047
1604 10053
1605 10059
1606 10065
1607 10071
1608 10077
1609 10083
1610 10089
1611 10095
1612 10101
1613 10106
1614 10112
1615 10118
1616 10124
1617 10130
1618 10136
1619 10142
1620 10148
1621 10155
1622 10161
1623 10167
1624 10173
1625 10179
1626 10185
1627 10191
1628 10197
1629 10203
1630 10209
1631 10215
1632 10221
1633 10227
1634 10233
1635 10239
1636 10245
1637 10251
1638 10257
1639 10263
1640 10269
1641 10275
1642 10281
1643 10287
1644 10293
1645 10299
1646 10305
1647 10311
1648 10317
1649 10323
1650 10329
1651 10335
1652 10341
1653 10347
1654 10353
1655 10359
1656 10365
1657 10371
1658 10377
1659 10383
1660 10389
1661 10395
1662 10401
1663 10407
1664 10413
1665 10419
1666 10425
1667 10431
1668 10437
1669 10443
1670 10449
1671 10455
1672 10461
1673 10467
1674 10473
1675 10479
1676 10485
1677 10491
1678 10497
1679 10503
1680 10509
1681 10515
1682 10521
1683 10527
1684 10533
1685 10539
1686 10545
1687 10551
1688 10557
1689 10563
1690 10569
1691 10575
1692 10581
1693 10587
1694 10593
1695 10599
1696 10605
1697 10611
1698 10617
1699 10623
1700 10629
1701 10635
1702 10641
1703 10647
1704 10653
1705 10659
1706 10665
1707 10671
1708 10677
1709 10683
1710 10689
1711 10695
1712 10701
1713 10707
1714 10713
1715 10719
1716 10725
1717 10731
1718 10737
1719 10743
1720 10749
1721 10755
1722 10761
1723 10767
1724 10773
1725 10779
1726 10785
1727 10791
1728 10797
1729 10803
1730 10809
1731 10815
1732 10821
1733 10827
1734 10833
1735 10839
1736 10845
1737 10851
1738 10857
1739 10863
1740 10869
1741 10875
1742 10881
1743 10887
1744 10893
1745 10899
1746 10905
1747 10911
1748 10917
1749 10923
1750 10929
1751 10935
1752 10941
1753 10947
1754 10953
1755 10959
1756 10965
1757 10971
1758 10977
1759 10983
1760 10989
1761 10995
1762 11001
1763 11007
1764 11013
1765 11019
1766 11025
1767 11031
1768 11037
1769 11043
1770 11049
1771 11055
1772 11061
1773 11067
1774 11073
1775 11079
1776 11085
1777 11091
1778 11097
1779 11103
1780 11109
1781 11115
1782 11121
1783 11127
1784 11133
1785 11139
1786 11145
1787 11151
1788 11157
1789 11163
1790 11169
1791 11175
1792 11181
1793 11187
1794 11193
1795 11199
1796 11205
1797 11211
1798 11217
1799 11223
1800 11229
1801 11235
1802 11241
1803 11247
1804 11253
1805 11259
1806 11265
1807 11271
1808 11277
1809 11283
1810 11289
1811 11295
1812 11301
1813 11307
1814 11313
1815 11319
1816 11325
1817 11331
1818 11337
1819 11343
1820 11349
1821 11355
1822 11361
1823 11367
1824 11373
1825 11379
1826 11385
1827 11391
1828 11397
1829 11403
1830 11409
1831 11415
1832 11421
1833 11427
1834 11433
1835 11439
1836 11445
1837 11451
1838 11457
1839 11463
1840 11469
1841 11475
1842 11481
1843 11487
1844 11493
1845 11499
1846 11505
1847 11511
1848 11517
1849 11523
1850 11529
1851 11535
1852 11541
1853 11547
1854 11553
1855 11559
1856 11565
1857 11571
1858 11577
1859 11583
1881 11589
1882 11595
1883 11601
1884 11607
1885 11613
1886 11619
1887 11625
1888 11631
1889 11637
1890 11643
1891 11649
1892 11655
1893 11661
1894 11667
1895 11673
1896 11679
1897 11685
1898 11691
1899 11697
1900 11703
1901 11709
1902 11715
1903 11721
1904 11727
1905 11733
1906 11739
1907 11745
1908 11751
1909 11757
1910 11763
1911 11769
1912 11775
1913 11781
1914 11787
1915 11793
1916 11799
1917 11805
1918 11811
1919 11817
1920 11823
1921 11829
1922 11835
1923 11841
1924 11847
1925 11853
1926 11859
1927 11865
1928 11871
1929 11877
1930 11883
1931 11889
1932 11895
1933 11901
1934 11907
1935 11913
1936 11919
1937 11925
1938 11931
1939 11937
1940 11943
1941 11949
1942 11955
1943 11961
1944 11967
1945 11973
1946 11979
1947 11985
1948 11991
1949 11997
1950 12003
1951 12009
1952 12015
1953 12021
1954 12027
1955 12033
1956 12039
1957 12045
1958 12051
1959 12057
1960 12063
1961 12069
1962 12075
1963 12081
1964 12087
1965 12093
1966 12099
1967 12105
1968 12111
1969 12117
1970 12123
1971 12129
1972 12135
1973 12141
1974 12147
1975 12153
1976 12159
1977 12165
1978 12171
1979 12177
1980 12183
1981 12189
1982 12195
1983 12201
1984 12207
1985 12213
1986 12219
1987 12225
1988 12231
1989 12237
1990 12243
1991 12249
1992 12255
1993 12261
1994 12267
1995 12273
1996 12279
1997 12285
1998 12291
1999 12297
2000 12303
2001 12309
2002 12315
2003 12321
2004 12327
2005 12333
2006 12339
2007 12345
2008 12351
2009 12357
2010 12363
2011 12369
2012 12375
2013 12381
2014 12387
2015 12393
2016 12399
2017 12405
2018 12411
2019 12417
2020 12423
2021 12429
2022 12435
2023 12441
2024 12447
2025 12453
2026 12459
2027 12465
2028 12471
2029 12477
2030 12483
2031 12489
2032 12495
2033 12501
2034 12507
2035 12513
2036 12519
2037 12525
2038 12531
2039 12537
2040 12543
2041 12549
2042 12555
2043 12561
2044 12567
2045 12573
2046 12579
2047 12585
2048 12591
2049 12597
2050 12603
2051 12609
2052 12615
2053 12621
2054 12627
2055 12633
2056 12639
2057 12645
2058 12651
2059 12657
2060 12663
2061 12669
2062 12675
2063 12681
2064 12687
2065 12693
2066 12699
2067 12705
2068 12711
2069 12717
2070 12723
2071 12729
2072 12735
2073 12741
2074 12747
2075 12753
2076 12759
2077 12765
2078 12771
2079 12777
2080 12783
2081 12789
2082 12795
2083 12801
2084 12807
2085 12810
2086 12815
2087 12821
2088 12827
2089 12833
2090 12839
2091 12845
2092 12851
2093 12857
2094 12863
2095 12869
2096 12875
2097 12881
2098 12887
2099 12893
2100 12899
2101 12905
2102 12908
2103 12914
2104 12920
2105 12926
2106 12932
2107 12938
2108 12944
2109 12950
2110 12956
2111 12962
2112 12968
2113 12974
2114 12980
2115 12986
2116 12992
2117 12998
2118 13004
2119 13010
2120 13016
2121 13022
2122 13028
2123 13034
2124 13040
2125 13046
2126 13052
2127 13058
2128 13064
2129 13070
2130 13076
2131 13082
2132 13088
2133 13094
2134 13100
2135 13106
2136 13112
2137 13118
2138 13124
2139 13130
2140 13136
2141 13142
2142 13148
2143 13154
2144 13160
2145 13166
2146 13172
2147 13178
2148 13184
2149 13190
2150 13196
2151 13202
2152 13208
2153 13214
2154 13220
2155 13226
2156 13232
2157 13238
2158 13244
2159 13250
2160 13256
2161 13262
2162 13268
2163 13274
2164 13280
2165 13286
2166 13292
2167 13298
2168 13304
2169 13310
2170 13316
2171 13322
2172 13328
2173 13334
2174 13340
2175 13346
2176 13352
2177 13358
2178 13364
2179 13370
2180 13376
2181 13382
2182 13388
2183 13394
2184 13400
2185 13406
2186 13412
2187 13418
2188 13424
2189 13430
2190 13436
2191 13442
2192 13448
2193 13454
2194 13460
2195 13466
2196 13472
2197 13478
2198 13484
2199 13490
2200 13496
2201 13502
2202 13508
2203 13514
2204 13520
2205 13526
2206 13532
2207 13538
2208 13544
2209 13550
2210 13556
2211 13562
2212 13568
2213 13574
2214 13580
2215 13586
2216 13592
2217 13598
2218 13604
2219 13610
2220 13616
2221 13622
2222 13628
2223 13634
2224 13640
2225 13646
2226 13652
2227 13658
2228 13664
2229 13670
2230 13676
2231 13682
2232 13688
2233 13694
2234 13700
2235 13706
2236 13712
2237 13718
2238 13724
2239 13730
2240 13736
2241 13742
2242 13748
2243 13754
2244 13760
2245 13766
2246 13772
2247 13778
2248 13784
2249 13790
2250 13796
2251 13802
2252 13808
2253 13814
2254 13820
2255 13826
2256 13832
2257 13838
2258 13844
2259 13850
2260 13856
2261 13862
2262 13868
2263 13874
2264 13880
2265 13886
2266 13892
2267 13898
2268 13904
2269 13910
2270 13916
2271 13922
2272 13928
2273 13934
2274 13940
2275 13946
2276 13952
2277 13958
2278 13964
2279 13967
2280 13973
2281 13979
2282 13985
2283 13988
2284 13994
2285 14000
2286 14006
2287 14012
2288 14018
2289 14024
2290 14027
2291 14033
2292 14039
2293 14045
2294 14051
2295 14057
2296 14063
2297 14069
2298 14075
2299 14081
2300 14087
2301 14093
2302 14099
2303 14105
2304 14111
2305 14117
2306 14122
2307 14123
2308 14124
2309 14125
2310 14126
2311 14130
2312 14136
2313 14139
2314 14145
2315 14151
2316 14157
2317 14163
2318 14169
2319 14175
2320 14181
2321 14187
2322 14193
2323 14199
2324 14205
2325 14211
2326 14217
2327 14223
2328 14229
2329 14235
2330 14241
2331 14247
2332 14253
2333 14259
2334 14265
2335 14271
2336 14277
2337 14283
2338 14289
2339 14295
2340 14301
2341 14307
2342 14313
2343 14319
2344 14325
2345 14331
2346 14337
2347 14343
2348 14349
2349 14355
2350 14361
2351 14367
2352 14373
2353 14379
2354 14385
2355 14391
2356 14397
2357 14403
2358 14409
2359 14415
2360 14421
2361 14427
2362 14433
2363 14439
2364 14445
2365 14451
2366 14457
2367 14463
2368 14469
2369 14475
2370 14481
2371 14487
2372 14493
2373 14499
2374 14505
2375 14511
2376 14517
2377 14523
2378 14529
2379 14535
2380 14541
2381 14547
2382 14553
2383 14559
2384 14565
2385 14571
2386 14577
2387 14583
2388 14589
2389 14595
2390 14601
2391 14607
2392 14613
2393 14619
2394 14625
2395 14631
2396 14637
2397 14643
2398 14649
2399 14655
2400 14661
2401 14667
2402 14673
2403 14679
2404 14685
2405 14691
2406 14697
2407 14703
2408 14709
2409 14715
2410 14721
2411 14727
2412 14733
2413 14739
2414 14745
2415 14751
2416 14757
2417 14763
2418 14769
2419 14775
2420 14781
2421 14787
2422 14793
2423 14799
2424 14805
2425 14811
2426 14817
2427 14823
2428 14829
2429 14835
2430 14841
2431 14847
2432 14853
2433 14859
2434 14865
2435 14871
2436 14877
2437 14883
2438 14889
2439 14895
2440 14901
2441 14907
2442 14913
2443 14919
2444 14925
2445 14931
2446 14937
2447 14943
2448 14949
2449 14955
2450 14961
2451 14967
2452 14973
2453 14979
2454 14985
2455 14991
2456 14997
2457 15003
2458 15009
2459 15015
2460 15021
2461 15027
2462 15033
2463 15039
2464 15045
2465 15051
2466 15057
2467 15063
2468 15069
2469 15075
2470 15081
2471 15087
2472 15093
2473 15099
2474 15105
2475 15111
2476 15117
2477 15123
2478 15129
2479 15135
2480 15141
2481 15147
2482 15153
2483 15159
2484 15165
2485 15171
2486 15177
2487 15183
2488 15189
2489 15195
2490 15201
2491 15207
2492 15213
2493 15219
2494 15225
2495 15231
2496 15237
2497 15243
2498 15249
2499 15255
2500 15261
2501 15267
2502 15273
2503 15279
2504 15285
2505 15291
2506 15297
2507 15303
2508 15309
2509 15315
2510 15321
2511 15327
2512 15333
2513 15339
2514 15345
2515 15351
2516 15357
2517 15363
2518 15369
2519 15375
2520 15381
2521 15387
2522 15393
2523 15399
2524 15405
2525 15411
2526 15417
2527 15423
2528 15429
2529 15435
2530 15441
2531 15447
2532 15453
2533 15459
2534 15465
2535 15471
2536 15477
2537 15483
2538 15489
2539 15495
2540 15501
2541 15507
2542 15513
2543 15519
2544 15525
2545 15531
2546 15537
2547 15543
2548 15549
2549 15555
2550 15561
2551 15567
2552 15573
2553 15579
2554 15585
2555 15591
2556 15597
2557 15603
2558 15609
2559 15615
2560 15621
2561 15627
2562 15633
2563 15639
2564 15645
2565 15651
2566 15657
2567 15663
2568 15669
2569 15675
2570 15681
2571 15687
2572 15693
2573 15699
2574 15705
2575 15711
2576 15717
2577 15723
2578 15729
2579 15735
2580 15741
2581 15747
2582 15753
2583 15759
2584 15765
2585 15771
2586 15777
2587 15783
2588 15789
2589 15795
2590 15801
2591 15807
2592 15813
2593 15819
2594 15825
2595 15831
2596 15837
2597 15843
2598 15849
2599 15855
2600 15861
2601 15867
2602 15873
2603 15879
2604 15885
2605 15891
2606 15897
2607 15903
2608 15909
2609 15915
2610 15921
2611 15927
2612 15933
2613 15939
2614 15945
2615 15951
2616 15957
2617 15963
2618 15969
2619 15975
2620 15981
2621 15987
2622 15993
2623 15999
2624 16005
2625 16011
2626 16017
2627 16023
2628 16029
2629 16035
2630 16041
2631 16047
2632 16053
2633 16059
2634 16065
2635 16071
2636 16077
2637 16083
2638 16089
2639 16095
2640 16101
2641 16107
2642 16113
2643 16119
2644 16125
2645 16131
2646 16137
2647 16143
2648 16149
2649 16155
2650 16161
2651 16167
2652 16173
2653 16179
2654 16185
2655 16191
2656 16197
2657 16203
2658 16209
2659 16215
2660 16221
2661 16227
2662 16233
2663 16239
2664 16245
2665 16251
2666 16257
2667 16263
2668 16269
2669 16275
2670 16281
2671 16287
2672 16293
2673 16299
2674 16305
2675 16311
2676 16317
2677 16323
2678 16329
2679 16335
2680 16341
2681 16347
2682 16353
2683 16359
2684 16365
2685 16371
2686 16377
2687 16383
2688 16389
2689 16395
2690 16401
2691 16407
2692 16413
2693 16419
2694 16425
2695 16431
2696 16437
2697 16443
2698 16449
2699 16455
2700 16461
2701 16467
2702 16473
2703 16479
2704 16485
2705 16491
2706 16497
2707 16503
2708 16509
2709 16515
2710 16521
2711 16527
2712 16533
2713 16539
