0 1027
1 1033
2 1039
3 1045
4 1051
5 1057
6 1063
7 1069
8 1075
9 1081
10 1087
11 1093
12 1099
13 1105
14 1111
15 1117
16 1123
17 1129
18 1135
19 1141
20 1147
21 1153
22 1159
23 1165
24 1171
25 1177
26 1183
27 1189
28 1195
29 1201
30 1207
31 1213
32 1219
33 1225
34 1231
35 1237
36 1243
37 1249
38 1255
39 1261
40 1267
41 1273
42 1279
43 1285
44 1291
45 1297
46 1303
47 1309
48 1315
49 1321
50 1327
51 1333
52 1339
53 1345
54 1351
55 1357
56 1363
57 1369
58 1375
59 1381
60 1387
61 1393
62 1399
63 1405
64 1411
65 1417
66 1423
67 1429
68 1435
69 1441
70 1447
71 1453
72 1459
73 1465
74 1471
75 1477
76 1483
77 1489
78 1495
79 1501
80 1507
81 1513
82 1519
83 1525
84 1531
85 1537
86 1543
87 1549
88 1555
89 1561
90 1567
91 1573
92 1579
93 1585
94 1591
95 1597
96 1603
97 1609
98 1615
99 1621
100 1627
101 1633
102 1639
103 1645
104 1651
105 1657
106 1663
107 1669
108 1675
109 1681
110 1687
111 1693
112 1699
113 1705
114 1711
115 1717
116 1723
117 1729
118 1735
119 1741
120 1747
121 1753
122 1759
123 1765
124 1771
125 1777
126 1783
127 1789
128 1795
129 1801
130 1807
131 1813
132 1819
133 1825
134 1831
135 1837
136 1843
137 1849
138 1855
139 1861
140 1867
141 1873
142 1879
143 1885
144 1891
145 1897
146 1903
147 1909
148 1915
149 1921
150 1927
151 1933
152 1939
153 1945
154 1951
155 1957
156 1963
157 1969
158 1975
159 1981
160 1987
161 1993
162 1999
163 2005
164 2011
165 2017
166 2023
167 2029
168 2035
169 2041
170 2047
171 2053
172 2059
173 2065
174 2071
175 2077
176 2083
177 2089
178 2095
179 2101
180 2107
181 2113
182 2119
183 2125
184 2131
185 2137
186 2143
187 2149
188 2155
189 2161
190 2167
191 2173
192 2179
193 2185
194 2191
195 2197
196 2203
197 2209
198 2215
199 2221
200 2227
201 2233
202 2239
203 2245
204 2251
205 2257
206 2263
207 2269
208 2275
209 2281
210 2287
211 2293
212 2299
213 2305
214 2311
215 2317
216 2323
217 2329
218 2335
219 2341
220 2347
221 2353
222 2359
223 2365
224 2371
225 2377
226 2383
227 2389
228 2395
229 2401
230 2407
231 2413
232 2419
233 2425
234 2431
235 2437
236 2443
237 2449
238 2455
239 2461
240 2467
241 2473
242 2479
243 2485
244 2491
245 2497
246 2503
247 2509
248 2515
249 2521
250 2527
251 2533
252 2539
253 2545
254 2551
255 2557
256 2563
257 2569
258 2575
259 2581
260 2587
261 2593
262 2599
263 2605
264 2611
265 2617
266 2623
267 2629
268 2635
269 2641
270 2647
271 2653
272 2659
273 2665
274 2671
275 2677
276 2683
277 2689
278 2695
279 2701
280 2707
281 2713
282 2719
283 2725
284 2731
285 2737
286 2743
287 2749
288 2755
289 2761
290 2767
291 2773
292 2779
293 2785
294 2791
295 2797
296 2803
297 2809
298 2815
299 2821
300 2827
301 2833
302 2839
303 2845
304 2851
305 2857
306 2863
307 2869
308 2875
309 2881
310 2887
311 2893
312 2899
313 2905
314 2911
315 2917
316 2923
317 2929
318 2935
319 2941
320 2947
321 2953
322 2959
323 2965
324 2971
325 2977
326 2983
327 2989
328 2995
329 3001
330 3007
331 3013
332 3019
333 3025
334 3031
335 3037
336 3043
337 3049
338 3055
339 3061
340 3067
341 3073
342 3079
343 3085
344 3091
345 3097
346 3103
347 3109
348 3115
349 3121
350 3127
351 3133
352 3139
353 3145
354 3151
355 3157
356 3163
357 3169
358 3175
359 3181
360 3187
361 3193
362 3199
363 3205
364 3211
365 3217
366 3223
367 3229
368 3235
369 3241
370 3247
371 3253
372 3259
373 3265
374 3271
375 3277
376 3283
377 3289
378 3295
379 3301
380 3307
381 3313
382 3319
383 3325
384 3331
385 3337
386 3343
387 3349
388 3355
389 3361
390 3367
391 3373
392 3379
393 3385
394 3391
395 3397
396 3403
397 3409
398 3415
399 3421
400 3427
401 3433
402 3439
403 3445
404 3451
405 3457
406 3463
407 3469
408 3475
409 3481
410 3487
411 3493
412 3499
413 3505
414 3511
415 3517
416 3523
417 3529
418 3535
419 3541
420 3547
421 3553
422 3559
423 3565
424 3571
425 3577
426 3583
427 3589
428 3595
429 3601
430 3607
431 3613
432 3619
433 3625
434 3631
435 3637
436 3643
437 3649
438 3655
439 3661
440 3667
441 3673
442 3679
443 3685
444 3691
445 3697
446 3703
447 3709
448 3715
449 3721
450 3727
451 3733
452 3739
453 3745
454 3751
455 3757
456 3763
457 3769
458 3775
459 3781
460 3787
461 3793
462 3799
463 3805
464 3811
465 3817
466 3823
467 3829
468 3835
469 3841
470 3847
471 3853
472 3859
473 3865
474 3871
475 3877
476 3883
477 3889
478 3895
479 3901
480 3907
481 3913
482 3919
483 3925
484 3931
485 3937
486 3943
487 3949
488 3955
489 3961
490 3967
491 3973
492 3979
493 3985
494 3991
495 3997
496 4003
497 4009
498 4015
499 4021
500 4027
501 4033
502 4039
503 4045
504 4051
505 4057
506 4063
507 4069
508 4075
509 4081
510 4087
511 4093
512 4099
513 4105
514 4111
515 4117
516 4123
517 4129
518 4135
519 4141
520 4147
521 4153
522 4159
523 4165
524 4171
525 4177
526 4183
527 4189
528 4195
529 4201
530 4207
531 4213
532 4219
533 4225
534 4231
535 4237
536 4243
537 4249
538 4255
539 4261
540 4267
541 4273
542 4279
543 4285
544 4291
545 4297
546 4303
547 4309
548 4315
549 4321
550 4327
551 4333
552 4339
553 4345
554 4351
555 4357
556 4363
557 4369
558 4375
559 4381
560 4387
561 4393
562 4399
563 4405
564 4411
565 4417
566 4423
567 4429
568 4435
569 4441
570 4447
571 4453
572 4459
573 4465
574 4471
575 4477
576 4483
577 4489
578 4495
579 4501
580 4507
581 4513
582 4519
583 4525
584 4531
585 4537
586 4543
587 4549
588 4555
589 4561
590 4567
591 4573
592 4579
593 4585
594 4591
595 4597
596 4603
597 4609
598 4615
599 4621
600 4627
601 4633
602 4639
603 4645
604 4651
605 4657
606 4663
607 4669
608 4675
609 4681
610 4687
611 4693
612 4699
613 4705
614 4711
615 4717
616 4723
617 4729
618 4735
619 4741
620 4747
621 4753
622 4759
623 4765
624 4771
625 4777
626 4783
627 4789
628 4795
629 4801
630 4807
631 4813
632 4819
633 4825
634 4831
635 4837
636 4843
637 4849
638 4855
639 4856
640 4862
641 4868
642 4874
648 4877
649 4881
650 4884
651 4890
652 4895
653 4901
654 4904
655 4907
656 4913
657 4919
658 4925
659 4931
660 4937
661 4943
662 4949
663 4955
664 4961
665 4967
666 4973
667 4979
668 4985
669 4991
670 4997
671 5003
672 5009
673 5015
674 5021
675 5027
676 5033
677 5039
678 5045
679 5051
680 5057
681 5063
682 5069
683 5075
684 5081
685 5087
686 5093
687 5099
688 5105
689 5111
690 5117
691 5123
692 5129
693 5135
694 5141
695 5147
696 5153
697 5159
698 5165
699 5171
700 5177
701 5183
702 5189
703 5195
704 5201
705 5207
706 5213
707 5219
708 5225
709 5231
710 5237
711 5243
712 5249
713 5255
714 5261
715 5267
716 5273
717 5279
718 5285
719 5291
720 5297
721 5303
722 5309
723 5315
724 5321
725 5327
726 5333
727 5339
728 5345
729 5351
730 5357
731 5363
732 5369
733 5375
734 5381
735 5387
736 5393
737 5399
738 5405
739 5411
740 5417
741 5423
742 5429
743 5435
744 5441
745 5447
746 5453
747 5459
748 5465
749 5471
750 5477
751 5483
752 5489
753 5495
754 5501
755 5507
756 5513
757 5519
758 5525
759 5531
760 5537
761 5543
762 5549
763 5555
764 5561
765 5567
766 5573
767 5579
768 5585
769 5591
770 5597
771 5603
772 5609
773 5615
774 5621
775 5627
776 5633
777 5639
778 5645
779 5651
780 5657
781 5663
782 5669
783 5675
784 5681
785 5687
786 5693
787 5699
790 5704
793 5705
794 5710
796 5714
797 5719
798 5725
799 5731
800 5737
801 5743
802 5749
803 5755
804 5761
805 5767
806 5773
807 5779
808 5785
809 5791
810 5797
811 5803
812 5809
813 5815
814 5821
815 5827
816 5833
817 5839
818 5842
819 5848
820 5854
821 5860
822 5866
823 5872
824 5878
825 5884
826 5890
827 5896
828 5902
829 5908
830 5914
831 5920
832 5926
833 5932
834 5938
835 5944
836 5950
837 5956
838 5962
839 5968
840 5974
841 5980
842 5986
843 5992
844 5998
845 6004
846 6010
847 6016
848 6022
849 6028
850 6034
851 6040
852 6046
853 6052
854 6058
855 6064
856 6070
857 6076
858 6082
859 6088
860 6094
861 6100
862 6106
863 6112
864 6118
865 6124
866 6130
867 6136
868 6142
869 6148
870 6154
871 6160
872 6166
873 6172
874 6178
875 6184
876 6190
877 6196
878 6202
879 6208
880 6214
881 6220
882 6226
883 6232
884 6238
885 6244
886 6250
887 6256
888 6262
889 6268
890 6274
891 6280
892 6286
893 6292
894 6298
895 6304
896 6310
897 6316
898 6322
899 6328
900 6334
901 6340
902 6346
903 6352
904 6358
905 6364
906 6370
907 6376
908 6382
909 6388
910 6394
911 6400
912 6406
913 6412
914 6418
915 6424
916 6430
917 6436
918 6442
919 6448
920 6454
921 6460
922 6466
923 6472
924 6478
925 6484
926 6490
927 6496
928 6502
929 6508
930 6514
931 6520
932 6526
933 6532
934 6538
935 6544
936 6550
937 6556
938 6562
939 6567
940 6569
941 6575
942 6581
943 6587
944 6593
946 6600
947 6606
948 6612
949 6618
950 6624
951 6630
952 6636
953 6642
954 6648
955 6654
956 6660
957 6666
958 6672
959 6678
960 6684
961 6691
962 6697
963 6703
964 6709
965 6715
966 6721
967 6727
968 6733
969 6738
970 6744
971 6750
972 6756
973 6762
974 6768
975 6774
976 6780
977 6786
978 6792
979 6798
980 6804
981 6810
982 6816
983 6822
984 6828
985 6834
986 6840
987 6846
988 6852
989 6858
990 6864
991 6870
992 6876
993 6882
994 6888
995 6894
996 6900
997 6906
998 6912
999 6918
1000 6924
1001 6930
1002 6936
1003 6942
1004 6948
1005 6954
1006 6960
1007 6966
1008 6972
1009 6978
1010 6985
1011 6991
1012 6997
1013 7003
1014 7009
1015 7015
1016 7021
1017 7027
1018 7033
1019 7039
1020 7045
1021 7051
1022 7057
1023 7063
1024 7069
1025 7075
1026 7080
1027 7086
1028 7092
1029 7098
1030 7104
1031 7110
1032 7116
1033 7122
1034 7128
1035 7134
1036 7140
1037 7146
1038 7152
1039 7158
1040 7164
1041 7170
1042 7176
1043 7182
1044 7188
1045 7194
1046 7200
1047 7206
1048 7212
1049 7218
1050 7224
1051 7230
1052 7236
1053 7242
1054 7248
1055 7254
1056 7260
1057 7266
1058 7272
1059 7278
1060 7284
1061 7290
1062 7296
1063 7302
1064 7308
1065 7314
1066 7320
1067 7326
1068 7332
1069 7338
1070 7344
1071 7350
1072 7356
1073 7362
1074 7368
1075 7374
1076 7380
1077 7386
1078 7392
1079 7398
1080 7404
1081 7410
1082 7416
1083 7422
1084 7428
1085 7434
1086 7440
1087 7446
1088 7452
1089 7458
1090 7464
1091 7470
1092 7476
1093 7482
1094 7488
1095 7494
1096 7500
1097 7506
1098 7512
1099 7518
1100 7524
1101 7530
1102 7536
1103 7542
1104 7548
1105 7554
1106 7560
1107 7566
1108 7572
1109 7578
1110 7584
1111 7590
1112 7596
1113 7602
1114 7608
1115 7614
1116 7620
1117 7626
1118 7632
1119 7638
1120 7644
1137 7645
1138 7649
1139 7655
1140 7661
1141 7667
1142 7673
1143 7679
1144 7685
1145 7691
1146 7697
1147 7703
1148 7706
1149 7712
1150 7718
1151 7724
1152 7730
1153 7736
1154 7742
1155 7748
1156 7754
1157 7761
1158 7767
1159 7773
1160 7779
1161 7785
1162 7791
1163 7797
1164 7803
1165 7809
1166 7815
1167 7821
1168 7827
1169 7833
1170 7839
1171 7845
1172 7851
1173 7857
1174 7863
1175 7869
1176 7875
1177 7881
1178 7887
1179 7893
1180 7899
1181 7905
1182 7911
1183 7917
1184 7923
1185 7929
1186 7935
1187 7941
1188 7947
1189 7953
1190 7958
1191 7964
1192 7970
1193 7976
1194 7982
1195 7988
1196 7994
1197 8000
1198 8007
1199 8013
1200 8019
1201 8025
1202 8031
1203 8037
1204 8043
1205 8049
1206 8055
1207 8061
1208 8067
1209 8073
1210 8079
1211 8085
1212 8091
1213 8097
1214 8102
1215 8108
1216 8114
1217 8120
1218 8126
1219 8132
1220 8138
1221 8144
1222 8150
1223 8156
1224 8162
1225 8168
1226 8174
1227 8180
1228 8186
1229 8192
1230 8198
1231 8204
1232 8210
1233 8216
1234 8222
1235 8228
1236 8234
1237 8240
1238 8246
1239 8253
1240 8259
1241 8265
1242 8271
1243 8277
1244 8283
1245 8289
1246 8295
1247 8300
1248 8306
1249 8312
1250 8318
1251 8324
1252 8330
1253 8336
1254 8342
1255 8348
1256 8354
1257 8360
1258 8366
1259 8372
1260 8378
1261 8384
1262 8390
1263 8396
1264 8402
1265 8408
1266 8414
1267 8420
1268 8426
1269 8432
1270 8438
1271 8444
1272 8450
1273 8455
1274 8459
1275 8465
1276 8471
1277 8477
1278 8483
1279 8489
1280 8495
1281 8501
1282 8507
1283 8513
1284 8519
1285 8525
1286 8531
1287 8537
1288 8543
1289 8549
1290 8555
1291 8561
1292 8567
1293 8573
1294 8579
1295 8585
1296 8592
1297 8598
1298 8604
1299 8610
1300 8616
1301 8622
1302 8628
1303 8634
1304 8640
1305 8646
1306 8652
1307 8658
1308 8664
1309 8670
1310 8676
1311 8682
1312 8687
1313 8693
1314 8699
1315 8705
1316 8711
1317 8717
1318 8723
1319 8729
1320 8735
1321 8742
1322 8748
1323 8754
1324 8760
1325 8766
1326 8772
1327 8778
1328 8784
1329 8790
1330 8796
1331 8802
1332 8808
1333 8814
1334 8820
1335 8826
1336 8832
1337 8838
1338 8844
1339 8850
1340 8856
1341 8862
1342 8868
1343 8874
1344 8880
1345 8886
1346 8892
1347 8898
1348 8904
1349 8910
1350 8916
1351 8922
1352 8928
1353 8934
1354 8940
1355 8946
1356 8952
1357 8958
1358 8964
1359 8970
1360 8976
1361 8982
1362 8988
1363 8994
1364 9000
1365 9006
1366 9012
1367 9018
1368 9024
1369 9030
1370 9036
1371 9042
1372 9048
1373 9054
1374 9060
1375 9066
1376 9072
1377 9078
1378 9084
1379 9090
1380 9096
1381 9102
1382 9108
1383 9114
1384 9120
1385 9126
1386 9132
1387 9138
1388 9144
1389 9150
1390 9156
1391 9162
1392 9168
1393 9174
1394 9180
1395 9186
1396 9192
1397 9198
1398 9204
1399 9210
1400 9216
1401 9222
1402 9228
1403 9234
1404 9240
1405 9246
1406 9252
1407 9258
1408 9264
1409 9270
1410 9276
1411 9282
1412 9288
1413 9294
1414 9300
1415 9306
1416 9312
1417 9318
1418 9324
1419 9330
1420 9336
1421 9342
1422 9348
1423 9354
1424 9360
1425 9366
1426 9372
1427 9378
1428 9384
1429 9390
1430 9396
1431 9402
1432 9408
1433 9414
1434 9420
1435 9426
1436 9432
1437 9438
1438 9444
1439 9450
1440 9456
1441 9462
1442 9468
1443 9474
1444 9480
1445 9486
1446 9492
1447 9498
1448 9504
1449 9510
1450 9516
1451 9522
1452 9527
1453 9531
1454 9537
1455 9543
1456 9549
1457 9555
1458 9561
1459 9567
1460 9573
1461 9579
1462 9585
1463 9591
1464 9597
1465 9603
1466 9609
1467 9615
1468 9621
1469 9627
1470 9633
1471 9639
1472 9645
1473 9651
1474 9657
1475 9663
1476 9669
1477 9675
1478 9681
1479 9687
1480 9693
1481 9699
1482 9705
1483 9711
1484 9717
1485 9723
1486 9729
1487 9735
1488 9741
1489 9747
1490 9753
1491 9759
1492 9765
1493 9771
1494 9777
1495 9783
1496 9789
1497 9795
1498 9801
1499 9807
1500 9813
1501 9819
1502 9825
1503 9831
1504 9837
1505 9843
1506 9849
1507 9855
1508 9861
1509 9867
1510 9873
1511 9879
1512 9885
1513 9891
1514 9897
1515 9903
1516 9909
1517 9915
1518 9921
1519 9927
1520 9933
1521 9939
1522 9945
1523 9951
1524 9957
1525 9962
1526 9968
1527 9974
1528 9980
1529 9986
1530 9992
1531 9998
1532 10004
1533 10011
1534 10017
1535 10023
1536 10029
1537 10035
1538 10041
1539 10047
1540 10053
1541 10059
1542 10065
1543 10071
1544 10077
1545 10083
1546 10089
1547 10095
1548 10101
1549 10106
1550 10112
1551 10118
1552 10124
1553 10130
1554 10136
1555 10142
1556 10148
1557 10155
1558 10161
1559 10167
1560 10173
1561 10179
1562 10185
1563 10191
1564 10197
1565 10203
1566 10209
1567 10215
1568 10221
1569 10227
1570 10233
1571 10239
1572 10245
1573 10251
1574 10257
1575 10263
1576 10269
1577 10275
1578 10281
1579 10287
1580 10293
1581 10299
1582 10305
1583 10311
1584 10317
1585 10323
1586 10329
1587 10335
1588 10341
1589 10347
1590 10353
1591 10359
1592 10365
1593 10371
1594 10377
1595 10383
1596 10389
1597 10395
1598 10401
1599 10407
1600 10413
1601 10419
1602 10425
1603 10431
1604 10437
1605 10443
1606 10449
1607 10455
1608 10461
1609 10467
1610 10473
1611 10479
1612 10485
1613 10491
1614 10497
1615 10503
1616 10509
1617 10515
1618 10521
1619 10527
1620 10533
1621 10539
1622 10545
1623 10551
1624 10557
1625 10563
1626 10569
1627 10575
1628 10581
1629 10587
1630 10593
1631 10599
1632 10605
1633 10611
1634 10617
1635 10623
1636 10629
1637 10635
1638 10641
1639 10647
1640 10653
1641 10659
1642 10665
1643 10671
1644 10677
1645 10683
1646 10689
1647 10695
1648 10701
1649 10707
1650 10713
1651 10719
1652 10725
1653 10731
1654 10737
1655 10743
1656 10749
1657 10755
1658 10761
1659 10767
1660 10773
1661 10779
1662 10785
1663 10791
1664 10797
1665 10803
1666 10809
1667 10815
1668 10821
1669 10827
1670 10833
1671 10839
1672 10845
1673 10851
1674 10857
1675 10863
1676 10869
1677 10875
1678 10881
1679 10887
1680 10893
1681 10899
1682 10905
1683 10911
1684 10917
1685 10923
1686 10929
1687 10935
1688 10941
1689 10947
1690 10953
1691 10959
1692 10965
1693 10971
1694 10977
1695 10983
1696 10989
1697 10995
1698 11001
1699 11007
1700 11013
1701 11019
1702 11025
1703 11031
1704 11037
1705 11043
1706 11049
1707 11055
1708 11061
1709 11067
1710 11073
1711 11079
1712 11085
1713 11091
1714 11097
1715 11103
1716 11109
1717 11115
1718 11121
1719 11127
1720 11133
1721 11139
1722 11145
1723 11151
1724 11157
1725 11163
1726 11169
1727 11175
1728 11181
1729 11187
1730 11193
1731 11199
1732 11205
1733 11211
1734 11217
1735 11223
1736 11229
1737 11235
1738 11241
1739 11247
1740 11253
1741 11259
1742 11265
1743 11271
1744 11277
1745 11283
1746 11289
1747 11295
1748 11301
1749 11307
1750 11313
1751 11319
1752 11325
1753 11331
1754 11337
1755 11343
1756 11349
1757 11355
1758 11361
1759 11367
1760 11373
1761 11379
1762 11385
1763 11391
1764 11397
1765 11403
1766 11409
1767 11415
1768 11421
1769 11427
1770 11433
1771 11439
1772 11445
1773 11451
1774 11457
1775 11463
1776 11469
1777 11475
1778 11481
1779 11487
1780 11493
1781 11499
1782 11505
1783 11511
1784 11517
1785 11523
1786 11529
1787 11535
1788 11541
1789 11547
1790 11553
1791 11559
1792 11565
1793 11571
1794 11577
1795 11583
1817 11589
1818 11595
1819 11601
1820 11607
1821 11613
1822 11619
1823 11625
1824 11631
1825 11637
1826 11643
1827 11649
1828 11655
1829 11661
1830 11667
1831 11673
1832 11679
1833 11685
1834 11691
1835 11697
1836 11703
1837 11709
1838 11715
1839 11721
1840 11727
1841 11733
1842 11739
1843 11745
1844 11751
1845 11757
1846 11763
1847 11769
1848 11775
1849 11781
1850 11787
1851 11793
1852 11799
1853 11805
1854 11811
1855 11817
1856 11823
1857 11829
1858 11835
1859 11841
1860 11847
1861 11853
1862 11859
1863 11865
1864 11871
1865 11877
1866 11883
1867 11889
1868 11895
1869 11901
1870 11907
1871 11913
1872 11919
1873 11925
1874 11931
1875 11937
1876 11943
1877 11949
1878 11955
1879 11961
1880 11967
1881 11973
1882 11979
1883 11985
1884 11991
1885 11997
1886 12003
1887 12009
1888 12015
1889 12021
1890 12027
1891 12033
1892 12039
1893 12045
1894 12051
1895 12057
1896 12063
1897 12069
1898 12075
1899 12081
1900 12087
1901 12093
1902 12099
1903 12105
1904 12111
1905 12117
1906 12123
1907 12129
1908 12135
1909 12141
1910 12147
1911 12153
1912 12159
1913 12165
1914 12171
1915 12177
1916 12183
1917 12189
1918 12195
1919 12201
1920 12207
1921 12213
1922 12219
1923 12225
1924 12231
1925 12237
1926 12243
1927 12249
1928 12255
1929 12261
1930 12267
1931 12273
1932 12279
1933 12285
1934 12291
1935 12297
1936 12303
1937 12309
1938 12315
1939 12321
1940 12327
1941 12333
1942 12339
1943 12345
1944 12351
1945 12357
1946 12363
1947 12369
1948 12375
1949 12381
1950 12387
1951 12393
1952 12399
1953 12405
1954 12411
1955 12417
1956 12423
1957 12429
1958 12435
1959 12441
1960 12447
1961 12453
1962 12459
1963 12465
1964 12471
1965 12477
1966 12483
1967 12489
1968 12495
1969 12501
1970 12507
1971 12513
1972 12519
1973 12525
1974 12531
1975 12537
1976 12543
1977 12549
1978 12555
1979 12561
1980 12567
1981 12573
1982 12579
1983 12585
1984 12591
1985 12597
1986 12603
1987 12609
1988 12615
1989 12621
1990 12627
1991 12633
1992 12639
1993 12645
1994 12651
1995 12657
1996 12663
1997 12669
1998 12675
1999 12681
2000 12687
2001 12693
2002 12699
2003 12705
2004 12711
2005 12717
2006 12723
2007 12729
2008 12735
2009 12741
2010 12747
2011 12753
2012 12759
2013 12765
2014 12771
2015 12777
2016 12783
2017 12789
2018 12795
2019 12801
2020 12807
2021 12810
2022 12815
2023 12821
2024 12827
2025 12833
2026 12839
2027 12845
2028 12851
2029 12857
2030 12863
2031 12869
2032 12875
2033 12881
2034 12887
2035 12893
2036 12899
2037 12905
2038 12908
2039 12914
2040 12920
2041 12926
2042 12932
2043 12938
2044 12944
2045 12950
2046 12956
2047 12962
2048 12968
2049 12974
2050 12980
2051 12986
2052 12992
2053 12998
2054 13004
2055 13010
2056 13016
2057 13022
2058 13028
2059 13034
2060 13040
2061 13046
2062 13052
2063 13058
2064 13064
2065 13070
2066 13076
2067 13082
2068 13088
2069 13094
2070 13100
2071 13106
2072 13112
2073 13118
2074 13124
2075 13130
2076 13136
2077 13142
2078 13148
2079 13154
2080 13160
2081 13166
2082 13172
2083 13178
2084 13184
2085 13190
2086 13196
2087 13202
2088 13208
2089 13214
2090 13220
2091 13226
2092 13232
2093 13238
2094 13244
2095 13250
2096 13256
2097 13262
2098 13268
2099 13274
2100 13280
2101 13286
2102 13292
2103 13298
2104 13304
2105 13310
2106 13316
2107 13322
2108 13328
2109 13334
2110 13340
2111 13346
2112 13352
2113 13358
2114 13364
2115 13370
2116 13376
2117 13382
2118 13388
2119 13394
2120 13400
2121 13406
2122 13412
2123 13418
2124 13424
2125 13430
2126 13436
2127 13442
2128 13448
2129 13454
2130 13460
2131 13466
2132 13472
2133 13478
2134 13484
2135 13490
2136 13496
2137 13502
2138 13508
2139 13514
2140 13520
2141 13526
2142 13532
2143 13538
2144 13544
2145 13550
2146 13556
2147 13562
2148 13568
2149 13574
2150 13580
2151 13586
2152 13592
2153 13598
2154 13604
2155 13610
2156 13616
2157 13622
2158 13628
2159 13634
2160 13640
2161 13646
2162 13652
2163 13658
2164 13664
2165 13670
2166 13676
2167 13682
2168 13688
2169 13694
2170 13700
2171 13706
2172 13712
2173 13718
2174 13724
2175 13730
2176 13736
2177 13742
2178 13748
2179 13754
2180 13760
2181 13766
2182 13772
2183 13778
2184 13784
2185 13790
2186 13796
2187 13802
2188 13808
2189 13814
2190 13820
2191 13826
2192 13832
2193 13838
2194 13844
2195 13850
2196 13856
2197 13862
2198 13868
2199 13874
2200 13880
2201 13886
2202 13892
2203 13898
2204 13904
2205 13910
2206 13916
2207 13922
2208 13928
2209 13934
2210 13940
2211 13946
2212 13952
2213 13958
2214 13964
2215 13967
2216 13973
2217 13979
2218 13985
2219 13988
2220 13994
2221 14000
2222 14006
2223 14012
2224 14018
2225 14024
2226 14027
2227 14033
2228 14039
2229 14045
2230 14051
2231 14057
2232 14063
2233 14069
2234 14075
2235 14081
2236 14087
2237 14093
2238 14099
2239 14105
2240 14111
2241 14117
2242 14122
2243 14123
2244 14124
2245 14125
2246 14126
2247 14130
2248 14136
2249 14139
2250 14145
2251 14151
2252 14157
2253 14163
2254 14169
2255 14175
2256 14181
2257 14187
2258 14193
2259 14199
2260 14205
2261 14211
2262 14217
2263 14223
2264 14229
2265 14235
2266 14241
2267 14247
2268 14253
2269 14259
2270 14265
2271 14271
2272 14277
2273 14283
2274 14289
2275 14295
2276 14301
2277 14307
2278 14313
2279 14319
2280 14325
2281 14331
2282 14337
2283 14343
2284 14349
2285 14355
2286 14361
2287 14367
2288 14373
2289 14379
2290 14385
2291 14391
2292 14397
2293 14403
2294 14409
2295 14415
2296 14421
2297 14427
2298 14433
2299 14439
2300 14445
2301 14451
2302 14457
2303 14463
2304 14469
2305 14475
2306 14481
2307 14487
2308 14493
2309 14499
2310 14505
2311 14511
2312 14517
2313 14523
2314 14529
2315 14535
2316 14541
2317 14547
2318 14553
2319 14559
2320 14565
2321 14571
2322 14577
2323 14583
2324 14589
2325 14595
2326 14601
2327 14607
2328 14613
2329 14619
2330 14625
2331 14631
2332 14637
2333 14643
2334 14649
2335 14655
2336 14661
2337 14667
2338 14673
2339 14679
2340 14685
2341 14691
2342 14697
2343 14703
2344 14709
2345 14715
2346 14721
2347 14727
2348 14733
2349 14739
2350 14745
2351 14751
2352 14757
2353 14763
2354 14769
2355 14775
2356 14781
2357 14787
2358 14793
2359 14799
2360 14805
2361 14811
2362 14817
2363 14823
2364 14829
2365 14835
2366 14841
2367 14847
2368 14853
2369 14859
2370 14865
2371 14871
2372 14877
2373 14883
2374 14889
2375 14895
2376 14901
2377 14907
2378 14913
2379 14919
2380 14925
2381 14931
2382 14937
2383 14943
2384 14949
2385 14955
2386 14961
2387 14967
2388 14973
2389 14979
2390 14985
2391 14991
2392 14997
2393 15003
2394 15009
2395 15015
2396 15021
2397 15027
2398 15033
2399 15039
2400 15045
2401 15051
2402 15057
2403 15063
2404 15069
2405 15075
2406 15081
2407 15087
2408 15093
2409 15099
2410 15105
2411 15111
2412 15117
2413 15123
2414 15129
2415 15135
2416 15141
2417 15147
2418 15153
2419 15159
2420 15165
2421 15171
2422 15177
2423 15183
2424 15189
2425 15195
2426 15201
2427 15207
2428 15213
2429 15219
2430 15225
2431 15231
2432 15237
2433 15243
2434 15249
2435 15255
2436 15261
2437 15267
2438 15273
2439 15279
2440 15285
2441 15291
2442 15297
2443 15303
2444 15309
2445 15315
2446 15321
2447 15327
2448 15333
2449 15339
2450 15345
2451 15351
2452 15357
2453 15363
2454 15369
2455 15375
2456 15381
2457 15387
2458 15393
2459 15399
2460 15405
2461 15411
2462 15417
2463 15423
2464 15429
2465 15435
2466 15441
2467 15447
2468 15453
2469 15459
2470 15465
2471 15471
2472 15477
2473 15483
2474 15489
2475 15495
2476 15501
2477 15507
2478 15513
2479 15519
2480 15525
2481 15531
2482 15537
2483 15543
2484 15549
2485 15555
2486 15561
2487 15567
2488 15573
2489 15579
2490 15585
2491 15591
2492 15597
2493 15603
2494 15609
2495 15615
2496 15621
2497 15627
2498 15633
2499 15639
2500 15645
2501 15651
2502 15657
2503 15663
2504 15669
2505 15675
2506 15681
2507 15687
2508 15693
2509 15699
2510 15705
2511 15711
2512 15717
2513 15723
2514 15729
2515 15735
2516 15741
2517 15747
2518 15753
2519 15759
2520 15765
2521 15771
2522 15777
2523 15783
2524 15789
2525 15795
2526 15801
2527 15807
2528 15813
2529 15819
2530 15825
2531 15831
2532 15837
2533 15843
2534 15849
2535 15855
2536 15861
2537 15867
2538 15873
2539 15879
2540 15885
2541 15891
2542 15897
2543 15903
2544 15909
2545 15915
2546 15921
2547 15927
2548 15933
2549 15939
2550 15945
2551 15951
2552 15957
2553 15963
2554 15969
2555 15975
2556 15981
2557 15987
2558 15993
2559 15999
2560 16005
2561 16011
2562 16017
2563 16023
2564 16029
2565 16035
2566 16041
2567 16047
2568 16053
2569 16059
2570 16065
2571 16071
2572 16077
2573 16083
2574 16089
2575 16095
2576 16101
2577 16107
2578 16113
2579 16119
2580 16125
2581 16131
2582 16137
2583 16143
2584 16149
2585 16155
2586 16161
2587 16167
2588 16173
2589 16179
2590 16185
2591 16191
2592 16197
2593 16203
2594 16209
2595 16215
2596 16221
2597 16227
2598 16233
2599 16239
2600 16245
2601 16251
2602 16257
2603 16263
2604 16269
2605 16275
2606 16281
2607 16287
2608 16293
2609 16299
2610 16305
2611 16311
2612 16317
2613 16323
2614 16329
2615 16335
2616 16341
2617 16347
2618 16353
2619 16359
2620 16365
2621 16371
2622 16377
2623 16383
2624 16389
2625 16395
2626 16401
2627 16407
2628 16413
2629 16419
2630 16425
2631 16431
2632 16437
2633 16443
2634 16449
2635 16455
2636 16461
2637 16467
2638 16473
2639 16479
2640 16485
2641 16491
2642 16497
2643 16503
2644 16509
2645 16515
2646 16521
2647 16527
2648 16533
2649 16539
