0 1489
1 1495
2 1501
3 1507
4 1513
5 1519
6 1525
7 1531
8 1537
9 1543
10 1549
11 1555
12 1561
13 1567
14 1573
15 1579
16 1585
17 1591
18 1597
19 1603
20 1609
21 1615
22 1621
23 1627
24 1633
25 1639
26 1645
27 1651
28 1657
29 1663
30 1669
31 1675
32 1681
33 1687
34 1693
35 1699
36 1705
37 1711
38 1717
39 1723
40 1729
41 1735
42 1741
43 1747
44 1753
45 1759
46 1765
47 1771
48 1777
49 1783
50 1789
51 1795
52 1801
53 1807
54 1813
55 1819
56 1825
57 1831
58 1837
59 1843
60 1849
61 1855
62 1861
63 1867
64 1873
65 1879
66 1885
67 1891
68 1897
69 1903
70 1909
71 1915
72 1921
73 1927
74 1933
75 1939
76 1945
77 1951
78 1957
79 1963
80 1969
81 1975
82 1981
83 1987
84 1993
85 1999
86 2005
87 2011
88 2017
89 2023
90 2029
91 2035
92 2041
93 2047
94 2053
95 2059
96 2065
97 2071
98 2077
99 2083
100 2089
101 2095
102 2101
103 2107
104 2113
105 2119
106 2125
107 2131
108 2137
109 2143
110 2149
111 2155
112 2161
113 2167
114 2173
115 2179
116 2185
117 2191
118 2197
119 2203
120 2209
121 2215
122 2221
123 2227
124 2233
125 2239
126 2245
127 2251
128 2257
129 2263
130 2269
131 2275
132 2281
133 2287
134 2293
135 2299
136 2305
137 2311
138 2317
139 2323
140 2329
141 2335
142 2341
143 2347
144 2353
145 2359
146 2365
147 2371
148 2377
149 2383
150 2389
151 2395
152 2401
153 2407
154 2413
155 2419
156 2425
157 2431
158 2437
159 2443
160 2449
161 2455
162 2461
163 2467
164 2473
165 2479
166 2485
167 2491
168 2497
169 2503
170 2509
171 2515
172 2521
173 2527
174 2533
175 2539
176 2545
177 2551
178 2557
179 2563
180 2569
181 2575
182 2581
183 2587
184 2593
185 2599
186 2605
187 2611
188 2617
189 2623
190 2629
191 2635
192 2641
193 2647
194 2653
195 2659
196 2665
197 2671
198 2677
199 2683
200 2689
201 2695
202 2701
203 2707
204 2713
205 2719
206 2725
207 2731
208 2737
209 2743
210 2749
211 2755
212 2761
213 2767
214 2773
215 2779
216 2785
217 2791
218 2797
219 2803
220 2809
221 2815
222 2821
223 2827
224 2833
225 2839
226 2845
227 2851
228 2857
229 2863
230 2869
231 2875
232 2881
233 2887
234 2893
235 2899
236 2905
237 2911
238 2917
239 2923
240 2929
241 2935
242 2941
243 2947
244 2953
245 2959
246 2965
247 2971
248 2977
249 2983
250 2989
251 2995
252 3001
253 3007
254 3013
255 3019
256 3025
257 3031
258 3037
259 3043
260 3049
261 3055
262 3061
263 3067
264 3073
265 3079
266 3085
267 3091
268 3097
269 3103
270 3109
271 3115
272 3121
273 3127
274 3133
275 3139
276 3145
277 3151
278 3157
279 3163
280 3169
281 3175
282 3181
283 3187
284 3193
285 3199
286 3205
287 3211
288 3217
289 3223
290 3229
291 3235
292 3241
293 3247
294 3253
295 3259
296 3265
297 3271
298 3277
299 3283
300 3289
301 3295
302 3301
303 3307
304 3313
305 3319
306 3325
307 3331
308 3337
309 3343
310 3349
311 3355
312 3361
313 3367
314 3373
315 3379
316 3385
317 3391
318 3397
319 3403
320 3409
321 3415
322 3421
323 3427
324 3433
325 3439
326 3445
327 3451
328 3457
329 3463
330 3469
331 3475
332 3481
333 3487
334 3493
335 3499
336 3505
337 3511
338 3517
339 3523
340 3529
341 3535
342 3541
343 3547
344 3553
345 3559
346 3565
347 3571
348 3577
349 3583
350 3589
351 3595
352 3601
353 3607
354 3613
355 3619
356 3625
357 3631
358 3637
359 3643
360 3649
361 3655
362 3661
363 3667
364 3673
365 3679
366 3685
367 3691
368 3697
369 3703
370 3709
371 3715
372 3721
373 3727
374 3733
375 3739
376 3745
377 3751
378 3757
379 3763
380 3769
381 3775
382 3781
383 3787
384 3793
385 3799
386 3805
387 3811
388 3817
389 3823
390 3829
391 3835
392 3841
393 3847
394 3853
395 3859
396 3865
397 3871
398 3877
399 3883
400 3889
401 3895
402 3901
403 3907
404 3913
405 3919
406 3925
407 3931
408 3937
409 3943
410 3949
411 3955
412 3961
413 3967
414 3973
415 3979
416 3985
417 3991
418 3997
419 4003
420 4009
421 4015
422 4021
423 4027
424 4033
425 4039
426 4045
427 4051
428 4057
429 4063
430 4069
431 4075
432 4081
433 4087
434 4093
435 4099
436 4105
437 4111
438 4117
439 4123
440 4129
441 4135
442 4141
443 4147
444 4153
445 4159
446 4165
447 4171
448 4177
449 4183
450 4189
451 4195
452 4201
453 4207
454 4213
455 4219
456 4225
457 4231
458 4237
459 4243
460 4249
461 4255
462 4261
463 4267
464 4273
465 4279
466 4285
467 4291
468 4297
469 4303
470 4309
471 4315
472 4321
473 4327
474 4333
475 4339
476 4345
477 4351
478 4357
479 4363
480 4369
481 4375
482 4381
483 4387
484 4393
485 4399
486 4405
487 4411
488 4417
489 4423
490 4429
491 4435
492 4441
493 4447
494 4453
495 4459
496 4465
497 4471
498 4477
499 4483
500 4489
501 4495
502 4501
503 4507
504 4513
505 4519
506 4525
507 4531
508 4537
509 4543
510 4549
511 4555
512 4561
513 4567
514 4573
515 4579
516 4585
517 4591
518 4597
519 4603
520 4609
521 4615
522 4621
523 4627
524 4633
525 4639
526 4645
527 4651
528 4657
529 4663
530 4669
531 4675
532 4681
533 4687
534 4693
535 4699
536 4705
537 4711
538 4717
539 4723
540 4729
541 4735
542 4741
543 4747
544 4753
545 4759
546 4765
547 4771
548 4777
549 4783
550 4789
551 4795
552 4801
553 4807
554 4813
555 4819
556 4825
557 4831
558 4837
559 4843
560 4849
561 4855
562 4856
563 4862
564 4868
565 4874
571 4877
572 4881
573 4884
574 4890
575 4895
576 4901
577 4904
578 4907
579 4913
580 4919
581 4925
582 4931
583 4937
584 4943
585 4949
586 4955
587 4961
588 4967
589 4973
590 4979
591 4985
592 4991
593 4997
594 5003
595 5009
596 5015
597 5021
598 5027
599 5033
600 5039
601 5045
602 5051
603 5057
604 5063
605 5069
606 5075
607 5081
608 5087
609 5093
610 5099
611 5105
612 5111
613 5117
614 5123
615 5129
616 5135
617 5141
618 5147
619 5153
620 5159
621 5165
622 5171
623 5177
624 5183
625 5189
626 5195
627 5201
628 5207
629 5213
630 5219
631 5225
632 5231
633 5237
634 5243
635 5249
636 5255
637 5261
638 5267
639 5273
640 5279
641 5285
642 5291
643 5297
644 5303
645 5309
646 5315
647 5321
648 5327
649 5333
650 5339
651 5345
652 5351
653 5357
654 5363
655 5369
656 5375
657 5381
658 5387
659 5393
660 5399
661 5405
662 5411
663 5417
664 5423
665 5429
666 5435
667 5441
668 5447
669 5453
670 5459
671 5465
672 5471
673 5477
674 5483
675 5489
676 5495
677 5501
678 5507
679 5513
680 5519
681 5525
682 5531
683 5537
684 5543
685 5549
686 5555
687 5561
688 5567
689 5573
690 5579
691 5585
692 5591
693 5597
694 5603
695 5609
696 5615
697 5621
698 5627
699 5633
700 5639
701 5645
702 5651
703 5657
704 5663
705 5669
706 5675
707 5681
708 5687
709 5693
710 5699
713 5704
716 5705
717 5710
719 5714
720 5719
721 5725
722 5731
723 5737
724 5743
725 5749
726 5755
727 5761
728 5767
729 5773
730 5779
731 5785
732 5791
733 5797
734 5803
735 5809
736 5815
737 5821
738 5827
739 5833
740 5839
741 5842
742 5848
743 5854
744 5860
745 5866
746 5872
747 5878
748 5884
749 5890
750 5896
751 5902
752 5908
753 5914
754 5920
755 5926
756 5932
757 5938
758 5944
759 5950
760 5956
761 5962
762 5968
763 5974
764 5980
765 5986
766 5992
767 5998
768 6004
769 6010
770 6016
771 6022
772 6028
773 6034
774 6040
775 6046
776 6052
777 6058
778 6064
779 6070
780 6076
781 6082
782 6088
783 6094
784 6100
785 6106
786 6112
787 6118
788 6124
789 6130
790 6136
791 6142
792 6148
793 6154
794 6160
795 6166
796 6172
797 6178
798 6184
799 6190
800 6196
801 6202
802 6208
803 6214
804 6220
805 6226
806 6232
807 6238
808 6244
809 6250
810 6256
811 6262
812 6268
813 6274
814 6280
815 6286
816 6292
817 6298
818 6304
819 6310
820 6316
821 6322
822 6328
823 6334
824 6340
825 6346
826 6352
827 6358
828 6364
829 6370
830 6376
831 6382
832 6388
833 6394
834 6400
835 6406
836 6412
837 6418
838 6424
839 6430
840 6436
841 6442
842 6448
843 6454
844 6460
845 6466
846 6472
847 6478
848 6484
849 6490
850 6496
851 6502
852 6508
853 6514
854 6520
855 6526
856 6532
857 6538
858 6544
859 6550
860 6556
861 6562
862 6567
863 6569
864 6575
865 6581
866 6587
867 6593
869 6600
870 6606
871 6612
872 6618
873 6624
874 6630
875 6636
876 6642
877 6648
878 6654
879 6660
880 6666
881 6672
882 6678
883 6684
884 6691
885 6697
886 6703
887 6709
888 6715
889 6721
890 6727
891 6733
892 6738
893 6744
894 6750
895 6756
896 6762
897 6768
898 6774
899 6780
900 6786
901 6792
902 6798
903 6804
904 6810
905 6816
906 6822
907 6828
908 6834
909 6840
910 6846
911 6852
912 6858
913 6864
914 6870
915 6876
916 6882
917 6888
918 6894
919 6900
920 6906
921 6912
922 6918
923 6924
924 6930
925 6936
926 6942
927 6948
928 6954
929 6960
930 6966
931 6972
932 6978
933 6985
934 6991
935 6997
936 7003
937 7009
938 7015
939 7021
940 7027
941 7033
942 7039
943 7045
944 7051
945 7057
946 7063
947 7069
948 7075
949 7080
950 7086
951 7092
952 7098
953 7104
954 7110
955 7116
956 7122
957 7128
958 7134
959 7140
960 7146
961 7152
962 7158
963 7164
964 7170
965 7176
966 7182
967 7188
968 7194
969 7200
970 7206
971 7212
972 7218
973 7224
974 7230
975 7236
976 7242
977 7248
978 7254
979 7260
980 7266
981 7272
982 7278
983 7284
984 7290
985 7296
986 7302
987 7308
988 7314
989 7320
990 7326
991 7332
992 7338
993 7344
994 7350
995 7356
996 7362
997 7368
998 7374
999 7380
1000 7386
1001 7392
1002 7398
1003 7404
1004 7410
1005 7416
1006 7422
1007 7428
1008 7434
1009 7440
1010 7446
1011 7452
1012 7458
1013 7464
1014 7470
1015 7476
1016 7482
1017 7488
1018 7494
1019 7500
1020 7506
1021 7512
1022 7518
1023 7524
1024 7530
1025 7536
1026 7542
1027 7548
1028 7554
1029 7560
1030 7566
1031 7572
1032 7578
1033 7584
1034 7590
1035 7596
1036 7602
1037 7608
1038 7614
1039 7620
1040 7626
1041 7632
1042 7638
1043 7644
1060 7645
1061 7649
1062 7655
1063 7661
1064 7667
1065 7673
1066 7679
1067 7685
1068 7691
1069 7697
1070 7703
1071 7706
1072 7712
1073 7718
1074 7724
1075 7730
1076 7736
1077 7742
1078 7748
1079 7754
1080 7761
1081 7767
1082 7773
1083 7779
1084 7785
1085 7791
1086 7797
1087 7803
1088 7809
1089 7815
1090 7821
1091 7827
1092 7833
1093 7839
1094 7845
1095 7851
1096 7857
1097 7863
1098 7869
1099 7875
1100 7881
1101 7887
1102 7893
1103 7899
1104 7905
1105 7911
1106 7917
1107 7923
1108 7929
1109 7935
1110 7941
1111 7947
1112 7953
1113 7958
1114 7964
1115 7970
1116 7976
1117 7982
1118 7988
1119 7994
1120 8000
1121 8007
1122 8013
1123 8019
1124 8025
1125 8031
1126 8037
1127 8043
1128 8049
1129 8055
1130 8061
1131 8067
1132 8073
1133 8079
1134 8085
1135 8091
1136 8097
1137 8102
1138 8108
1139 8114
1140 8120
1141 8126
1142 8132
1143 8138
1144 8144
1145 8150
1146 8156
1147 8162
1148 8168
1149 8174
1150 8180
1151 8186
1152 8192
1153 8198
1154 8204
1155 8210
1156 8216
1157 8222
1158 8228
1159 8234
1160 8240
1161 8246
1162 8253
1163 8259
1164 8265
1165 8271
1166 8277
1167 8283
1168 8289
1169 8295
1170 8300
1171 8306
1172 8312
1173 8318
1174 8324
1175 8330
1176 8336
1177 8342
1178 8348
1179 8354
1180 8360
1181 8366
1182 8372
1183 8378
1184 8384
1185 8390
1186 8396
1187 8402
1188 8408
1189 8414
1190 8420
1191 8426
1192 8432
1193 8438
1194 8444
1195 8450
1196 8455
1197 8459
1198 8465
1199 8471
1200 8477
1201 8483
1202 8489
1203 8495
1204 8501
1205 8507
1206 8513
1207 8519
1208 8525
1209 8531
1210 8537
1211 8543
1212 8549
1213 8555
1214 8561
1215 8567
1216 8573
1217 8579
1218 8585
1219 8592
1220 8598
1221 8604
1222 8610
1223 8616
1224 8622
1225 8628
1226 8634
1227 8640
1228 8646
1229 8652
1230 8658
1231 8664
1232 8670
1233 8676
1234 8682
1235 8687
1236 8693
1237 8699
1238 8705
1239 8711
1240 8717
1241 8723
1242 8729
1243 8735
1244 8742
1245 8748
1246 8754
1247 8760
1248 8766
1249 8772
1250 8778
1251 8784
1252 8790
1253 8796
1254 8802
1255 8808
1256 8814
1257 8820
1258 8826
1259 8832
1260 8838
1261 8844
1262 8850
1263 8856
1264 8862
1265 8868
1266 8874
1267 8880
1268 8886
1269 8892
1270 8898
1271 8904
1272 8910
1273 8916
1274 8922
1275 8928
1276 8934
1277 8940
1278 8946
1279 8952
1280 8958
1281 8964
1282 8970
1283 8976
1284 8982
1285 8988
1286 8994
1287 9000
1288 9006
1289 9012
1290 9018
1291 9024
1292 9030
1293 9036
1294 9042
1295 9048
1296 9054
1297 9060
1298 9066
1299 9072
1300 9078
1301 9084
1302 9090
1303 9096
1304 9102
1305 9108
1306 9114
1307 9120
1308 9126
1309 9132
1310 9138
1311 9144
1312 9150
1313 9156
1314 9162
1315 9168
1316 9174
1317 9180
1318 9186
1319 9192
1320 9198
1321 9204
1322 9210
1323 9216
1324 9222
1325 9228
1326 9234
1327 9240
1328 9246
1329 9252
1330 9258
1331 9264
1332 9270
1333 9276
1334 9282
1335 9288
1336 9294
1337 9300
1338 9306
1339 9312
1340 9318
1341 9324
1342 9330
1343 9336
1344 9342
1345 9348
1346 9354
1347 9360
1348 9366
1349 9372
1350 9378
1351 9384
1352 9390
1353 9396
1354 9402
1355 9408
1356 9414
1357 9420
1358 9426
1359 9432
1360 9438
1361 9444
1362 9450
1363 9456
1364 9462
1365 9468
1366 9474
1367 9480
1368 9486
1369 9492
1370 9498
1371 9504
1372 9510
1373 9516
1374 9522
1375 9527
1376 9531
1377 9537
1378 9543
1379 9549
1380 9555
1381 9561
1382 9567
1383 9573
1384 9579
1385 9585
1386 9591
1387 9597
1388 9603
1389 9609
1390 9615
1391 9621
1392 9627
1393 9633
1394 9639
1395 9645
1396 9651
1397 9657
1398 9663
1399 9669
1400 9675
1401 9681
1402 9687
1403 9693
1404 9699
1405 9705
1406 9711
1407 9717
1408 9723
1409 9729
1410 9735
1411 9741
1412 9747
1413 9753
1414 9759
1415 9765
1416 9771
1417 9777
1418 9783
1419 9789
1420 9795
1421 9801
1422 9807
1423 9813
1424 9819
1425 9825
1426 9831
1427 9837
1428 9843
1429 9849
1430 9855
1431 9861
1432 9867
1433 9873
1434 9879
1435 9885
1436 9891
1437 9897
1438 9903
1439 9909
1440 9915
1441 9921
1442 9927
1443 9933
1444 9939
1445 9945
1446 9951
1447 9957
1448 9962
1449 9968
1450 9974
1451 9980
1452 9986
1453 9992
1454 9998
1455 10004
1456 10011
1457 10017
1458 10023
1459 10029
1460 10035
1461 10041
1462 10047
1463 10053
1464 10059
1465 10065
1466 10071
1467 10077
1468 10083
1469 10089
1470 10095
1471 10101
1472 10106
1473 10112
1474 10118
1475 10124
1476 10130
1477 10136
1478 10142
1479 10148
1480 10155
1481 10161
1482 10167
1483 10173
1484 10179
1485 10185
1486 10191
1487 10197
1488 10203
1489 10209
1490 10215
1491 10221
1492 10227
1493 10233
1494 10239
1495 10245
1496 10251
1497 10257
1498 10263
1499 10269
1500 10275
1501 10281
1502 10287
1503 10293
1504 10299
1505 10305
1506 10311
1507 10317
1508 10323
1509 10329
1510 10335
1511 10341
1512 10347
1513 10353
1514 10359
1515 10365
1516 10371
1517 10377
1518 10383
1519 10389
1520 10395
1521 10401
1522 10407
1523 10413
1524 10419
1525 10425
1526 10431
1527 10437
1528 10443
1529 10449
1530 10455
1531 10461
1532 10467
1533 10473
1534 10479
1535 10485
1536 10491
1537 10497
1538 10503
1539 10509
1540 10515
1541 10521
1542 10527
1543 10533
1544 10539
1545 10545
1546 10551
1547 10557
1548 10563
1549 10569
1550 10575
1551 10581
1552 10587
1553 10593
1554 10599
1555 10605
1556 10611
1557 10617
1558 10623
1559 10629
1560 10635
1561 10641
1562 10647
1563 10653
1564 10659
1565 10665
1566 10671
1567 10677
1568 10683
1569 10689
1570 10695
1571 10701
1572 10707
1573 10713
1574 10719
1575 10725
1576 10731
1577 10737
1578 10743
1579 10749
1580 10755
1581 10761
1582 10767
1583 10773
1584 10779
1585 10785
1586 10791
1587 10797
1588 10803
1589 10809
1590 10815
1591 10821
1592 10827
1593 10833
1594 10839
1595 10845
1596 10851
1597 10857
1598 10863
1599 10869
1600 10875
1601 10881
1602 10887
1603 10893
1604 10899
1605 10905
1606 10911
1607 10917
1608 10923
1609 10929
1610 10935
1611 10941
1612 10947
1613 10953
1614 10959
1615 10965
1616 10971
1617 10977
1618 10983
1619 10989
1620 10995
1621 11001
1622 11007
1623 11013
1624 11019
1625 11025
1626 11031
1627 11037
1628 11043
1629 11049
1630 11055
1631 11061
1632 11067
1633 11073
1634 11079
1635 11085
1636 11091
1637 11097
1638 11103
1639 11109
1640 11115
1641 11121
1642 11127
1643 11133
1644 11139
1645 11145
1646 11151
1647 11157
1648 11163
1649 11169
1650 11175
1651 11181
1652 11187
1653 11193
1654 11199
1655 11205
1656 11211
1657 11217
1658 11223
1659 11229
1660 11235
1661 11241
1662 11247
1663 11253
1664 11259
1665 11265
1666 11271
1667 11277
1668 11283
1669 11289
1670 11295
1671 11301
1672 11307
1673 11313
1674 11319
1675 11325
1676 11331
1677 11337
1678 11343
1679 11349
1680 11355
1681 11361
1682 11367
1683 11373
1684 11379
1685 11385
1686 11391
1687 11397
1688 11403
1689 11409
1690 11415
1691 11421
1692 11427
1693 11433
1694 11439
1695 11445
1696 11451
1697 11457
1698 11463
1699 11469
1700 11475
1701 11481
1702 11487
1703 11493
1704 11499
1705 11505
1706 11511
1707 11517
1708 11523
1709 11529
1710 11535
1711 11541
1712 11547
1713 11553
1714 11559
1715 11565
1716 11571
1717 11577
1718 11583
1740 11589
1741 11595
1742 11601
1743 11607
1744 11613
1745 11619
1746 11625
1747 11631
1748 11637
1749 11643
1750 11649
1751 11655
1752 11661
1753 11667
1754 11673
1755 11679
1756 11685
1757 11691
1758 11697
1759 11703
1760 11709
1761 11715
1762 11721
1763 11727
1764 11733
1765 11739
1766 11745
1767 11751
1768 11757
1769 11763
1770 11769
1771 11775
1772 11781
1773 11787
1774 11793
1775 11799
1776 11805
1777 11811
1778 11817
1779 11823
1780 11829
1781 11835
1782 11841
1783 11847
1784 11853
1785 11859
1786 11865
1787 11871
1788 11877
1789 11883
1790 11889
1791 11895
1792 11901
1793 11907
1794 11913
1795 11919
1796 11925
1797 11931
1798 11937
1799 11943
1800 11949
1801 11955
1802 11961
1803 11967
1804 11973
1805 11979
1806 11985
1807 11991
1808 11997
1809 12003
1810 12009
1811 12015
1812 12021
1813 12027
1814 12033
1815 12039
1816 12045
1817 12051
1818 12057
1819 12063
1820 12069
1821 12075
1822 12081
1823 12087
1824 12093
1825 12099
1826 12105
1827 12111
1828 12117
1829 12123
1830 12129
1831 12135
1832 12141
1833 12147
1834 12153
1835 12159
1836 12165
1837 12171
1838 12177
1839 12183
1840 12189
1841 12195
1842 12201
1843 12207
1844 12213
1845 12219
1846 12225
1847 12231
1848 12237
1849 12243
1850 12249
1851 12255
1852 12261
1853 12267
1854 12273
1855 12279
1856 12285
1857 12291
1858 12297
1859 12303
1860 12309
1861 12315
1862 12321
1863 12327
1864 12333
1865 12339
1866 12345
1867 12351
1868 12357
1869 12363
1870 12369
1871 12375
1872 12381
1873 12387
1874 12393
1875 12399
1876 12405
1877 12411
1878 12417
1879 12423
1880 12429
1881 12435
1882 12441
1883 12447
1884 12453
1885 12459
1886 12465
1887 12471
1888 12477
1889 12483
1890 12489
1891 12495
1892 12501
1893 12507
1894 12513
1895 12519
1896 12525
1897 12531
1898 12537
1899 12543
1900 12549
1901 12555
1902 12561
1903 12567
1904 12573
1905 12579
1906 12585
1907 12591
1908 12597
1909 12603
1910 12609
1911 12615
1912 12621
1913 12627
1914 12633
1915 12639
1916 12645
1917 12651
1918 12657
1919 12663
1920 12669
1921 12675
1922 12681
1923 12687
1924 12693
1925 12699
1926 12705
1927 12711
1928 12717
1929 12723
1930 12729
1931 12735
1932 12741
1933 12747
1934 12753
1935 12759
1936 12765
1937 12771
1938 12777
1939 12783
1940 12789
1941 12795
1942 12801
1943 12807
1944 12810
1945 12815
1946 12821
1947 12827
1948 12833
1949 12839
1950 12845
1951 12851
1952 12857
1953 12863
1954 12869
1955 12875
1956 12881
1957 12887
1958 12893
1959 12899
1960 12905
1961 12908
1962 12914
1963 12920
1964 12926
1965 12932
1966 12938
1967 12944
1968 12950
1969 12956
1970 12962
1971 12968
1972 12974
1973 12980
1974 12986
1975 12992
1976 12998
1977 13004
1978 13010
1979 13016
1980 13022
1981 13028
1982 13034
1983 13040
1984 13046
1985 13052
1986 13058
1987 13064
1988 13070
1989 13076
1990 13082
1991 13088
1992 13094
1993 13100
1994 13106
1995 13112
1996 13118
1997 13124
1998 13130
1999 13136
2000 13142
2001 13148
2002 13154
2003 13160
2004 13166
2005 13172
2006 13178
2007 13184
2008 13190
2009 13196
2010 13202
2011 13208
2012 13214
2013 13220
2014 13226
2015 13232
2016 13238
2017 13244
2018 13250
2019 13256
2020 13262
2021 13268
2022 13274
2023 13280
2024 13286
2025 13292
2026 13298
2027 13304
2028 13310
2029 13316
2030 13322
2031 13328
2032 13334
2033 13340
2034 13346
2035 13352
2036 13358
2037 13364
2038 13370
2039 13376
2040 13382
2041 13388
2042 13394
2043 13400
2044 13406
2045 13412
2046 13418
2047 13424
2048 13430
2049 13436
2050 13442
2051 13448
2052 13454
2053 13460
2054 13466
2055 13472
2056 13478
2057 13484
2058 13490
2059 13496
2060 13502
2061 13508
2062 13514
2063 13520
2064 13526
2065 13532
2066 13538
2067 13544
2068 13550
2069 13556
2070 13562
2071 13568
2072 13574
2073 13580
2074 13586
2075 13592
2076 13598
2077 13604
2078 13610
2079 13616
2080 13622
2081 13628
2082 13634
2083 13640
2084 13646
2085 13652
2086 13658
2087 13664
2088 13670
2089 13676
2090 13682
2091 13688
2092 13694
2093 13700
2094 13706
2095 13712
2096 13718
2097 13724
2098 13730
2099 13736
2100 13742
2101 13748
2102 13754
2103 13760
2104 13766
2105 13772
2106 13778
2107 13784
2108 13790
2109 13796
2110 13802
2111 13808
2112 13814
2113 13820
2114 13826
2115 13832
2116 13838
2117 13844
2118 13850
2119 13856
2120 13862
2121 13868
2122 13874
2123 13880
2124 13886
2125 13892
2126 13898
2127 13904
2128 13910
2129 13916
2130 13922
2131 13928
2132 13934
2133 13940
2134 13946
2135 13952
2136 13958
2137 13964
2138 13967
2139 13973
2140 13979
2141 13985
2142 13988
2143 13994
2144 14000
2145 14006
2146 14012
2147 14018
2148 14024
2149 14027
2150 14033
2151 14039
2152 14045
2153 14051
2154 14057
2155 14063
2156 14069
2157 14075
2158 14081
2159 14087
2160 14093
2161 14099
2162 14105
2163 14111
2164 14117
2165 14122
2166 14123
2167 14124
2168 14125
2169 14126
2170 14130
2171 14136
2172 14139
2173 14145
2174 14151
2175 14157
2176 14163
2177 14169
2178 14175
2179 14181
2180 14187
2181 14193
2182 14199
2183 14205
2184 14211
2185 14217
2186 14223
2187 14229
2188 14235
2189 14241
2190 14247
2191 14253
2192 14259
2193 14265
2194 14271
2195 14277
2196 14283
2197 14289
2198 14295
2199 14301
2200 14307
2201 14313
2202 14319
2203 14325
2204 14331
2205 14337
2206 14343
2207 14349
2208 14355
2209 14361
2210 14367
2211 14373
2212 14379
2213 14385
2214 14391
2215 14397
2216 14403
2217 14409
2218 14415
2219 14421
2220 14427
2221 14433
2222 14439
2223 14445
2224 14451
2225 14457
2226 14463
2227 14469
2228 14475
2229 14481
2230 14487
2231 14493
2232 14499
2233 14505
2234 14511
2235 14517
2236 14523
2237 14529
2238 14535
2239 14541
2240 14547
2241 14553
2242 14559
2243 14565
2244 14571
2245 14577
2246 14583
2247 14589
2248 14595
2249 14601
2250 14607
2251 14613
2252 14619
2253 14625
2254 14631
2255 14637
2256 14643
2257 14649
2258 14655
2259 14661
2260 14667
2261 14673
2262 14679
2263 14685
2264 14691
2265 14697
2266 14703
2267 14709
2268 14715
2269 14721
2270 14727
2271 14733
2272 14739
2273 14745
2274 14751
2275 14757
2276 14763
2277 14769
2278 14775
2279 14781
2280 14787
2281 14793
2282 14799
2283 14805
2284 14811
2285 14817
2286 14823
2287 14829
2288 14835
2289 14841
2290 14847
2291 14853
2292 14859
2293 14865
2294 14871
2295 14877
2296 14883
2297 14889
2298 14895
2299 14901
2300 14907
2301 14913
2302 14919
2303 14925
2304 14931
2305 14937
2306 14943
2307 14949
2308 14955
2309 14961
2310 14967
2311 14973
2312 14979
2313 14985
2314 14991
2315 14997
2316 15003
2317 15009
2318 15015
2319 15021
2320 15027
2321 15033
2322 15039
2323 15045
2324 15051
2325 15057
2326 15063
2327 15069
2328 15075
2329 15081
2330 15087
2331 15093
2332 15099
2333 15105
2334 15111
2335 15117
2336 15123
2337 15129
2338 15135
2339 15141
2340 15147
2341 15153
2342 15159
2343 15165
2344 15171
2345 15177
2346 15183
2347 15189
2348 15195
2349 15201
2350 15207
2351 15213
2352 15219
2353 15225
2354 15231
2355 15237
2356 15243
2357 15249
2358 15255
2359 15261
2360 15267
2361 15273
2362 15279
2363 15285
2364 15291
2365 15297
2366 15303
2367 15309
2368 15315
2369 15321
2370 15327
2371 15333
2372 15339
2373 15345
2374 15351
2375 15357
2376 15363
2377 15369
2378 15375
2379 15381
2380 15387
2381 15393
2382 15399
2383 15405
2384 15411
2385 15417
2386 15423
2387 15429
2388 15435
2389 15441
2390 15447
2391 15453
2392 15459
2393 15465
2394 15471
2395 15477
2396 15483
2397 15489
2398 15495
2399 15501
2400 15507
2401 15513
2402 15519
2403 15525
2404 15531
2405 15537
2406 15543
2407 15549
2408 15555
2409 15561
2410 15567
2411 15573
2412 15579
2413 15585
2414 15591
2415 15597
2416 15603
2417 15609
2418 15615
2419 15621
2420 15627
2421 15633
2422 15639
2423 15645
2424 15651
2425 15657
2426 15663
2427 15669
2428 15675
2429 15681
2430 15687
2431 15693
2432 15699
2433 15705
2434 15711
2435 15717
2436 15723
2437 15729
2438 15735
2439 15741
2440 15747
2441 15753
2442 15759
2443 15765
2444 15771
2445 15777
2446 15783
2447 15789
2448 15795
2449 15801
2450 15807
2451 15813
2452 15819
2453 15825
2454 15831
2455 15837
2456 15843
2457 15849
2458 15855
2459 15861
2460 15867
2461 15873
2462 15879
2463 15885
2464 15891
2465 15897
2466 15903
2467 15909
2468 15915
2469 15921
2470 15927
2471 15933
2472 15939
2473 15945
2474 15951
2475 15957
2476 15963
2477 15969
2478 15975
2479 15981
2480 15987
2481 15993
2482 15999
2483 16005
2484 16011
2485 16017
2486 16023
2487 16029
2488 16035
2489 16041
2490 16047
2491 16053
2492 16059
2493 16065
2494 16071
2495 16077
2496 16083
2497 16089
2498 16095
2499 16101
2500 16107
2501 16113
2502 16119
2503 16125
2504 16131
2505 16137
2506 16143
2507 16149
2508 16155
2509 16161
2510 16167
2511 16173
2512 16179
2513 16185
2514 16191
2515 16197
2516 16203
2517 16209
2518 16215
2519 16221
2520 16227
2521 16233
2522 16239
2523 16245
2524 16251
2525 16257
2526 16263
2527 16269
2528 16275
2529 16281
2530 16287
2531 16293
2532 16299
2533 16305
2534 16311
2535 16317
2536 16323
2537 16329
2538 16335
2539 16341
2540 16347
2541 16353
2542 16359
2543 16365
2544 16371
2545 16377
2546 16383
2547 16389
2548 16395
2549 16401
2550 16407
2551 16413
2552 16419
2553 16425
2554 16431
2555 16437
2556 16443
2557 16449
2558 16455
2559 16461
2560 16467
2561 16473
2562 16479
2563 16485
2564 16491
2565 16497
2566 16503
2567 16509
2568 16515
2569 16521
2570 16527
2571 16533
2572 16539
