0 1243
1 1249
2 1255
3 1261
4 1267
5 1273
6 1279
7 1285
8 1291
9 1297
10 1303
11 1309
12 1315
13 1321
14 1327
15 1333
16 1339
17 1345
18 1351
19 1357
20 1363
21 1369
22 1375
23 1381
24 1387
25 1393
26 1399
27 1405
28 1411
29 1417
30 1423
31 1429
32 1435
33 1441
34 1447
35 1453
36 1459
37 1465
38 1471
39 1477
40 1483
41 1489
42 1495
43 1501
44 1507
45 1513
46 1519
47 1525
48 1531
49 1537
50 1543
51 1549
52 1555
53 1561
54 1567
55 1573
56 1579
57 1585
58 1591
59 1597
60 1603
61 1609
62 1615
63 1621
64 1627
65 1633
66 1639
67 1645
68 1651
69 1657
70 1663
71 1669
72 1675
73 1681
74 1687
75 1693
76 1699
77 1705
78 1711
79 1717
80 1723
81 1729
82 1735
83 1741
84 1747
85 1753
86 1759
87 1765
88 1771
89 1777
90 1783
91 1789
92 1795
93 1801
94 1807
95 1813
96 1819
97 1825
98 1831
99 1837
100 1843
101 1849
102 1855
103 1861
104 1867
105 1873
106 1879
107 1885
108 1891
109 1897
110 1903
111 1909
112 1915
113 1921
114 1927
115 1933
116 1939
117 1945
118 1951
119 1957
120 1963
121 1969
122 1975
123 1981
124 1987
125 1993
126 1999
127 2005
128 2011
129 2017
130 2023
131 2029
132 2035
133 2041
134 2047
135 2053
136 2059
137 2065
138 2071
139 2077
140 2083
141 2089
142 2095
143 2101
144 2107
145 2113
146 2119
147 2125
148 2131
149 2137
150 2143
151 2149
152 2155
153 2161
154 2167
155 2173
156 2179
157 2185
158 2191
159 2197
160 2203
161 2209
162 2215
163 2221
164 2227
165 2233
166 2239
167 2245
168 2251
169 2257
170 2263
171 2269
172 2275
173 2281
174 2287
175 2293
176 2299
177 2305
178 2311
179 2317
180 2323
181 2329
182 2335
183 2341
184 2347
185 2353
186 2359
187 2365
188 2371
189 2377
190 2383
191 2389
192 2395
193 2401
194 2407
195 2413
196 2419
197 2425
198 2431
199 2437
200 2443
201 2449
202 2455
203 2461
204 2467
205 2473
206 2479
207 2485
208 2491
209 2497
210 2503
211 2509
212 2515
213 2521
214 2527
215 2533
216 2539
217 2545
218 2551
219 2557
220 2563
221 2569
222 2575
223 2581
224 2587
225 2593
226 2599
227 2605
228 2611
229 2617
230 2623
231 2629
232 2635
233 2641
234 2647
235 2653
236 2659
237 2665
238 2671
239 2677
240 2683
241 2689
242 2695
243 2701
244 2707
245 2713
246 2719
247 2725
248 2731
249 2737
250 2743
251 2749
252 2755
253 2761
254 2767
255 2773
256 2779
257 2785
258 2791
259 2797
260 2803
261 2809
262 2815
263 2821
264 2827
265 2833
266 2839
267 2845
268 2851
269 2857
270 2863
271 2869
272 2875
273 2881
274 2887
275 2893
276 2899
277 2905
278 2911
279 2917
280 2923
281 2929
282 2935
283 2941
284 2947
285 2953
286 2959
287 2965
288 2971
289 2977
290 2983
291 2989
292 2995
293 3001
294 3007
295 3013
296 3019
297 3025
298 3031
299 3037
300 3043
301 3049
302 3055
303 3061
304 3067
305 3073
306 3079
307 3085
308 3091
309 3097
310 3103
311 3109
312 3115
313 3121
314 3127
315 3133
316 3139
317 3145
318 3151
319 3157
320 3163
321 3169
322 3175
323 3181
324 3187
325 3193
326 3199
327 3205
328 3211
329 3217
330 3223
331 3229
332 3235
333 3241
334 3247
335 3253
336 3259
337 3265
338 3271
339 3277
340 3283
341 3289
342 3295
343 3301
344 3307
345 3313
346 3319
347 3325
348 3331
349 3337
350 3343
351 3349
352 3355
353 3361
354 3367
355 3373
356 3379
357 3385
358 3391
359 3397
360 3403
361 3409
362 3415
363 3421
364 3427
365 3433
366 3439
367 3445
368 3451
369 3457
370 3463
371 3469
372 3475
373 3481
374 3487
375 3493
376 3499
377 3505
378 3511
379 3517
380 3523
381 3529
382 3535
383 3541
384 3547
385 3553
386 3559
387 3565
388 3571
389 3577
390 3583
391 3589
392 3595
393 3601
394 3607
395 3613
396 3619
397 3625
398 3631
399 3637
400 3643
401 3649
402 3655
403 3661
404 3667
405 3673
406 3679
407 3685
408 3691
409 3697
410 3703
411 3709
412 3715
413 3721
414 3727
415 3733
416 3739
417 3745
418 3751
419 3757
420 3763
421 3769
422 3775
423 3781
424 3787
425 3793
426 3799
427 3805
428 3811
429 3817
430 3823
431 3829
432 3835
433 3841
434 3847
435 3853
436 3859
437 3865
438 3871
439 3877
440 3883
441 3889
442 3895
443 3901
444 3907
445 3913
446 3919
447 3925
448 3931
449 3937
450 3943
451 3949
452 3955
453 3961
454 3967
455 3973
456 3979
457 3985
458 3991
459 3997
460 4003
461 4009
462 4015
463 4021
464 4027
465 4033
466 4039
467 4045
468 4051
469 4057
470 4063
471 4069
472 4075
473 4081
474 4087
475 4093
476 4099
477 4105
478 4111
479 4117
480 4123
481 4129
482 4135
483 4141
484 4147
485 4153
486 4159
487 4165
488 4171
489 4177
490 4183
491 4189
492 4195
493 4201
494 4207
495 4213
496 4219
497 4225
498 4231
499 4237
500 4243
501 4249
502 4255
503 4261
504 4267
505 4273
506 4279
507 4285
508 4291
509 4297
510 4303
511 4309
512 4315
513 4321
514 4327
515 4333
516 4339
517 4345
518 4351
519 4357
520 4363
521 4369
522 4375
523 4381
524 4387
525 4393
526 4399
527 4405
528 4411
529 4417
530 4423
531 4429
532 4435
533 4441
534 4447
535 4453
536 4459
537 4465
538 4471
539 4477
540 4483
541 4489
542 4495
543 4501
544 4507
545 4513
546 4519
547 4525
548 4531
549 4537
550 4543
551 4549
552 4555
553 4561
554 4567
555 4573
556 4579
557 4585
558 4591
559 4597
560 4603
561 4609
562 4615
563 4621
564 4627
565 4633
566 4639
567 4645
568 4651
569 4657
570 4663
571 4669
572 4675
573 4681
574 4687
575 4693
576 4699
577 4705
578 4711
579 4717
580 4723
581 4729
582 4735
583 4741
584 4747
585 4753
586 4759
587 4765
588 4771
589 4777
590 4783
591 4789
592 4795
593 4801
594 4807
595 4813
596 4819
597 4825
598 4831
599 4837
600 4843
601 4849
602 4855
603 4856
604 4862
605 4868
606 4874
612 4877
613 4881
614 4884
615 4890
616 4895
617 4901
618 4904
619 4907
620 4913
621 4919
622 4925
623 4931
624 4937
625 4943
626 4949
627 4955
628 4961
629 4967
630 4973
631 4979
632 4985
633 4991
634 4997
635 5003
636 5009
637 5015
638 5021
639 5027
640 5033
641 5039
642 5045
643 5051
644 5057
645 5063
646 5069
647 5075
648 5081
649 5087
650 5093
651 5099
652 5105
653 5111
654 5117
655 5123
656 5129
657 5135
658 5141
659 5147
660 5153
661 5159
662 5165
663 5171
664 5177
665 5183
666 5189
667 5195
668 5201
669 5207
670 5213
671 5219
672 5225
673 5231
674 5237
675 5243
676 5249
677 5255
678 5261
679 5267
680 5273
681 5279
682 5285
683 5291
684 5297
685 5303
686 5309
687 5315
688 5321
689 5327
690 5333
691 5339
692 5345
693 5351
694 5357
695 5363
696 5369
697 5375
698 5381
699 5387
700 5393
701 5399
702 5405
703 5411
704 5417
705 5423
706 5429
707 5435
708 5441
709 5447
710 5453
711 5459
712 5465
713 5471
714 5477
715 5483
716 5489
717 5495
718 5501
719 5507
720 5513
721 5519
722 5525
723 5531
724 5537
725 5543
726 5549
727 5555
728 5561
729 5567
730 5573
731 5579
732 5585
733 5591
734 5597
735 5603
736 5609
737 5615
738 5621
739 5627
740 5633
741 5639
742 5645
743 5651
744 5657
745 5663
746 5669
747 5675
748 5681
749 5687
750 5693
751 5699
754 5704
757 5705
758 5710
760 5714
761 5719
762 5725
763 5731
764 5737
765 5743
766 5749
767 5755
768 5761
769 5767
770 5773
771 5779
772 5785
773 5791
774 5797
775 5803
776 5809
777 5815
778 5821
779 5827
780 5833
781 5839
782 5842
783 5848
784 5854
785 5860
786 5866
787 5872
788 5878
789 5884
790 5890
791 5896
792 5902
793 5908
794 5914
795 5920
796 5926
797 5932
798 5938
799 5944
800 5950
801 5956
802 5962
803 5968
804 5974
805 5980
806 5986
807 5992
808 5998
809 6004
810 6010
811 6016
812 6022
813 6028
814 6034
815 6040
816 6046
817 6052
818 6058
819 6064
820 6070
821 6076
822 6082
823 6088
824 6094
825 6100
826 6106
827 6112
828 6118
829 6124
830 6130
831 6136
832 6142
833 6148
834 6154
835 6160
836 6166
837 6172
838 6178
839 6184
840 6190
841 6196
842 6202
843 6208
844 6214
845 6220
846 6226
847 6232
848 6238
849 6244
850 6250
851 6256
852 6262
853 6268
854 6274
855 6280
856 6286
857 6292
858 6298
859 6304
860 6310
861 6316
862 6322
863 6328
864 6334
865 6340
866 6346
867 6352
868 6358
869 6364
870 6370
871 6376
872 6382
873 6388
874 6394
875 6400
876 6406
877 6412
878 6418
879 6424
880 6430
881 6436
882 6442
883 6448
884 6454
885 6460
886 6466
887 6472
888 6478
889 6484
890 6490
891 6496
892 6502
893 6508
894 6514
895 6520
896 6526
897 6532
898 6538
899 6544
900 6550
901 6556
902 6562
903 6567
904 6569
905 6575
906 6581
907 6587
908 6593
910 6600
911 6606
912 6612
913 6618
914 6624
915 6630
916 6636
917 6642
918 6648
919 6654
920 6660
921 6666
922 6672
923 6678
924 6684
925 6691
926 6697
927 6703
928 6709
929 6715
930 6721
931 6727
932 6733
933 6738
934 6744
935 6750
936 6756
937 6762
938 6768
939 6774
940 6780
941 6786
942 6792
943 6798
944 6804
945 6810
946 6816
947 6822
948 6828
949 6834
950 6840
951 6846
952 6852
953 6858
954 6864
955 6870
956 6876
957 6882
958 6888
959 6894
960 6900
961 6906
962 6912
963 6918
964 6924
965 6930
966 6936
967 6942
968 6948
969 6954
970 6960
971 6966
972 6972
973 6978
974 6985
975 6991
976 6997
977 7003
978 7009
979 7015
980 7021
981 7027
982 7033
983 7039
984 7045
985 7051
986 7057
987 7063
988 7069
989 7075
990 7080
991 7086
992 7092
993 7098
994 7104
995 7110
996 7116
997 7122
998 7128
999 7134
1000 7140
1001 7146
1002 7152
1003 7158
1004 7164
1005 7170
1006 7176
1007 7182
1008 7188
1009 7194
1010 7200
1011 7206
1012 7212
1013 7218
1014 7224
1015 7230
1016 7236
1017 7242
1018 7248
1019 7254
1020 7260
1021 7266
1022 7272
1023 7278
1024 7284
1025 7290
1026 7296
1027 7302
1028 7308
1029 7314
1030 7320
1031 7326
1032 7332
1033 7338
1034 7344
1035 7350
1036 7356
1037 7362
1038 7368
1039 7374
1040 7380
1041 7386
1042 7392
1043 7398
1044 7404
1045 7410
1046 7416
1047 7422
1048 7428
1049 7434
1050 7440
1051 7446
1052 7452
1053 7458
1054 7464
1055 7470
1056 7476
1057 7482
1058 7488
1059 7494
1060 7500
1061 7506
1062 7512
1063 7518
1064 7524
1065 7530
1066 7536
1067 7542
1068 7548
1069 7554
1070 7560
1071 7566
1072 7572
1073 7578
1074 7584
1075 7590
1076 7596
1077 7602
1078 7608
1079 7614
1080 7620
1081 7626
1082 7632
1083 7638
1084 7644
1101 7645
1102 7649
1103 7655
1104 7661
1105 7667
1106 7673
1107 7679
1108 7685
1109 7691
1110 7697
1111 7703
1112 7706
1113 7712
1114 7718
1115 7724
1116 7730
1117 7736
1118 7742
1119 7748
1120 7754
1121 7761
1122 7767
1123 7773
1124 7779
1125 7785
1126 7791
1127 7797
1128 7803
1129 7809
1130 7815
1131 7821
1132 7827
1133 7833
1134 7839
1135 7845
1136 7851
1137 7857
1138 7863
1139 7869
1140 7875
1141 7881
1142 7887
1143 7893
1144 7899
1145 7905
1146 7911
1147 7917
1148 7923
1149 7929
1150 7935
1151 7941
1152 7947
1153 7953
1154 7958
1155 7964
1156 7970
1157 7976
1158 7982
1159 7988
1160 7994
1161 8000
1162 8007
1163 8013
1164 8019
1165 8025
1166 8031
1167 8037
1168 8043
1169 8049
1170 8055
1171 8061
1172 8067
1173 8073
1174 8079
1175 8085
1176 8091
1177 8097
1178 8102
1179 8108
1180 8114
1181 8120
1182 8126
1183 8132
1184 8138
1185 8144
1186 8150
1187 8156
1188 8162
1189 8168
1190 8174
1191 8180
1192 8186
1193 8192
1194 8198
1195 8204
1196 8210
1197 8216
1198 8222
1199 8228
1200 8234
1201 8240
1202 8246
1203 8253
1204 8259
1205 8265
1206 8271
1207 8277
1208 8283
1209 8289
1210 8295
1211 8300
1212 8306
1213 8312
1214 8318
1215 8324
1216 8330
1217 8336
1218 8342
1219 8348
1220 8354
1221 8360
1222 8366
1223 8372
1224 8378
1225 8384
1226 8390
1227 8396
1228 8402
1229 8408
1230 8414
1231 8420
1232 8426
1233 8432
1234 8438
1235 8444
1236 8450
1237 8455
1238 8459
1239 8465
1240 8471
1241 8477
1242 8483
1243 8489
1244 8495
1245 8501
1246 8507
1247 8513
1248 8519
1249 8525
1250 8531
1251 8537
1252 8543
1253 8549
1254 8555
1255 8561
1256 8567
1257 8573
1258 8579
1259 8585
1260 8592
1261 8598
1262 8604
1263 8610
1264 8616
1265 8622
1266 8628
1267 8634
1268 8640
1269 8646
1270 8652
1271 8658
1272 8664
1273 8670
1274 8676
1275 8682
1276 8687
1277 8693
1278 8699
1279 8705
1280 8711
1281 8717
1282 8723
1283 8729
1284 8735
1285 8742
1286 8748
1287 8754
1288 8760
1289 8766
1290 8772
1291 8778
1292 8784
1293 8790
1294 8796
1295 8802
1296 8808
1297 8814
1298 8820
1299 8826
1300 8832
1301 8838
1302 8844
1303 8850
1304 8856
1305 8862
1306 8868
1307 8874
1308 8880
1309 8886
1310 8892
1311 8898
1312 8904
1313 8910
1314 8916
1315 8922
1316 8928
1317 8934
1318 8940
1319 8946
1320 8952
1321 8958
1322 8964
1323 8970
1324 8976
1325 8982
1326 8988
1327 8994
1328 9000
1329 9006
1330 9012
1331 9018
1332 9024
1333 9030
1334 9036
1335 9042
1336 9048
1337 9054
1338 9060
1339 9066
1340 9072
1341 9078
1342 9084
1343 9090
1344 9096
1345 9102
1346 9108
1347 9114
1348 9120
1349 9126
1350 9132
1351 9138
1352 9144
1353 9150
1354 9156
1355 9162
1356 9168
1357 9174
1358 9180
1359 9186
1360 9192
1361 9198
1362 9204
1363 9210
1364 9216
1365 9222
1366 9228
1367 9234
1368 9240
1369 9246
1370 9252
1371 9258
1372 9264
1373 9270
1374 9276
1375 9282
1376 9288
1377 9294
1378 9300
1379 9306
1380 9312
1381 9318
1382 9324
1383 9330
1384 9336
1385 9342
1386 9348
1387 9354
1388 9360
1389 9366
1390 9372
1391 9378
1392 9384
1393 9390
1394 9396
1395 9402
1396 9408
1397 9414
1398 9420
1399 9426
1400 9432
1401 9438
1402 9444
1403 9450
1404 9456
1405 9462
1406 9468
1407 9474
1408 9480
1409 9486
1410 9492
1411 9498
1412 9504
1413 9510
1414 9516
1415 9522
1416 9527
1417 9531
1418 9537
1419 9543
1420 9549
1421 9555
1422 9561
1423 9567
1424 9573
1425 9579
1426 9585
1427 9591
1428 9597
1429 9603
1430 9609
1431 9615
1432 9621
1433 9627
1434 9633
1435 9639
1436 9645
1437 9651
1438 9657
1439 9663
1440 9669
1441 9675
1442 9681
1443 9687
1444 9693
1445 9699
1446 9705
1447 9711
1448 9717
1449 9723
1450 9729
1451 9735
1452 9741
1453 9747
1454 9753
1455 9759
1456 9765
1457 9771
1458 9777
1459 9783
1460 9789
1461 9795
1462 9801
1463 9807
1464 9813
1465 9819
1466 9825
1467 9831
1468 9837
1469 9843
1470 9849
1471 9855
1472 9861
1473 9867
1474 9873
1475 9879
1476 9885
1477 9891
1478 9897
1479 9903
1480 9909
1481 9915
1482 9921
1483 9927
1484 9933
1485 9939
1486 9945
1487 9951
1488 9957
1489 9962
1490 9968
1491 9974
1492 9980
1493 9986
1494 9992
1495 9998
1496 10004
1497 10011
1498 10017
1499 10023
1500 10029
1501 10035
1502 10041
1503 10047
1504 10053
1505 10059
1506 10065
1507 10071
1508 10077
1509 10083
1510 10089
1511 10095
1512 10101
1513 10106
1514 10112
1515 10118
1516 10124
1517 10130
1518 10136
1519 10142
1520 10148
1521 10155
1522 10161
1523 10167
1524 10173
1525 10179
1526 10185
1527 10191
1528 10197
1529 10203
1530 10209
1531 10215
1532 10221
1533 10227
1534 10233
1535 10239
1536 10245
1537 10251
1538 10257
1539 10263
1540 10269
1541 10275
1542 10281
1543 10287
1544 10293
1545 10299
1546 10305
1547 10311
1548 10317
1549 10323
1550 10329
1551 10335
1552 10341
1553 10347
1554 10353
1555 10359
1556 10365
1557 10371
1558 10377
1559 10383
1560 10389
1561 10395
1562 10401
1563 10407
1564 10413
1565 10419
1566 10425
1567 10431
1568 10437
1569 10443
1570 10449
1571 10455
1572 10461
1573 10467
1574 10473
1575 10479
1576 10485
1577 10491
1578 10497
1579 10503
1580 10509
1581 10515
1582 10521
1583 10527
1584 10533
1585 10539
1586 10545
1587 10551
1588 10557
1589 10563
1590 10569
1591 10575
1592 10581
1593 10587
1594 10593
1595 10599
1596 10605
1597 10611
1598 10617
1599 10623
1600 10629
1601 10635
1602 10641
1603 10647
1604 10653
1605 10659
1606 10665
1607 10671
1608 10677
1609 10683
1610 10689
1611 10695
1612 10701
1613 10707
1614 10713
1615 10719
1616 10725
1617 10731
1618 10737
1619 10743
1620 10749
1621 10755
1622 10761
1623 10767
1624 10773
1625 10779
1626 10785
1627 10791
1628 10797
1629 10803
1630 10809
1631 10815
1632 10821
1633 10827
1634 10833
1635 10839
1636 10845
1637 10851
1638 10857
1639 10863
1640 10869
1641 10875
1642 10881
1643 10887
1644 10893
1645 10899
1646 10905
1647 10911
1648 10917
1649 10923
1650 10929
1651 10935
1652 10941
1653 10947
1654 10953
1655 10959
1656 10965
1657 10971
1658 10977
1659 10983
1660 10989
1661 10995
1662 11001
1663 11007
1664 11013
1665 11019
1666 11025
1667 11031
1668 11037
1669 11043
1670 11049
1671 11055
1672 11061
1673 11067
1674 11073
1675 11079
1676 11085
1677 11091
1678 11097
1679 11103
1680 11109
1681 11115
1682 11121
1683 11127
1684 11133
1685 11139
1686 11145
1687 11151
1688 11157
1689 11163
1690 11169
1691 11175
1692 11181
1693 11187
1694 11193
1695 11199
1696 11205
1697 11211
1698 11217
1699 11223
1700 11229
1701 11235
1702 11241
1703 11247
1704 11253
1705 11259
1706 11265
1707 11271
1708 11277
1709 11283
1710 11289
1711 11295
1712 11301
1713 11307
1714 11313
1715 11319
1716 11325
1717 11331
1718 11337
1719 11343
1720 11349
1721 11355
1722 11361
1723 11367
1724 11373
1725 11379
1726 11385
1727 11391
1728 11397
1729 11403
1730 11409
1731 11415
1732 11421
1733 11427
1734 11433
1735 11439
1736 11445
1737 11451
1738 11457
1739 11463
1740 11469
1741 11475
1742 11481
1743 11487
1744 11493
1745 11499
1746 11505
1747 11511
1748 11517
1749 11523
1750 11529
1751 11535
1752 11541
1753 11547
1754 11553
1755 11559
1756 11565
1757 11571
1758 11577
1759 11583
1781 11589
1782 11595
1783 11601
1784 11607
1785 11613
1786 11619
1787 11625
1788 11631
1789 11637
1790 11643
1791 11649
1792 11655
1793 11661
1794 11667
1795 11673
1796 11679
1797 11685
1798 11691
1799 11697
1800 11703
1801 11709
1802 11715
1803 11721
1804 11727
1805 11733
1806 11739
1807 11745
1808 11751
1809 11757
1810 11763
1811 11769
1812 11775
1813 11781
1814 11787
1815 11793
1816 11799
1817 11805
1818 11811
1819 11817
1820 11823
1821 11829
1822 11835
1823 11841
1824 11847
1825 11853
1826 11859
1827 11865
1828 11871
1829 11877
1830 11883
1831 11889
1832 11895
1833 11901
1834 11907
1835 11913
1836 11919
1837 11925
1838 11931
1839 11937
1840 11943
1841 11949
1842 11955
1843 11961
1844 11967
1845 11973
1846 11979
1847 11985
1848 11991
1849 11997
1850 12003
1851 12009
1852 12015
1853 12021
1854 12027
1855 12033
1856 12039
1857 12045
1858 12051
1859 12057
1860 12063
1861 12069
1862 12075
1863 12081
1864 12087
1865 12093
1866 12099
1867 12105
1868 12111
1869 12117
1870 12123
1871 12129
1872 12135
1873 12141
1874 12147
1875 12153
1876 12159
1877 12165
1878 12171
1879 12177
1880 12183
1881 12189
1882 12195
1883 12201
1884 12207
1885 12213
1886 12219
1887 12225
1888 12231
1889 12237
1890 12243
1891 12249
1892 12255
1893 12261
1894 12267
1895 12273
1896 12279
1897 12285
1898 12291
1899 12297
1900 12303
1901 12309
1902 12315
1903 12321
1904 12327
1905 12333
1906 12339
1907 12345
1908 12351
1909 12357
1910 12363
1911 12369
1912 12375
1913 12381
1914 12387
1915 12393
1916 12399
1917 12405
1918 12411
1919 12417
1920 12423
1921 12429
1922 12435
1923 12441
1924 12447
1925 12453
1926 12459
1927 12465
1928 12471
1929 12477
1930 12483
1931 12489
1932 12495
1933 12501
1934 12507
1935 12513
1936 12519
1937 12525
1938 12531
1939 12537
1940 12543
1941 12549
1942 12555
1943 12561
1944 12567
1945 12573
1946 12579
1947 12585
1948 12591
1949 12597
1950 12603
1951 12609
1952 12615
1953 12621
1954 12627
1955 12633
1956 12639
1957 12645
1958 12651
1959 12657
1960 12663
1961 12669
1962 12675
1963 12681
1964 12687
1965 12693
1966 12699
1967 12705
1968 12711
1969 12717
1970 12723
1971 12729
1972 12735
1973 12741
1974 12747
1975 12753
1976 12759
1977 12765
1978 12771
1979 12777
1980 12783
1981 12789
1982 12795
1983 12801
1984 12807
1985 12810
1986 12815
1987 12821
1988 12827
1989 12833
1990 12839
1991 12845
1992 12851
1993 12857
1994 12863
1995 12869
1996 12875
1997 12881
1998 12887
1999 12893
2000 12899
2001 12905
2002 12908
2003 12914
2004 12920
2005 12926
2006 12932
2007 12938
2008 12944
2009 12950
2010 12956
2011 12962
2012 12968
2013 12974
2014 12980
2015 12986
2016 12992
2017 12998
2018 13004
2019 13010
2020 13016
2021 13022
2022 13028
2023 13034
2024 13040
2025 13046
2026 13052
2027 13058
2028 13064
2029 13070
2030 13076
2031 13082
2032 13088
2033 13094
2034 13100
2035 13106
2036 13112
2037 13118
2038 13124
2039 13130
2040 13136
2041 13142
2042 13148
2043 13154
2044 13160
2045 13166
2046 13172
2047 13178
2048 13184
2049 13190
2050 13196
2051 13202
2052 13208
2053 13214
2054 13220
2055 13226
2056 13232
2057 13238
2058 13244
2059 13250
2060 13256
2061 13262
2062 13268
2063 13274
2064 13280
2065 13286
2066 13292
2067 13298
2068 13304
2069 13310
2070 13316
2071 13322
2072 13328
2073 13334
2074 13340
2075 13346
2076 13352
2077 13358
2078 13364
2079 13370
2080 13376
2081 13382
2082 13388
2083 13394
2084 13400
2085 13406
2086 13412
2087 13418
2088 13424
2089 13430
2090 13436
2091 13442
2092 13448
2093 13454
2094 13460
2095 13466
2096 13472
2097 13478
2098 13484
2099 13490
2100 13496
2101 13502
2102 13508
2103 13514
2104 13520
2105 13526
2106 13532
2107 13538
2108 13544
2109 13550
2110 13556
2111 13562
2112 13568
2113 13574
2114 13580
2115 13586
2116 13592
2117 13598
2118 13604
2119 13610
2120 13616
2121 13622
2122 13628
2123 13634
2124 13640
2125 13646
2126 13652
2127 13658
2128 13664
2129 13670
2130 13676
2131 13682
2132 13688
2133 13694
2134 13700
2135 13706
2136 13712
2137 13718
2138 13724
2139 13730
2140 13736
2141 13742
2142 13748
2143 13754
2144 13760
2145 13766
2146 13772
2147 13778
2148 13784
2149 13790
2150 13796
2151 13802
2152 13808
2153 13814
2154 13820
2155 13826
2156 13832
2157 13838
2158 13844
2159 13850
2160 13856
2161 13862
2162 13868
2163 13874
2164 13880
2165 13886
2166 13892
2167 13898
2168 13904
2169 13910
2170 13916
2171 13922
2172 13928
2173 13934
2174 13940
2175 13946
2176 13952
2177 13958
2178 13964
2179 13967
2180 13973
2181 13979
2182 13985
2183 13988
2184 13994
2185 14000
2186 14006
2187 14012
2188 14018
2189 14024
2190 14027
2191 14033
2192 14039
2193 14045
2194 14051
2195 14057
2196 14063
2197 14069
2198 14075
2199 14081
2200 14087
2201 14093
2202 14099
2203 14105
2204 14111
2205 14117
2206 14122
2207 14123
2208 14124
2209 14125
2210 14126
2211 14130
2212 14136
2213 14139
2214 14145
2215 14151
2216 14157
2217 14163
2218 14169
2219 14175
2220 14181
2221 14187
2222 14193
2223 14199
2224 14205
2225 14211
2226 14217
2227 14223
2228 14229
2229 14235
2230 14241
2231 14247
2232 14253
2233 14259
2234 14265
2235 14271
2236 14277
2237 14283
2238 14289
2239 14295
2240 14301
2241 14307
2242 14313
2243 14319
2244 14325
2245 14331
2246 14337
2247 14343
2248 14349
2249 14355
2250 14361
2251 14367
2252 14373
2253 14379
2254 14385
2255 14391
2256 14397
2257 14403
2258 14409
2259 14415
2260 14421
2261 14427
2262 14433
2263 14439
2264 14445
2265 14451
2266 14457
2267 14463
2268 14469
2269 14475
2270 14481
2271 14487
2272 14493
2273 14499
2274 14505
2275 14511
2276 14517
2277 14523
2278 14529
2279 14535
2280 14541
2281 14547
2282 14553
2283 14559
2284 14565
2285 14571
2286 14577
2287 14583
2288 14589
2289 14595
2290 14601
2291 14607
2292 14613
2293 14619
2294 14625
2295 14631
2296 14637
2297 14643
2298 14649
2299 14655
2300 14661
2301 14667
2302 14673
2303 14679
2304 14685
2305 14691
2306 14697
2307 14703
2308 14709
2309 14715
2310 14721
2311 14727
2312 14733
2313 14739
2314 14745
2315 14751
2316 14757
2317 14763
2318 14769
2319 14775
2320 14781
2321 14787
2322 14793
2323 14799
2324 14805
2325 14811
2326 14817
2327 14823
2328 14829
2329 14835
2330 14841
2331 14847
2332 14853
2333 14859
2334 14865
2335 14871
2336 14877
2337 14883
2338 14889
2339 14895
2340 14901
2341 14907
2342 14913
2343 14919
2344 14925
2345 14931
2346 14937
2347 14943
2348 14949
2349 14955
2350 14961
2351 14967
2352 14973
2353 14979
2354 14985
2355 14991
2356 14997
2357 15003
2358 15009
2359 15015
2360 15021
2361 15027
2362 15033
2363 15039
2364 15045
2365 15051
2366 15057
2367 15063
2368 15069
2369 15075
2370 15081
2371 15087
2372 15093
2373 15099
2374 15105
2375 15111
2376 15117
2377 15123
2378 15129
2379 15135
2380 15141
2381 15147
2382 15153
2383 15159
2384 15165
2385 15171
2386 15177
2387 15183
2388 15189
2389 15195
2390 15201
2391 15207
2392 15213
2393 15219
2394 15225
2395 15231
2396 15237
2397 15243
2398 15249
2399 15255
2400 15261
2401 15267
2402 15273
2403 15279
2404 15285
2405 15291
2406 15297
2407 15303
2408 15309
2409 15315
2410 15321
2411 15327
2412 15333
2413 15339
2414 15345
2415 15351
2416 15357
2417 15363
2418 15369
2419 15375
2420 15381
2421 15387
2422 15393
2423 15399
2424 15405
2425 15411
2426 15417
2427 15423
2428 15429
2429 15435
2430 15441
2431 15447
2432 15453
2433 15459
2434 15465
2435 15471
2436 15477
2437 15483
2438 15489
2439 15495
2440 15501
2441 15507
2442 15513
2443 15519
2444 15525
2445 15531
2446 15537
2447 15543
2448 15549
2449 15555
2450 15561
2451 15567
2452 15573
2453 15579
2454 15585
2455 15591
2456 15597
2457 15603
2458 15609
2459 15615
2460 15621
2461 15627
2462 15633
2463 15639
2464 15645
2465 15651
2466 15657
2467 15663
2468 15669
2469 15675
2470 15681
2471 15687
2472 15693
2473 15699
2474 15705
2475 15711
2476 15717
2477 15723
2478 15729
2479 15735
2480 15741
2481 15747
2482 15753
2483 15759
2484 15765
2485 15771
2486 15777
2487 15783
2488 15789
2489 15795
2490 15801
2491 15807
2492 15813
2493 15819
2494 15825
2495 15831
2496 15837
2497 15843
2498 15849
2499 15855
2500 15861
2501 15867
2502 15873
2503 15879
2504 15885
2505 15891
2506 15897
2507 15903
2508 15909
2509 15915
2510 15921
2511 15927
2512 15933
2513 15939
2514 15945
2515 15951
2516 15957
2517 15963
2518 15969
2519 15975
2520 15981
2521 15987
2522 15993
2523 15999
2524 16005
2525 16011
2526 16017
2527 16023
2528 16029
2529 16035
2530 16041
2531 16047
2532 16053
2533 16059
2534 16065
2535 16071
2536 16077
2537 16083
2538 16089
2539 16095
2540 16101
2541 16107
2542 16113
2543 16119
2544 16125
2545 16131
2546 16137
2547 16143
2548 16149
2549 16155
2550 16161
2551 16167
2552 16173
2553 16179
2554 16185
2555 16191
2556 16197
2557 16203
2558 16209
2559 16215
2560 16221
2561 16227
2562 16233
2563 16239
2564 16245
2565 16251
2566 16257
2567 16263
2568 16269
2569 16275
2570 16281
2571 16287
2572 16293
2573 16299
2574 16305
2575 16311
2576 16317
2577 16323
2578 16329
2579 16335
2580 16341
2581 16347
2582 16353
2583 16359
2584 16365
2585 16371
2586 16377
2587 16383
2588 16389
2589 16395
2590 16401
2591 16407
2592 16413
2593 16419
2594 16425
2595 16431
2596 16437
2597 16443
2598 16449
2599 16455
2600 16461
2601 16467
2602 16473
2603 16479
2604 16485
2605 16491
2606 16497
2607 16503
2608 16509
2609 16515
2610 16521
2611 16527
2612 16533
2613 16539
