0 13
1 217
2 223
3 229
4 235
5 241
6 247
7 253
8 259
9 265
10 271
11 277
12 283
13 289
14 295
15 301
16 307
17 313
18 319
19 325
20 331
21 337
22 343
23 349
24 355
25 361
26 367
27 373
28 379
29 385
30 391
31 397
32 403
33 409
34 415
35 421
36 427
37 433
38 439
39 445
40 451
41 457
42 463
43 469
44 475
45 481
46 487
47 493
48 499
49 505
50 511
51 517
52 523
53 529
54 535
55 541
56 547
57 553
58 559
59 565
60 571
61 577
62 583
63 589
64 595
65 601
66 607
67 613
68 619
69 625
70 631
71 637
72 643
73 649
74 655
75 661
76 667
77 673
78 679
79 685
80 691
81 697
82 703
83 709
84 715
85 721
86 727
87 733
88 739
89 745
90 751
91 757
92 763
93 769
94 775
95 781
96 787
97 793
98 799
99 805
100 811
101 817
102 823
103 829
104 835
105 841
106 847
107 853
108 859
109 865
110 871
111 877
112 883
113 889
114 895
115 901
116 907
117 913
118 919
119 925
120 931
121 937
122 943
123 949
124 955
125 961
126 967
127 973
128 979
129 985
130 991
131 997
132 1003
133 1009
134 1015
135 1021
136 1027
137 1033
138 1039
139 1045
140 1051
141 1057
142 1063
143 1069
144 1075
145 1081
146 1087
147 1093
148 1099
149 1105
150 1111
151 1117
152 1123
153 1129
154 1135
155 1141
156 1147
157 1153
158 1159
159 1165
160 1171
161 1177
162 1183
163 1189
164 1195
165 1201
166 1207
167 1213
168 1219
169 1225
170 1231
171 1237
172 1243
173 1249
174 1255
175 1261
176 1267
177 1273
178 1279
179 1285
180 1291
181 1297
182 1303
183 1309
184 1315
185 1321
186 1327
187 1333
188 1339
189 1345
190 1351
191 1357
192 1363
193 1369
194 1375
195 1381
196 1387
197 1393
198 1399
199 1405
200 1411
201 1417
202 1423
203 1429
204 1435
205 1441
206 1447
207 1453
208 1459
209 1465
210 1471
211 1477
212 1483
213 1489
214 1495
215 1501
216 1507
217 1513
218 1519
219 1525
220 1531
221 1537
222 1543
223 1549
224 1555
225 1561
226 1567
227 1573
228 1579
229 1585
230 1591
231 1597
232 1603
233 1609
234 1615
235 1621
236 1627
237 1633
238 1639
239 1645
240 1651
241 1657
242 1663
243 1669
244 1675
245 1681
246 1687
247 1693
248 1699
249 1705
250 1711
251 1717
252 1723
253 1729
254 1735
255 1741
256 1747
257 1753
258 1759
259 1765
260 1771
261 1777
262 1783
263 1789
264 1795
265 1801
266 1807
267 1813
268 1819
269 1825
270 1831
271 1837
272 1843
273 1849
274 1855
275 1861
276 1867
277 1873
278 1879
279 1885
280 1891
281 1897
282 1903
283 1909
284 1915
285 1921
286 1927
287 1933
288 1939
289 1945
290 1951
291 1957
292 1963
293 1969
294 1975
295 1981
296 1987
297 1993
298 1999
299 2005
300 2011
301 2017
302 2023
303 2029
304 2035
305 2041
306 2047
307 2053
308 2059
309 2065
310 2071
311 2077
312 2083
313 2089
314 2095
315 2101
316 2107
317 2113
318 2119
319 2125
320 2131
321 2137
322 2143
323 2149
324 2155
325 2161
326 2167
327 2173
328 2179
329 2185
330 2191
331 2197
332 2203
333 2209
334 2215
335 2221
336 2227
337 2233
338 2239
339 2245
340 2251
341 2257
342 2263
343 2269
344 2275
345 2281
346 2287
347 2293
348 2299
349 2305
350 2311
351 2317
352 2323
353 2329
354 2335
355 2341
356 2347
357 2353
358 2359
359 2365
360 2371
361 2377
362 2383
363 2389
364 2395
365 2401
366 2407
367 2413
368 2419
369 2425
370 2431
371 2437
372 2443
373 2449
374 2455
375 2461
376 2467
377 2473
378 2479
379 2485
380 2491
381 2497
382 2503
383 2509
384 2515
385 2521
386 2527
387 2533
388 2539
389 2545
390 2551
391 2557
392 2563
393 2569
394 2575
395 2581
396 2587
397 2593
398 2599
399 2605
400 2611
401 2617
402 2623
403 2629
404 2635
405 2641
406 2647
407 2653
408 2659
409 2665
410 2671
411 2677
412 2683
413 2689
414 2695
415 2701
416 2707
417 2713
418 2719
419 2725
420 2731
421 2737
422 2743
423 2749
424 2755
425 2761
426 2767
427 2773
428 2779
429 2785
430 2791
431 2797
432 2803
433 2809
434 2815
435 2821
436 2827
437 2833
438 2839
439 2845
440 2851
441 2857
442 2863
443 2869
444 2875
445 2881
446 2887
447 2893
448 2899
449 2905
450 2911
451 2917
452 2923
453 2929
454 2935
455 2941
456 2947
457 2953
458 2959
459 2965
460 2971
461 2977
462 2983
463 2989
464 2995
465 3001
466 3007
467 3013
468 3019
469 3025
470 3031
471 3037
472 3043
473 3049
474 3055
475 3061
476 3067
477 3073
478 3079
479 3085
480 3091
481 3097
482 3103
483 3109
484 3115
485 3121
486 3127
487 3133
488 3139
489 3145
490 3151
491 3157
492 3163
493 3169
494 3175
495 3181
496 3187
497 3193
498 3199
499 3205
500 3211
501 3217
502 3223
503 3229
504 3235
505 3241
506 3247
507 3253
508 3259
509 3265
510 3271
511 3277
512 3283
513 3289
514 3295
515 3301
516 3307
517 3313
518 3319
519 3325
520 3331
521 3337
522 3343
523 3349
524 3355
525 3361
526 3367
527 3373
528 3379
529 3385
530 3391
531 3397
532 3403
533 3409
534 3415
535 3421
536 3427
537 3433
538 3439
539 3445
540 3451
541 3457
542 3463
543 3469
544 3475
545 3481
546 3487
547 3493
548 3499
549 3505
550 3511
551 3517
552 3523
553 3529
554 3535
555 3541
556 3547
557 3553
558 3559
559 3565
560 3571
561 3577
562 3583
563 3589
564 3595
565 3601
566 3607
567 3613
568 3619
569 3625
570 3631
571 3637
572 3643
573 3649
574 3655
575 3661
576 3667
577 3673
578 3679
579 3685
580 3691
581 3697
582 3703
583 3709
584 3715
585 3721
586 3727
587 3733
588 3739
589 3745
590 3751
591 3757
592 3763
593 3769
594 3775
595 3781
596 3787
597 3793
598 3799
599 3805
600 3811
601 3817
602 3823
603 3829
604 3835
605 3841
606 3847
607 3853
608 3859
609 3865
610 3871
611 3877
612 3883
613 3889
614 3895
615 3901
616 3907
617 3913
618 3919
619 3925
620 3931
621 3937
622 3943
623 3949
624 3955
625 3961
626 3967
627 3973
628 3979
629 3985
630 3991
631 3997
632 4003
633 4009
634 4015
635 4021
636 4027
637 4033
638 4039
639 4045
640 4051
641 4057
642 4063
643 4069
644 4075
645 4081
646 4087
647 4093
648 4099
649 4105
650 4111
651 4117
652 4123
653 4129
654 4135
655 4141
656 4147
657 4153
658 4159
659 4165
660 4171
661 4177
662 4183
663 4189
664 4195
665 4201
666 4207
667 4213
668 4219
669 4225
670 4231
671 4237
672 4243
673 4249
674 4255
675 4261
676 4267
677 4273
678 4279
679 4285
680 4291
681 4297
682 4303
683 4309
684 4315
685 4321
686 4327
687 4333
688 4339
689 4345
690 4351
691 4357
692 4363
693 4369
694 4375
695 4381
696 4387
697 4393
698 4399
699 4405
700 4411
701 4417
702 4423
703 4429
704 4435
705 4441
706 4447
707 4453
708 4459
709 4465
710 4471
711 4477
712 4483
713 4489
714 4495
715 4501
716 4507
717 4513
718 4519
719 4525
720 4531
721 4537
722 4543
723 4549
724 4555
725 4561
726 4567
727 4573
728 4579
729 4585
730 4591
731 4597
732 4603
733 4609
734 4615
735 4621
736 4627
737 4633
738 4639
739 4645
740 4651
741 4657
742 4663
743 4669
744 4675
745 4681
746 4687
747 4693
748 4699
749 4705
750 4711
751 4717
752 4723
753 4729
754 4735
755 4741
756 4747
757 4753
758 4759
759 4765
760 4771
761 4777
762 4783
763 4789
764 4795
765 4801
766 4807
767 4813
768 4819
769 4825
770 4831
771 4837
772 4843
773 4849
774 4855
775 4856
776 4862
777 4868
778 4874
784 4877
785 4881
786 4884
787 4890
788 4895
789 4901
790 4904
791 4907
792 4913
793 4919
794 4925
795 4931
796 4937
797 4943
798 4949
799 4955
800 4961
801 4967
802 4973
803 4979
804 4985
805 4991
806 4997
807 5003
808 5009
809 5015
810 5021
811 5027
812 5033
813 5039
814 5045
815 5051
816 5057
817 5063
818 5069
819 5075
820 5081
821 5087
822 5093
823 5099
824 5105
825 5111
826 5117
827 5123
828 5129
829 5135
830 5141
831 5147
832 5153
833 5159
834 5165
835 5171
836 5177
837 5183
838 5189
839 5195
840 5201
841 5207
842 5213
843 5219
844 5225
845 5231
846 5237
847 5243
848 5249
849 5255
850 5261
851 5267
852 5273
853 5279
854 5285
855 5291
856 5297
857 5303
858 5309
859 5315
860 5321
861 5327
862 5333
863 5339
864 5345
865 5351
866 5357
867 5363
868 5369
869 5375
870 5381
871 5387
872 5393
873 5399
874 5405
875 5411
876 5417
877 5423
878 5429
879 5435
880 5441
881 5447
882 5453
883 5459
884 5465
885 5471
886 5477
887 5483
888 5489
889 5495
890 5501
891 5507
892 5513
893 5519
894 5525
895 5531
896 5537
897 5543
898 5549
899 5555
900 5561
901 5567
902 5573
903 5579
904 5585
905 5591
906 5597
907 5603
908 5609
909 5615
910 5621
911 5627
912 5633
913 5639
914 5645
915 5651
916 5657
917 5663
918 5669
919 5675
920 5681
921 5687
922 5693
923 5699
926 5704
929 5705
930 5710
932 5714
933 5719
934 5725
935 5731
936 5737
937 5743
938 5749
939 5755
940 5761
941 5767
942 5773
943 5779
944 5785
945 5791
946 5797
947 5803
948 5809
949 5815
950 5821
951 5827
952 5833
953 5839
954 5842
955 5848
956 5854
957 5860
958 5866
959 5872
960 5878
961 5884
962 5890
963 5896
964 5902
965 5908
966 5914
967 5920
968 5926
969 5932
970 5938
971 5944
972 5950
973 5956
974 5962
975 5968
976 5974
977 5980
978 5986
979 5992
980 5998
981 6004
982 6010
983 6016
984 6022
985 6028
986 6034
987 6040
988 6046
989 6052
990 6058
991 6064
992 6070
993 6076
994 6082
995 6088
996 6094
997 6100
998 6106
999 6112
1000 6118
1001 6124
1002 6130
1003 6136
1004 6142
1005 6148
1006 6154
1007 6160
1008 6166
1009 6172
1010 6178
1011 6184
1012 6190
1013 6196
1014 6202
1015 6208
1016 6214
1017 6220
1018 6226
1019 6232
1020 6238
1021 6244
1022 6250
1023 6256
1024 6262
1025 6268
1026 6274
1027 6280
1028 6286
1029 6292
1030 6298
1031 6304
1032 6310
1033 6316
1034 6322
1035 6328
1036 6334
1037 6340
1038 6346
1039 6352
1040 6358
1041 6364
1042 6370
1043 6376
1044 6382
1045 6388
1046 6394
1047 6400
1048 6406
1049 6412
1050 6418
1051 6424
1052 6430
1053 6436
1054 6442
1055 6448
1056 6454
1057 6460
1058 6466
1059 6472
1060 6478
1061 6484
1062 6490
1063 6496
1064 6502
1065 6508
1066 6514
1067 6520
1068 6526
1069 6532
1070 6538
1071 6544
1072 6550
1073 6556
1074 6562
1075 6567
1076 6569
1077 6575
1078 6581
1079 6587
1080 6593
1082 6600
1083 6606
1084 6612
1085 6618
1086 6624
1087 6630
1088 6636
1089 6642
1090 6648
1091 6654
1092 6660
1093 6666
1094 6672
1095 6678
1096 6684
1097 6691
1098 6697
1099 6703
1100 6709
1101 6715
1102 6721
1103 6727
1104 6733
1105 6738
1106 6744
1107 6750
1108 6756
1109 6762
1110 6768
1111 6774
1112 6780
1113 6786
1114 6792
1115 6798
1116 6804
1117 6810
1118 6816
1119 6822
1120 6828
1121 6834
1122 6840
1123 6846
1124 6852
1125 6858
1126 6864
1127 6870
1128 6876
1129 6882
1130 6888
1131 6894
1132 6900
1133 6906
1134 6912
1135 6918
1136 6924
1137 6930
1138 6936
1139 6942
1140 6948
1141 6954
1142 6960
1143 6967
1144 6972
1145 6979
1146 6985
1147 6991
1148 6997
1149 7003
1150 7009
1151 7015
1152 7021
1153 7027
1154 7033
1155 7039
1156 7045
1157 7051
1158 7057
1159 7063
1160 7069
1161 7075
1162 7080
1163 7086
1164 7092
1165 7098
1166 7104
1167 7110
1168 7116
1169 7122
1170 7128
1171 7134
1172 7140
1173 7146
1174 7152
1175 7158
1176 7164
1177 7170
1178 7176
1179 7182
1180 7188
1181 7194
1182 7200
1183 7206
1184 7212
1185 7218
1186 7224
1187 7230
1188 7236
1189 7242
1190 7248
1191 7254
1192 7260
1193 7266
1194 7272
1195 7278
1196 7284
1197 7290
1198 7296
1199 7302
1200 7308
1201 7314
1202 7320
1203 7326
1204 7332
1205 7338
1206 7344
1207 7350
1208 7356
1209 7362
1210 7368
1211 7374
1212 7380
1213 7386
1214 7392
1215 7398
1216 7404
1217 7410
1218 7416
1219 7422
1220 7428
1221 7434
1222 7440
1223 7446
1224 7452
1225 7458
1226 7464
1227 7470
1228 7476
1229 7482
1230 7488
1231 7494
1232 7500
1233 7506
1234 7512
1235 7518
1236 7524
1237 7530
1238 7536
1239 7542
1240 7548
1241 7554
1242 7560
1243 7566
1244 7572
1245 7578
1246 7584
1247 7590
1248 7596
1249 7602
1250 7608
1251 7614
1252 7620
1253 7626
1254 7632
1255 7638
1256 7644
1273 7645
1274 7649
1275 7655
1276 7661
1277 7667
1278 7673
1279 7679
1280 7685
1281 7691
1282 7697
1283 7703
1284 7706
1285 7712
1286 7718
1287 7724
1288 7730
1289 7736
1290 7742
1291 7748
1292 7754
1293 7761
1294 7767
1295 7773
1296 7779
1297 7785
1298 7791
1299 7797
1300 7803
1301 7809
1302 7815
1303 7821
1304 7827
1305 7833
1306 7839
1307 7845
1308 7851
1309 7857
1310 7863
1311 7869
1312 7875
1313 7881
1314 7887
1315 7893
1316 7899
1317 7905
1318 7911
1319 7917
1320 7923
1321 7929
1322 7935
1323 7941
1324 7947
1325 7953
1326 7958
1327 7964
1328 7970
1329 7976
1330 7982
1331 7988
1332 7994
1333 8000
1334 8007
1335 8013
1336 8019
1337 8025
1338 8031
1339 8037
1340 8043
1341 8049
1342 8055
1343 8061
1344 8067
1345 8073
1346 8079
1347 8085
1348 8091
1349 8097
1350 8102
1351 8108
1352 8114
1353 8120
1354 8126
1355 8132
1356 8138
1357 8144
1358 8150
1359 8156
1360 8162
1361 8168
1362 8174
1363 8180
1364 8186
1365 8192
1366 8198
1367 8204
1368 8210
1369 8216
1370 8222
1371 8228
1372 8234
1373 8240
1374 8246
1375 8253
1376 8259
1377 8265
1378 8271
1379 8277
1380 8283
1381 8289
1382 8295
1383 8300
1384 8306
1385 8312
1386 8318
1387 8324
1388 8330
1389 8336
1390 8342
1391 8348
1392 8354
1393 8360
1394 8366
1395 8372
1396 8378
1397 8384
1398 8390
1399 8396
1400 8402
1401 8408
1402 8414
1403 8420
1404 8426
1405 8432
1406 8438
1407 8444
1408 8450
1409 8455
1410 8459
1411 8465
1412 8471
1413 8477
1414 8483
1415 8489
1416 8495
1417 8501
1418 8507
1419 8513
1420 8519
1421 8525
1422 8531
1423 8537
1424 8543
1425 8549
1426 8555
1427 8561
1428 8567
1429 8573
1430 8579
1431 8585
1432 8592
1433 8598
1434 8604
1435 8610
1436 8616
1437 8622
1438 8628
1439 8634
1440 8640
1441 8646
1442 8652
1443 8658
1444 8664
1445 8670
1446 8676
1447 8682
1448 8687
1449 8693
1450 8699
1451 8705
1452 8711
1453 8717
1454 8723
1455 8729
1456 8735
1457 8742
1458 8748
1459 8754
1460 8760
1461 8766
1462 8772
1463 8778
1464 8784
1465 8790
1466 8796
1467 8802
1468 8808
1469 8814
1470 8820
1471 8826
1472 8832
1473 8838
1474 8844
1475 8850
1476 8856
1477 8862
1478 8868
1479 8874
1480 8880
1481 8886
1482 8892
1483 8898
1484 8904
1485 8910
1486 8916
1487 8922
1488 8928
1489 8934
1490 8940
1491 8946
1492 8952
1493 8958
1494 8964
1495 8970
1496 8976
1497 8982
1498 8988
1499 8994
1500 9000
1501 9006
1502 9012
1503 9018
1504 9024
1505 9030
1506 9036
1507 9042
1508 9048
1509 9054
1510 9060
1511 9066
1512 9072
1513 9078
1514 9084
1515 9090
1516 9096
1517 9102
1518 9108
1519 9114
1520 9120
1521 9126
1522 9132
1523 9138
1524 9144
1525 9150
1526 9156
1527 9162
1528 9168
1529 9174
1530 9180
1531 9186
1532 9192
1533 9198
1534 9204
1535 9210
1536 9216
1537 9222
1538 9228
1539 9234
1540 9240
1541 9246
1542 9252
1543 9258
1544 9264
1545 9270
1546 9276
1547 9282
1548 9288
1549 9294
1550 9300
1551 9306
1552 9312
1553 9318
1554 9324
1555 9330
1556 9336
1557 9342
1558 9348
1559 9354
1560 9360
1561 9366
1562 9372
1563 9378
1564 9384
1565 9390
1566 9396
1567 9402
1568 9408
1569 9414
1570 9420
1571 9426
1572 9432
1573 9438
1574 9444
1575 9450
1576 9456
1577 9462
1578 9468
1579 9474
1580 9480
1581 9486
1582 9492
1583 9498
1584 9504
1585 9510
1586 9516
1587 9522
1588 9527
1589 9531
1590 9537
1591 9543
1592 9549
1593 9555
1594 9561
1595 9567
1596 9573
1597 9579
1598 9585
1599 9591
1600 9597
1601 9603
1602 9609
1603 9615
1604 9621
1605 9627
1606 9633
1607 9639
1608 9645
1609 9651
1610 9657
1611 9663
1612 9669
1613 9675
1614 9681
1615 9687
1616 9693
1617 9699
1618 9705
1619 9711
1620 9717
1621 9723
1622 9729
1623 9735
1624 9741
1625 9747
1626 9753
1627 9759
1628 9765
1629 9771
1630 9777
1631 9783
1632 9789
1633 9795
1634 9801
1635 9807
1636 9813
1637 9819
1638 9825
1639 9831
1640 9837
1641 9843
1642 9849
1643 9855
1644 9861
1645 9867
1646 9873
1647 9879
1648 9885
1649 9891
1650 9897
1651 9903
1652 9909
1653 9915
1654 9921
1655 9927
1656 9933
1657 9939
1658 9945
1659 9951
1660 9957
1661 9962
1662 9968
1663 9974
1664 9980
1665 9986
1666 9992
1667 9998
1668 10004
1669 10011
1670 10017
1671 10023
1672 10029
1673 10035
1674 10041
1675 10047
1676 10053
1677 10059
1678 10065
1679 10071
1680 10077
1681 10083
1682 10089
1683 10095
1684 10101
1685 10106
1686 10112
1687 10118
1688 10124
1689 10130
1690 10136
1691 10142
1692 10149
1693 10155
1694 10161
1695 10167
1696 10173
1697 10179
1698 10185
1699 10191
1700 10197
1701 10203
1702 10209
1703 10215
1704 10221
1705 10227
1706 10233
1707 10239
1708 10245
1709 10251
1710 10257
1711 10263
1712 10269
1713 10275
1714 10281
1715 10287
1716 10293
1717 10299
1718 10305
1719 10311
1720 10317
1721 10323
1722 10329
1723 10335
1724 10341
1725 10347
1726 10353
1727 10359
1728 10365
1729 10371
1730 10377
1731 10383
1732 10389
1733 10395
1734 10401
1735 10407
1736 10413
1737 10419
1738 10425
1739 10431
1740 10437
1741 10443
1742 10449
1743 10455
1744 10461
1745 10467
1746 10473
1747 10479
1748 10485
1749 10491
1750 10497
1751 10503
1752 10509
1753 10515
1754 10521
1755 10527
1756 10533
1757 10539
1758 10545
1759 10551
1760 10557
1761 10563
1762 10569
1763 10575
1764 10581
1765 10587
1766 10593
1767 10599
1768 10605
1769 10611
1770 10617
1771 10623
1772 10629
1773 10635
1774 10641
1775 10647
1776 10653
1777 10659
1778 10665
1779 10671
1780 10677
1781 10683
1782 10689
1783 10695
1784 10701
1785 10707
1786 10713
1787 10719
1788 10725
1789 10731
1790 10737
1791 10743
1792 10749
1793 10755
1794 10761
1795 10767
1796 10773
1797 10779
1798 10785
1799 10791
1800 10797
1801 10803
1802 10809
1803 10815
1804 10821
1805 10827
1806 10833
1807 10839
1808 10845
1809 10851
1810 10857
1811 10863
1812 10869
1813 10875
1814 10881
1815 10887
1816 10893
1817 10899
1818 10905
1819 10911
1820 10917
1821 10923
1822 10929
1823 10935
1824 10941
1825 10947
1826 10953
1827 10959
1828 10965
1829 10971
1830 10977
1831 10983
1832 10989
1833 10995
1834 11001
1835 11007
1836 11013
1837 11019
1838 11025
1839 11031
1840 11037
1841 11043
1842 11049
1843 11055
1844 11061
1845 11067
1846 11073
1847 11079
1848 11085
1849 11091
1850 11097
1851 11103
1852 11109
1853 11115
1854 11121
1855 11127
1856 11133
1857 11139
1858 11145
1859 11151
1860 11157
1861 11163
1862 11169
1863 11175
1864 11181
1865 11187
1866 11193
1867 11199
1868 11205
1869 11211
1870 11217
1871 11223
1872 11229
1873 11235
1874 11241
1875 11247
1876 11253
1877 11259
1878 11265
1879 11271
1880 11277
1881 11283
1882 11289
1883 11295
1884 11301
1885 11307
1886 11313
1887 11319
1888 11325
1889 11331
1890 11337
1891 11343
1892 11349
1893 11355
1894 11361
1895 11367
1896 11373
1897 11379
1898 11385
1899 11391
1900 11397
1901 11403
1902 11409
1903 11415
1904 11421
1905 11427
1906 11433
1907 11439
1908 11445
1909 11451
1910 11457
1911 11463
1912 11469
1913 11475
1914 11481
1915 11487
1916 11493
1917 11499
1918 11505
1919 11511
1920 11517
1921 11523
1922 11529
1923 11535
1924 11541
1925 11547
1926 11553
1927 11559
1928 11565
1929 11571
1930 11577
1931 11583
1953 11589
1954 11595
1955 11601
1956 11607
1957 11613
1958 11619
1959 11625
1960 11631
1961 11637
1962 11643
1963 11649
1964 11655
1965 11661
1966 11667
1967 11673
1968 11679
1969 11685
1970 11691
1971 11697
1972 11703
1973 11709
1974 11715
1975 11721
1976 11727
1977 11733
1978 11739
1979 11745
1980 11751
1981 11757
1982 11763
1983 11769
1984 11775
1985 11781
1986 11787
1987 11793
1988 11799
1989 11805
1990 11811
1991 11817
1992 11823
1993 11829
1994 11835
1995 11841
1996 11847
1997 11853
1998 11859
1999 11865
2000 11871
2001 11877
2002 11883
2003 11889
2004 11895
2005 11901
2006 11907
2007 11913
2008 11919
2009 11925
2010 11931
2011 11937
2012 11943
2013 11949
2014 11955
2015 11961
2016 11967
2017 11973
2018 11979
2019 11985
2020 11991
2021 11997
2022 12003
2023 12009
2024 12015
2025 12021
2026 12027
2027 12033
2028 12039
2029 12045
2030 12051
2031 12057
2032 12063
2033 12069
2034 12075
2035 12081
2036 12087
2037 12093
2038 12099
2039 12105
2040 12111
2041 12117
2042 12123
2043 12129
2044 12135
2045 12141
2046 12147
2047 12153
2048 12159
2049 12165
2050 12171
2051 12177
2052 12183
2053 12189
2054 12195
2055 12201
2056 12207
2057 12213
2058 12219
2059 12225
2060 12231
2061 12237
2062 12243
2063 12249
2064 12255
2065 12261
2066 12267
2067 12273
2068 12279
2069 12285
2070 12291
2071 12297
2072 12303
2073 12309
2074 12315
2075 12321
2076 12327
2077 12333
2078 12339
2079 12345
2080 12351
2081 12357
2082 12363
2083 12369
2084 12375
2085 12381
2086 12387
2087 12393
2088 12399
2089 12405
2090 12411
2091 12417
2092 12423
2093 12429
2094 12435
2095 12441
2096 12447
2097 12453
2098 12459
2099 12465
2100 12471
2101 12477
2102 12483
2103 12489
2104 12495
2105 12501
2106 12507
2107 12513
2108 12519
2109 12525
2110 12531
2111 12537
2112 12543
2113 12549
2114 12555
2115 12561
2116 12567
2117 12573
2118 12579
2119 12585
2120 12591
2121 12597
2122 12603
2123 12609
2124 12615
2125 12621
2126 12627
2127 12633
2128 12639
2129 12645
2130 12651
2131 12657
2132 12663
2133 12669
2134 12675
2135 12681
2136 12687
2137 12693
2138 12699
2139 12705
2140 12711
2141 12717
2142 12723
2143 12729
2144 12735
2145 12741
2146 12747
2147 12753
2148 12759
2149 12765
2150 12771
2151 12777
2152 12783
2153 12789
2154 12795
2155 12801
2156 12807
2157 12810
2158 12815
2159 12821
2160 12827
2161 12833
2162 12839
2163 12845
2164 12851
2165 12857
2166 12863
2167 12869
2168 12875
2169 12881
2170 12887
2171 12893
2172 12899
2173 12905
2174 12908
2175 12914
2176 12920
2177 12926
2178 12932
2179 12938
2180 12944
2181 12950
2182 12956
2183 12962
2184 12968
2185 12974
2186 12980
2187 12986
2188 12992
2189 12998
2190 13004
2191 13010
2192 13016
2193 13022
2194 13028
2195 13034
2196 13040
2197 13046
2198 13052
2199 13058
2200 13064
2201 13070
2202 13076
2203 13082
2204 13088
2205 13094
2206 13100
2207 13106
2208 13112
2209 13118
2210 13124
2211 13130
2212 13136
2213 13142
2214 13148
2215 13154
2216 13160
2217 13166
2218 13172
2219 13178
2220 13184
2221 13190
2222 13196
2223 13202
2224 13208
2225 13214
2226 13220
2227 13226
2228 13232
2229 13238
2230 13244
2231 13250
2232 13256
2233 13262
2234 13268
2235 13274
2236 13280
2237 13286
2238 13292
2239 13298
2240 13304
2241 13310
2242 13316
2243 13322
2244 13328
2245 13334
2246 13340
2247 13346
2248 13352
2249 13358
2250 13364
2251 13370
2252 13376
2253 13382
2254 13388
2255 13394
2256 13400
2257 13406
2258 13412
2259 13418
2260 13424
2261 13430
2262 13436
2263 13442
2264 13448
2265 13454
2266 13460
2267 13466
2268 13472
2269 13478
2270 13484
2271 13490
2272 13496
2273 13502
2274 13508
2275 13514
2276 13520
2277 13526
2278 13532
2279 13538
2280 13544
2281 13550
2282 13556
2283 13562
2284 13568
2285 13574
2286 13580
2287 13586
2288 13592
2289 13598
2290 13604
2291 13610
2292 13616
2293 13622
2294 13628
2295 13634
2296 13640
2297 13646
2298 13652
2299 13658
2300 13664
2301 13670
2302 13676
2303 13682
2304 13688
2305 13694
2306 13700
2307 13706
2308 13712
2309 13718
2310 13724
2311 13730
2312 13736
2313 13742
2314 13748
2315 13754
2316 13760
2317 13766
2318 13772
2319 13778
2320 13784
2321 13790
2322 13796
2323 13802
2324 13808
2325 13814
2326 13820
2327 13826
2328 13832
2329 13838
2330 13844
2331 13850
2332 13856
2333 13862
2334 13868
2335 13874
2336 13880
2337 13886
2338 13892
2339 13898
2340 13904
2341 13910
2342 13916
2343 13922
2344 13928
2345 13934
2346 13940
2347 13946
2348 13952
2349 13958
2350 13964
2351 13967
2352 13973
2353 13979
2354 13985
2355 13988
2356 13994
2357 14000
2358 14006
2359 14012
2360 14018
2361 14024
2362 14027
2363 14033
2364 14039
2365 14045
2366 14051
2367 14057
2368 14063
2369 14069
2370 14075
2371 14081
2372 14087
2373 14093
2374 14099
2375 14105
2376 14111
2377 14117
2378 14122
2379 14123
2380 14124
2381 14125
2382 14126
2383 14130
2384 14136
2385 14139
2386 14145
2387 14151
2388 14157
2389 14163
2390 14169
2391 14175
2392 14181
2393 14187
2394 14193
2395 14199
2396 14205
2397 14211
2398 14217
2399 14223
2400 14229
2401 14235
2402 14241
2403 14247
2404 14253
2405 14259
2406 14265
2407 14271
2408 14277
2409 14283
2410 14289
2411 14295
2412 14301
2413 14307
2414 14313
2415 14319
2416 14325
2417 14331
2418 14337
2419 14343
2420 14349
2421 14355
2422 14361
2423 14367
2424 14373
2425 14379
2426 14385
2427 14391
2428 14397
2429 14403
2430 14409
2431 14415
2432 14421
2433 14427
2434 14433
2435 14439
2436 14445
2437 14451
2438 14457
2439 14463
2440 14469
2441 14475
2442 14481
2443 14487
2444 14493
2445 14499
2446 14505
2447 14511
2448 14517
2449 14523
2450 14529
2451 14535
2452 14541
2453 14547
2454 14553
2455 14559
2456 14565
2457 14571
2458 14577
2459 14583
2460 14589
2461 14595
2462 14601
2463 14607
2464 14613
2465 14619
2466 14625
2467 14631
2468 14637
2469 14643
2470 14649
2471 14655
2472 14661
2473 14667
2474 14673
2475 14679
2476 14685
2477 14691
2478 14697
2479 14703
2480 14709
2481 14715
2482 14721
2483 14727
2484 14733
2485 14739
2486 14745
2487 14751
2488 14757
2489 14763
2490 14769
2491 14775
2492 14781
2493 14787
2494 14793
2495 14799
2496 14805
2497 14811
2498 14817
2499 14823
2500 14829
2501 14835
2502 14841
2503 14847
2504 14853
2505 14859
2506 14865
2507 14871
2508 14877
2509 14883
2510 14889
2511 14895
2512 14901
2513 14907
2514 14913
2515 14919
2516 14925
2517 14931
2518 14937
2519 14943
2520 14949
2521 14955
2522 14961
2523 14967
2524 14973
2525 14979
2526 14985
2527 14991
2528 14997
2529 15003
2530 15009
2531 15015
2532 15021
2533 15027
2534 15033
2535 15039
2536 15045
2537 15051
2538 15057
2539 15063
2540 15069
2541 15075
2542 15081
2543 15087
2544 15093
2545 15099
2546 15105
2547 15111
2548 15117
2549 15123
2550 15129
2551 15135
2552 15141
2553 15147
2554 15153
2555 15159
2556 15165
2557 15171
2558 15177
2559 15183
2560 15189
2561 15195
2562 15201
2563 15207
2564 15213
2565 15219
2566 15225
2567 15231
2568 15237
2569 15243
2570 15249
2571 15255
2572 15261
2573 15267
2574 15273
2575 15279
2576 15285
2577 15291
2578 15297
2579 15303
2580 15309
2581 15315
2582 15321
2583 15327
2584 15333
2585 15339
2586 15345
2587 15351
2588 15357
2589 15363
2590 15369
2591 15375
2592 15381
2593 15387
2594 15393
2595 15399
2596 15405
2597 15411
2598 15417
2599 15423
2600 15429
2601 15435
2602 15441
2603 15447
2604 15453
2605 15459
2606 15465
2607 15471
2608 15477
2609 15483
2610 15489
2611 15495
2612 15501
2613 15507
2614 15513
2615 15519
2616 15525
2617 15531
2618 15537
2619 15543
2620 15549
2621 15555
2622 15561
2623 15567
2624 15573
2625 15579
2626 15585
2627 15591
2628 15597
2629 15603
2630 15609
2631 15615
2632 15621
2633 15627
2634 15633
2635 15639
2636 15645
2637 15651
2638 15657
2639 15663
2640 15669
2641 15675
2642 15681
2643 15687
2644 15693
2645 15699
2646 15705
2647 15711
2648 15717
2649 15723
2650 15729
2651 15735
2652 15741
2653 15747
2654 15753
2655 15759
2656 15765
2657 15771
2658 15777
2659 15783
2660 15789
2661 15795
2662 15801
2663 15807
2664 15813
2665 15819
2666 15825
2667 15831
2668 15837
2669 15843
2670 15849
2671 15855
2672 15861
2673 15867
2674 15873
2675 15879
2676 15885
2677 15891
2678 15897
2679 15903
2680 15909
2681 15915
2682 15921
2683 15927
2684 15933
2685 15939
2686 15945
2687 15951
2688 15957
2689 15963
2690 15969
2691 15975
2692 15981
2693 15987
2694 15993
2695 15999
2696 16005
2697 16011
2698 16017
2699 16023
2700 16029
2701 16035
2702 16041
2703 16047
2704 16053
2705 16059
2706 16065
2707 16071
2708 16077
2709 16083
2710 16089
2711 16095
2712 16101
2713 16107
2714 16113
2715 16119
2716 16125
2717 16131
2718 16137
2719 16143
2720 16149
2721 16155
2722 16161
2723 16167
2724 16173
2725 16179
2726 16185
2727 16191
2728 16197
2729 16203
2730 16209
2731 16215
2732 16221
2733 16227
2734 16233
2735 16239
2736 16245
2737 16251
2738 16257
2739 16263
2740 16269
2741 16275
2742 16281
2743 16287
2744 16293
2745 16299
2746 16305
2747 16311
2748 16317
2749 16323
2750 16329
2751 16335
2752 16341
2753 16347
2754 16353
2755 16359
2756 16365
2757 16371
2758 16377
2759 16383
2760 16389
2761 16395
2762 16401
2763 16407
2764 16413
2765 16419
2766 16425
2767 16431
2768 16437
2769 16443
2770 16449
2771 16455
2772 16461
2773 16467
2774 16473
2775 16479
2776 16485
2777 16491
2778 16497
2779 16503
2780 16509
2781 16515
2782 16521
2783 16527
2784 16533
2785 16539
