0 931
1 937
2 943
3 949
4 955
5 961
6 967
7 973
8 979
9 985
10 991
11 997
12 1003
13 1009
14 1015
15 1021
16 1027
17 1033
18 1039
19 1045
20 1051
21 1057
22 1063
23 1069
24 1075
25 1081
26 1087
27 1093
28 1099
29 1105
30 1111
31 1117
32 1123
33 1129
34 1135
35 1141
36 1147
37 1153
38 1159
39 1165
40 1171
41 1177
42 1183
43 1189
44 1195
45 1201
46 1207
47 1213
48 1219
49 1225
50 1231
51 1237
52 1243
53 1249
54 1255
55 1261
56 1267
57 1273
58 1279
59 1285
60 1291
61 1297
62 1303
63 1309
64 1315
65 1321
66 1327
67 1333
68 1339
69 1345
70 1351
71 1357
72 1363
73 1369
74 1375
75 1381
76 1387
77 1393
78 1399
79 1405
80 1411
81 1417
82 1423
83 1429
84 1435
85 1441
86 1447
87 1453
88 1459
89 1465
90 1471
91 1477
92 1483
93 1489
94 1495
95 1501
96 1507
97 1513
98 1519
99 1525
100 1531
101 1537
102 1543
103 1549
104 1555
105 1561
106 1567
107 1573
108 1579
109 1585
110 1591
111 1597
112 1603
113 1609
114 1615
115 1621
116 1627
117 1633
118 1639
119 1645
120 1651
121 1657
122 1663
123 1669
124 1675
125 1681
126 1687
127 1693
128 1699
129 1705
130 1711
131 1717
132 1723
133 1729
134 1735
135 1741
136 1747
137 1753
138 1759
139 1765
140 1771
141 1777
142 1783
143 1789
144 1795
145 1801
146 1807
147 1813
148 1819
149 1825
150 1831
151 1837
152 1843
153 1849
154 1855
155 1861
156 1867
157 1873
158 1879
159 1885
160 1891
161 1897
162 1903
163 1909
164 1915
165 1921
166 1927
167 1933
168 1939
169 1945
170 1951
171 1957
172 1963
173 1969
174 1975
175 1981
176 1987
177 1993
178 1999
179 2005
180 2011
181 2017
182 2023
183 2029
184 2035
185 2041
186 2047
187 2053
188 2059
189 2065
190 2071
191 2077
192 2083
193 2089
194 2095
195 2101
196 2107
197 2113
198 2119
199 2125
200 2131
201 2137
202 2143
203 2149
204 2155
205 2161
206 2167
207 2173
208 2179
209 2185
210 2191
211 2197
212 2203
213 2209
214 2215
215 2221
216 2227
217 2233
218 2239
219 2245
220 2251
221 2257
222 2263
223 2269
224 2275
225 2281
226 2287
227 2293
228 2299
229 2305
230 2311
231 2317
232 2323
233 2329
234 2335
235 2341
236 2347
237 2353
238 2359
239 2365
240 2371
241 2377
242 2383
243 2389
244 2395
245 2401
246 2407
247 2413
248 2419
249 2425
250 2431
251 2437
252 2443
253 2449
254 2455
255 2461
256 2467
257 2473
258 2479
259 2485
260 2491
261 2497
262 2503
263 2509
264 2515
265 2521
266 2527
267 2533
268 2539
269 2545
270 2551
271 2557
272 2563
273 2569
274 2575
275 2581
276 2587
277 2593
278 2599
279 2605
280 2611
281 2617
282 2623
283 2629
284 2635
285 2641
286 2647
287 2653
288 2659
289 2665
290 2671
291 2677
292 2683
293 2689
294 2695
295 2701
296 2707
297 2713
298 2719
299 2725
300 2731
301 2737
302 2743
303 2749
304 2755
305 2761
306 2767
307 2773
308 2779
309 2785
310 2791
311 2797
312 2803
313 2809
314 2815
315 2821
316 2827
317 2833
318 2839
319 2845
320 2851
321 2857
322 2863
323 2869
324 2875
325 2881
326 2887
327 2893
328 2899
329 2905
330 2911
331 2917
332 2923
333 2929
334 2935
335 2941
336 2947
337 2953
338 2959
339 2965
340 2971
341 2977
342 2983
343 2989
344 2995
345 3001
346 3007
347 3013
348 3019
349 3025
350 3031
351 3037
352 3043
353 3049
354 3055
355 3061
356 3067
357 3073
358 3079
359 3085
360 3091
361 3097
362 3103
363 3109
364 3115
365 3121
366 3127
367 3133
368 3139
369 3145
370 3151
371 3157
372 3163
373 3169
374 3175
375 3181
376 3187
377 3193
378 3199
379 3205
380 3211
381 3217
382 3223
383 3229
384 3235
385 3241
386 3247
387 3253
388 3259
389 3265
390 3271
391 3277
392 3283
393 3289
394 3295
395 3301
396 3307
397 3313
398 3319
399 3325
400 3331
401 3337
402 3343
403 3349
404 3355
405 3361
406 3367
407 3373
408 3379
409 3385
410 3391
411 3397
412 3403
413 3409
414 3415
415 3421
416 3427
417 3433
418 3439
419 3445
420 3451
421 3457
422 3463
423 3469
424 3475
425 3481
426 3487
427 3493
428 3499
429 3505
430 3511
431 3517
432 3523
433 3529
434 3535
435 3541
436 3547
437 3553
438 3559
439 3565
440 3571
441 3577
442 3583
443 3589
444 3595
445 3601
446 3607
447 3613
448 3619
449 3625
450 3631
451 3637
452 3643
453 3649
454 3655
455 3661
456 3667
457 3673
458 3679
459 3685
460 3691
461 3697
462 3703
463 3709
464 3715
465 3721
466 3727
467 3733
468 3739
469 3745
470 3751
471 3757
472 3763
473 3769
474 3775
475 3781
476 3787
477 3793
478 3799
479 3805
480 3811
481 3817
482 3823
483 3829
484 3835
485 3841
486 3847
487 3853
488 3859
489 3865
490 3871
491 3877
492 3883
493 3889
494 3895
495 3901
496 3907
497 3913
498 3919
499 3925
500 3931
501 3937
502 3943
503 3949
504 3955
505 3961
506 3967
507 3973
508 3979
509 3985
510 3991
511 3997
512 4003
513 4009
514 4015
515 4021
516 4027
517 4033
518 4039
519 4045
520 4051
521 4057
522 4063
523 4069
524 4075
525 4081
526 4087
527 4093
528 4099
529 4105
530 4111
531 4117
532 4123
533 4129
534 4135
535 4141
536 4147
537 4153
538 4159
539 4165
540 4171
541 4177
542 4183
543 4189
544 4195
545 4201
546 4207
547 4213
548 4219
549 4225
550 4231
551 4237
552 4243
553 4249
554 4255
555 4261
556 4267
557 4273
558 4279
559 4285
560 4291
561 4297
562 4303
563 4309
564 4315
565 4321
566 4327
567 4333
568 4339
569 4345
570 4351
571 4357
572 4363
573 4369
574 4375
575 4381
576 4387
577 4393
578 4399
579 4405
580 4411
581 4417
582 4423
583 4429
584 4435
585 4441
586 4447
587 4453
588 4459
589 4465
590 4471
591 4477
592 4483
593 4489
594 4495
595 4501
596 4507
597 4513
598 4519
599 4525
600 4531
601 4537
602 4543
603 4549
604 4555
605 4561
606 4567
607 4573
608 4579
609 4585
610 4591
611 4597
612 4603
613 4609
614 4615
615 4621
616 4627
617 4633
618 4639
619 4645
620 4651
621 4657
622 4663
623 4669
624 4675
625 4681
626 4687
627 4693
628 4699
629 4705
630 4711
631 4717
632 4723
633 4729
634 4735
635 4741
636 4747
637 4753
638 4759
639 4765
640 4771
641 4777
642 4783
643 4789
644 4795
645 4801
646 4807
647 4813
648 4819
649 4825
650 4831
651 4837
652 4843
653 4849
654 4855
655 4856
656 4862
657 4868
658 4874
664 4877
665 4881
666 4884
667 4890
668 4895
669 4901
670 4904
671 4907
672 4913
673 4919
674 4925
675 4931
676 4937
677 4943
678 4949
679 4955
680 4961
681 4967
682 4973
683 4979
684 4985
685 4991
686 4997
687 5003
688 5009
689 5015
690 5021
691 5027
692 5033
693 5039
694 5045
695 5051
696 5057
697 5063
698 5069
699 5075
700 5081
701 5087
702 5093
703 5099
704 5105
705 5111
706 5117
707 5123
708 5129
709 5135
710 5141
711 5147
712 5153
713 5159
714 5165
715 5171
716 5177
717 5183
718 5189
719 5195
720 5201
721 5207
722 5213
723 5219
724 5225
725 5231
726 5237
727 5243
728 5249
729 5255
730 5261
731 5267
732 5273
733 5279
734 5285
735 5291
736 5297
737 5303
738 5309
739 5315
740 5321
741 5327
742 5333
743 5339
744 5345
745 5351
746 5357
747 5363
748 5369
749 5375
750 5381
751 5387
752 5393
753 5399
754 5405
755 5411
756 5417
757 5423
758 5429
759 5435
760 5441
761 5447
762 5453
763 5459
764 5465
765 5471
766 5477
767 5483
768 5489
769 5495
770 5501
771 5507
772 5513
773 5519
774 5525
775 5531
776 5537
777 5543
778 5549
779 5555
780 5561
781 5567
782 5573
783 5579
784 5585
785 5591
786 5597
787 5603
788 5609
789 5615
790 5621
791 5627
792 5633
793 5639
794 5645
795 5651
796 5657
797 5663
798 5669
799 5675
800 5681
801 5687
802 5693
803 5699
806 5704
809 5705
810 5710
812 5714
813 5719
814 5725
815 5731
816 5737
817 5743
818 5749
819 5755
820 5761
821 5767
822 5773
823 5779
824 5785
825 5791
826 5797
827 5803
828 5809
829 5815
830 5821
831 5827
832 5833
833 5839
834 5842
835 5848
836 5854
837 5860
838 5866
839 5872
840 5878
841 5884
842 5890
843 5896
844 5902
845 5908
846 5914
847 5920
848 5926
849 5932
850 5938
851 5944
852 5950
853 5956
854 5962
855 5968
856 5974
857 5980
858 5986
859 5992
860 5998
861 6004
862 6010
863 6016
864 6022
865 6028
866 6034
867 6040
868 6046
869 6052
870 6058
871 6064
872 6070
873 6076
874 6082
875 6088
876 6094
877 6100
878 6106
879 6112
880 6118
881 6124
882 6130
883 6136
884 6142
885 6148
886 6154
887 6160
888 6166
889 6172
890 6178
891 6184
892 6190
893 6196
894 6202
895 6208
896 6214
897 6220
898 6226
899 6232
900 6238
901 6244
902 6250
903 6256
904 6262
905 6268
906 6274
907 6280
908 6286
909 6292
910 6298
911 6304
912 6310
913 6316
914 6322
915 6328
916 6334
917 6340
918 6346
919 6352
920 6358
921 6364
922 6370
923 6376
924 6382
925 6388
926 6394
927 6400
928 6406
929 6412
930 6418
931 6424
932 6430
933 6436
934 6442
935 6448
936 6454
937 6460
938 6466
939 6472
940 6478
941 6484
942 6490
943 6496
944 6502
945 6508
946 6514
947 6520
948 6526
949 6532
950 6538
951 6544
952 6550
953 6556
954 6562
955 6567
956 6569
957 6575
958 6581
959 6587
960 6593
962 6600
963 6606
964 6612
965 6618
966 6624
967 6630
968 6636
969 6642
970 6648
971 6654
972 6660
973 6666
974 6672
975 6678
976 6684
977 6691
978 6697
979 6703
980 6709
981 6715
982 6721
983 6727
984 6733
985 6738
986 6744
987 6750
988 6756
989 6762
990 6768
991 6774
992 6780
993 6786
994 6792
995 6798
996 6804
997 6810
998 6816
999 6822
1000 6828
1001 6834
1002 6840
1003 6846
1004 6852
1005 6858
1006 6864
1007 6870
1008 6876
1009 6882
1010 6888
1011 6894
1012 6900
1013 6906
1014 6912
1015 6918
1016 6924
1017 6930
1018 6936
1019 6942
1020 6948
1021 6954
1022 6960
1023 6966
1024 6972
1025 6978
1026 6985
1027 6991
1028 6997
1029 7003
1030 7009
1031 7015
1032 7021
1033 7027
1034 7033
1035 7039
1036 7045
1037 7051
1038 7057
1039 7063
1040 7069
1041 7075
1042 7080
1043 7086
1044 7092
1045 7098
1046 7104
1047 7110
1048 7116
1049 7122
1050 7128
1051 7134
1052 7140
1053 7146
1054 7152
1055 7158
1056 7164
1057 7170
1058 7176
1059 7182
1060 7188
1061 7194
1062 7200
1063 7206
1064 7212
1065 7218
1066 7224
1067 7230
1068 7236
1069 7242
1070 7248
1071 7254
1072 7260
1073 7266
1074 7272
1075 7278
1076 7284
1077 7290
1078 7296
1079 7302
1080 7308
1081 7314
1082 7320
1083 7326
1084 7332
1085 7338
1086 7344
1087 7350
1088 7356
1089 7362
1090 7368
1091 7374
1092 7380
1093 7386
1094 7392
1095 7398
1096 7404
1097 7410
1098 7416
1099 7422
1100 7428
1101 7434
1102 7440
1103 7446
1104 7452
1105 7458
1106 7464
1107 7470
1108 7476
1109 7482
1110 7488
1111 7494
1112 7500
1113 7506
1114 7512
1115 7518
1116 7524
1117 7530
1118 7536
1119 7542
1120 7548
1121 7554
1122 7560
1123 7566
1124 7572
1125 7578
1126 7584
1127 7590
1128 7596
1129 7602
1130 7608
1131 7614
1132 7620
1133 7626
1134 7632
1135 7638
1136 7644
1153 7645
1154 7649
1155 7655
1156 7661
1157 7667
1158 7673
1159 7679
1160 7685
1161 7691
1162 7697
1163 7703
1164 7706
1165 7712
1166 7718
1167 7724
1168 7730
1169 7736
1170 7742
1171 7748
1172 7754
1173 7761
1174 7767
1175 7773
1176 7779
1177 7785
1178 7791
1179 7797
1180 7803
1181 7809
1182 7815
1183 7821
1184 7827
1185 7833
1186 7839
1187 7845
1188 7851
1189 7857
1190 7863
1191 7869
1192 7875
1193 7881
1194 7887
1195 7893
1196 7899
1197 7905
1198 7911
1199 7917
1200 7923
1201 7929
1202 7935
1203 7941
1204 7947
1205 7953
1206 7958
1207 7964
1208 7970
1209 7976
1210 7982
1211 7988
1212 7994
1213 8000
1214 8007
1215 8013
1216 8019
1217 8025
1218 8031
1219 8037
1220 8043
1221 8049
1222 8055
1223 8061
1224 8067
1225 8073
1226 8079
1227 8085
1228 8091
1229 8097
1230 8102
1231 8108
1232 8114
1233 8120
1234 8126
1235 8132
1236 8138
1237 8144
1238 8150
1239 8156
1240 8162
1241 8168
1242 8174
1243 8180
1244 8186
1245 8192
1246 8198
1247 8204
1248 8210
1249 8216
1250 8222
1251 8228
1252 8234
1253 8240
1254 8246
1255 8253
1256 8259
1257 8265
1258 8271
1259 8277
1260 8283
1261 8289
1262 8295
1263 8300
1264 8306
1265 8312
1266 8318
1267 8324
1268 8330
1269 8336
1270 8342
1271 8348
1272 8354
1273 8360
1274 8366
1275 8372
1276 8378
1277 8384
1278 8390
1279 8396
1280 8402
1281 8408
1282 8414
1283 8420
1284 8426
1285 8432
1286 8438
1287 8444
1288 8450
1289 8455
1290 8459
1291 8465
1292 8471
1293 8477
1294 8483
1295 8489
1296 8495
1297 8501
1298 8507
1299 8513
1300 8519
1301 8525
1302 8531
1303 8537
1304 8543
1305 8549
1306 8555
1307 8561
1308 8567
1309 8573
1310 8579
1311 8585
1312 8592
1313 8598
1314 8604
1315 8610
1316 8616
1317 8622
1318 8628
1319 8634
1320 8640
1321 8646
1322 8652
1323 8658
1324 8664
1325 8670
1326 8676
1327 8682
1328 8687
1329 8693
1330 8699
1331 8705
1332 8711
1333 8717
1334 8723
1335 8729
1336 8735
1337 8742
1338 8748
1339 8754
1340 8760
1341 8766
1342 8772
1343 8778
1344 8784
1345 8790
1346 8796
1347 8802
1348 8808
1349 8814
1350 8820
1351 8826
1352 8832
1353 8838
1354 8844
1355 8850
1356 8856
1357 8862
1358 8868
1359 8874
1360 8880
1361 8886
1362 8892
1363 8898
1364 8904
1365 8910
1366 8916
1367 8922
1368 8928
1369 8934
1370 8940
1371 8946
1372 8952
1373 8958
1374 8964
1375 8970
1376 8976
1377 8982
1378 8988
1379 8994
1380 9000
1381 9006
1382 9012
1383 9018
1384 9024
1385 9030
1386 9036
1387 9042
1388 9048
1389 9054
1390 9060
1391 9066
1392 9072
1393 9078
1394 9084
1395 9090
1396 9096
1397 9102
1398 9108
1399 9114
1400 9120
1401 9126
1402 9132
1403 9138
1404 9144
1405 9150
1406 9156
1407 9162
1408 9168
1409 9174
1410 9180
1411 9186
1412 9192
1413 9198
1414 9204
1415 9210
1416 9216
1417 9222
1418 9228
1419 9234
1420 9240
1421 9246
1422 9252
1423 9258
1424 9264
1425 9270
1426 9276
1427 9282
1428 9288
1429 9294
1430 9300
1431 9306
1432 9312
1433 9318
1434 9324
1435 9330
1436 9336
1437 9342
1438 9348
1439 9354
1440 9360
1441 9366
1442 9372
1443 9378
1444 9384
1445 9390
1446 9396
1447 9402
1448 9408
1449 9414
1450 9420
1451 9426
1452 9432
1453 9438
1454 9444
1455 9450
1456 9456
1457 9462
1458 9468
1459 9474
1460 9480
1461 9486
1462 9492
1463 9498
1464 9504
1465 9510
1466 9516
1467 9522
1468 9527
1469 9531
1470 9537
1471 9543
1472 9549
1473 9555
1474 9561
1475 9567
1476 9573
1477 9579
1478 9585
1479 9591
1480 9597
1481 9603
1482 9609
1483 9615
1484 9621
1485 9627
1486 9633
1487 9639
1488 9645
1489 9651
1490 9657
1491 9663
1492 9669
1493 9675
1494 9681
1495 9687
1496 9693
1497 9699
1498 9705
1499 9711
1500 9717
1501 9723
1502 9729
1503 9735
1504 9741
1505 9747
1506 9753
1507 9759
1508 9765
1509 9771
1510 9777
1511 9783
1512 9789
1513 9795
1514 9801
1515 9807
1516 9813
1517 9819
1518 9825
1519 9831
1520 9837
1521 9843
1522 9849
1523 9855
1524 9861
1525 9867
1526 9873
1527 9879
1528 9885
1529 9891
1530 9897
1531 9903
1532 9909
1533 9915
1534 9921
1535 9927
1536 9933
1537 9939
1538 9945
1539 9951
1540 9957
1541 9962
1542 9968
1543 9974
1544 9980
1545 9986
1546 9992
1547 9998
1548 10004
1549 10011
1550 10017
1551 10023
1552 10029
1553 10035
1554 10041
1555 10047
1556 10053
1557 10059
1558 10065
1559 10071
1560 10077
1561 10083
1562 10089
1563 10095
1564 10101
1565 10106
1566 10112
1567 10118
1568 10124
1569 10130
1570 10136
1571 10142
1572 10148
1573 10155
1574 10161
1575 10167
1576 10173
1577 10179
1578 10185
1579 10191
1580 10197
1581 10203
1582 10209
1583 10215
1584 10221
1585 10227
1586 10233
1587 10239
1588 10245
1589 10251
1590 10257
1591 10263
1592 10269
1593 10275
1594 10281
1595 10287
1596 10293
1597 10299
1598 10305
1599 10311
1600 10317
1601 10323
1602 10329
1603 10335
1604 10341
1605 10347
1606 10353
1607 10359
1608 10365
1609 10371
1610 10377
1611 10383
1612 10389
1613 10395
1614 10401
1615 10407
1616 10413
1617 10419
1618 10425
1619 10431
1620 10437
1621 10443
1622 10449
1623 10455
1624 10461
1625 10467
1626 10473
1627 10479
1628 10485
1629 10491
1630 10497
1631 10503
1632 10509
1633 10515
1634 10521
1635 10527
1636 10533
1637 10539
1638 10545
1639 10551
1640 10557
1641 10563
1642 10569
1643 10575
1644 10581
1645 10587
1646 10593
1647 10599
1648 10605
1649 10611
1650 10617
1651 10623
1652 10629
1653 10635
1654 10641
1655 10647
1656 10653
1657 10659
1658 10665
1659 10671
1660 10677
1661 10683
1662 10689
1663 10695
1664 10701
1665 10707
1666 10713
1667 10719
1668 10725
1669 10731
1670 10737
1671 10743
1672 10749
1673 10755
1674 10761
1675 10767
1676 10773
1677 10779
1678 10785
1679 10791
1680 10797
1681 10803
1682 10809
1683 10815
1684 10821
1685 10827
1686 10833
1687 10839
1688 10845
1689 10851
1690 10857
1691 10863
1692 10869
1693 10875
1694 10881
1695 10887
1696 10893
1697 10899
1698 10905
1699 10911
1700 10917
1701 10923
1702 10929
1703 10935
1704 10941
1705 10947
1706 10953
1707 10959
1708 10965
1709 10971
1710 10977
1711 10983
1712 10989
1713 10995
1714 11001
1715 11007
1716 11013
1717 11019
1718 11025
1719 11031
1720 11037
1721 11043
1722 11049
1723 11055
1724 11061
1725 11067
1726 11073
1727 11079
1728 11085
1729 11091
1730 11097
1731 11103
1732 11109
1733 11115
1734 11121
1735 11127
1736 11133
1737 11139
1738 11145
1739 11151
1740 11157
1741 11163
1742 11169
1743 11175
1744 11181
1745 11187
1746 11193
1747 11199
1748 11205
1749 11211
1750 11217
1751 11223
1752 11229
1753 11235
1754 11241
1755 11247
1756 11253
1757 11259
1758 11265
1759 11271
1760 11277
1761 11283
1762 11289
1763 11295
1764 11301
1765 11307
1766 11313
1767 11319
1768 11325
1769 11331
1770 11337
1771 11343
1772 11349
1773 11355
1774 11361
1775 11367
1776 11373
1777 11379
1778 11385
1779 11391
1780 11397
1781 11403
1782 11409
1783 11415
1784 11421
1785 11427
1786 11433
1787 11439
1788 11445
1789 11451
1790 11457
1791 11463
1792 11469
1793 11475
1794 11481
1795 11487
1796 11493
1797 11499
1798 11505
1799 11511
1800 11517
1801 11523
1802 11529
1803 11535
1804 11541
1805 11547
1806 11553
1807 11559
1808 11565
1809 11571
1810 11577
1811 11583
1833 11589
1834 11595
1835 11601
1836 11607
1837 11613
1838 11619
1839 11625
1840 11631
1841 11637
1842 11643
1843 11649
1844 11655
1845 11661
1846 11667
1847 11673
1848 11679
1849 11685
1850 11691
1851 11697
1852 11703
1853 11709
1854 11715
1855 11721
1856 11727
1857 11733
1858 11739
1859 11745
1860 11751
1861 11757
1862 11763
1863 11769
1864 11775
1865 11781
1866 11787
1867 11793
1868 11799
1869 11805
1870 11811
1871 11817
1872 11823
1873 11829
1874 11835
1875 11841
1876 11847
1877 11853
1878 11859
1879 11865
1880 11871
1881 11877
1882 11883
1883 11889
1884 11895
1885 11901
1886 11907
1887 11913
1888 11919
1889 11925
1890 11931
1891 11937
1892 11943
1893 11949
1894 11955
1895 11961
1896 11967
1897 11973
1898 11979
1899 11985
1900 11991
1901 11997
1902 12003
1903 12009
1904 12015
1905 12021
1906 12027
1907 12033
1908 12039
1909 12045
1910 12051
1911 12057
1912 12063
1913 12069
1914 12075
1915 12081
1916 12087
1917 12093
1918 12099
1919 12105
1920 12111
1921 12117
1922 12123
1923 12129
1924 12135
1925 12141
1926 12147
1927 12153
1928 12159
1929 12165
1930 12171
1931 12177
1932 12183
1933 12189
1934 12195
1935 12201
1936 12207
1937 12213
1938 12219
1939 12225
1940 12231
1941 12237
1942 12243
1943 12249
1944 12255
1945 12261
1946 12267
1947 12273
1948 12279
1949 12285
1950 12291
1951 12297
1952 12303
1953 12309
1954 12315
1955 12321
1956 12327
1957 12333
1958 12339
1959 12345
1960 12351
1961 12357
1962 12363
1963 12369
1964 12375
1965 12381
1966 12387
1967 12393
1968 12399
1969 12405
1970 12411
1971 12417
1972 12423
1973 12429
1974 12435
1975 12441
1976 12447
1977 12453
1978 12459
1979 12465
1980 12471
1981 12477
1982 12483
1983 12489
1984 12495
1985 12501
1986 12507
1987 12513
1988 12519
1989 12525
1990 12531
1991 12537
1992 12543
1993 12549
1994 12555
1995 12561
1996 12567
1997 12573
1998 12579
1999 12585
2000 12591
2001 12597
2002 12603
2003 12609
2004 12615
2005 12621
2006 12627
2007 12633
2008 12639
2009 12645
2010 12651
2011 12657
2012 12663
2013 12669
2014 12675
2015 12681
2016 12687
2017 12693
2018 12699
2019 12705
2020 12711
2021 12717
2022 12723
2023 12729
2024 12735
2025 12741
2026 12747
2027 12753
2028 12759
2029 12765
2030 12771
2031 12777
2032 12783
2033 12789
2034 12795
2035 12801
2036 12807
2037 12810
2038 12815
2039 12821
2040 12827
2041 12833
2042 12839
2043 12845
2044 12851
2045 12857
2046 12863
2047 12869
2048 12875
2049 12881
2050 12887
2051 12893
2052 12899
2053 12905
2054 12908
2055 12914
2056 12920
2057 12926
2058 12932
2059 12938
2060 12944
2061 12950
2062 12956
2063 12962
2064 12968
2065 12974
2066 12980
2067 12986
2068 12992
2069 12998
2070 13004
2071 13010
2072 13016
2073 13022
2074 13028
2075 13034
2076 13040
2077 13046
2078 13052
2079 13058
2080 13064
2081 13070
2082 13076
2083 13082
2084 13088
2085 13094
2086 13100
2087 13106
2088 13112
2089 13118
2090 13124
2091 13130
2092 13136
2093 13142
2094 13148
2095 13154
2096 13160
2097 13166
2098 13172
2099 13178
2100 13184
2101 13190
2102 13196
2103 13202
2104 13208
2105 13214
2106 13220
2107 13226
2108 13232
2109 13238
2110 13244
2111 13250
2112 13256
2113 13262
2114 13268
2115 13274
2116 13280
2117 13286
2118 13292
2119 13298
2120 13304
2121 13310
2122 13316
2123 13322
2124 13328
2125 13334
2126 13340
2127 13346
2128 13352
2129 13358
2130 13364
2131 13370
2132 13376
2133 13382
2134 13388
2135 13394
2136 13400
2137 13406
2138 13412
2139 13418
2140 13424
2141 13430
2142 13436
2143 13442
2144 13448
2145 13454
2146 13460
2147 13466
2148 13472
2149 13478
2150 13484
2151 13490
2152 13496
2153 13502
2154 13508
2155 13514
2156 13520
2157 13526
2158 13532
2159 13538
2160 13544
2161 13550
2162 13556
2163 13562
2164 13568
2165 13574
2166 13580
2167 13586
2168 13592
2169 13598
2170 13604
2171 13610
2172 13616
2173 13622
2174 13628
2175 13634
2176 13640
2177 13646
2178 13652
2179 13658
2180 13664
2181 13670
2182 13676
2183 13682
2184 13688
2185 13694
2186 13700
2187 13706
2188 13712
2189 13718
2190 13724
2191 13730
2192 13736
2193 13742
2194 13748
2195 13754
2196 13760
2197 13766
2198 13772
2199 13778
2200 13784
2201 13790
2202 13796
2203 13802
2204 13808
2205 13814
2206 13820
2207 13826
2208 13832
2209 13838
2210 13844
2211 13850
2212 13856
2213 13862
2214 13868
2215 13874
2216 13880
2217 13886
2218 13892
2219 13898
2220 13904
2221 13910
2222 13916
2223 13922
2224 13928
2225 13934
2226 13940
2227 13946
2228 13952
2229 13958
2230 13964
2231 13967
2232 13973
2233 13979
2234 13985
2235 13988
2236 13994
2237 14000
2238 14006
2239 14012
2240 14018
2241 14024
2242 14027
2243 14033
2244 14039
2245 14045
2246 14051
2247 14057
2248 14063
2249 14069
2250 14075
2251 14081
2252 14087
2253 14093
2254 14099
2255 14105
2256 14111
2257 14117
2258 14122
2259 14123
2260 14124
2261 14125
2262 14126
2263 14130
2264 14136
2265 14139
2266 14145
2267 14151
2268 14157
2269 14163
2270 14169
2271 14175
2272 14181
2273 14187
2274 14193
2275 14199
2276 14205
2277 14211
2278 14217
2279 14223
2280 14229
2281 14235
2282 14241
2283 14247
2284 14253
2285 14259
2286 14265
2287 14271
2288 14277
2289 14283
2290 14289
2291 14295
2292 14301
2293 14307
2294 14313
2295 14319
2296 14325
2297 14331
2298 14337
2299 14343
2300 14349
2301 14355
2302 14361
2303 14367
2304 14373
2305 14379
2306 14385
2307 14391
2308 14397
2309 14403
2310 14409
2311 14415
2312 14421
2313 14427
2314 14433
2315 14439
2316 14445
2317 14451
2318 14457
2319 14463
2320 14469
2321 14475
2322 14481
2323 14487
2324 14493
2325 14499
2326 14505
2327 14511
2328 14517
2329 14523
2330 14529
2331 14535
2332 14541
2333 14547
2334 14553
2335 14559
2336 14565
2337 14571
2338 14577
2339 14583
2340 14589
2341 14595
2342 14601
2343 14607
2344 14613
2345 14619
2346 14625
2347 14631
2348 14637
2349 14643
2350 14649
2351 14655
2352 14661
2353 14667
2354 14673
2355 14679
2356 14685
2357 14691
2358 14697
2359 14703
2360 14709
2361 14715
2362 14721
2363 14727
2364 14733
2365 14739
2366 14745
2367 14751
2368 14757
2369 14763
2370 14769
2371 14775
2372 14781
2373 14787
2374 14793
2375 14799
2376 14805
2377 14811
2378 14817
2379 14823
2380 14829
2381 14835
2382 14841
2383 14847
2384 14853
2385 14859
2386 14865
2387 14871
2388 14877
2389 14883
2390 14889
2391 14895
2392 14901
2393 14907
2394 14913
2395 14919
2396 14925
2397 14931
2398 14937
2399 14943
2400 14949
2401 14955
2402 14961
2403 14967
2404 14973
2405 14979
2406 14985
2407 14991
2408 14997
2409 15003
2410 15009
2411 15015
2412 15021
2413 15027
2414 15033
2415 15039
2416 15045
2417 15051
2418 15057
2419 15063
2420 15069
2421 15075
2422 15081
2423 15087
2424 15093
2425 15099
2426 15105
2427 15111
2428 15117
2429 15123
2430 15129
2431 15135
2432 15141
2433 15147
2434 15153
2435 15159
2436 15165
2437 15171
2438 15177
2439 15183
2440 15189
2441 15195
2442 15201
2443 15207
2444 15213
2445 15219
2446 15225
2447 15231
2448 15237
2449 15243
2450 15249
2451 15255
2452 15261
2453 15267
2454 15273
2455 15279
2456 15285
2457 15291
2458 15297
2459 15303
2460 15309
2461 15315
2462 15321
2463 15327
2464 15333
2465 15339
2466 15345
2467 15351
2468 15357
2469 15363
2470 15369
2471 15375
2472 15381
2473 15387
2474 15393
2475 15399
2476 15405
2477 15411
2478 15417
2479 15423
2480 15429
2481 15435
2482 15441
2483 15447
2484 15453
2485 15459
2486 15465
2487 15471
2488 15477
2489 15483
2490 15489
2491 15495
2492 15501
2493 15507
2494 15513
2495 15519
2496 15525
2497 15531
2498 15537
2499 15543
2500 15549
2501 15555
2502 15561
2503 15567
2504 15573
2505 15579
2506 15585
2507 15591
2508 15597
2509 15603
2510 15609
2511 15615
2512 15621
2513 15627
2514 15633
2515 15639
2516 15645
2517 15651
2518 15657
2519 15663
2520 15669
2521 15675
2522 15681
2523 15687
2524 15693
2525 15699
2526 15705
2527 15711
2528 15717
2529 15723
2530 15729
2531 15735
2532 15741
2533 15747
2534 15753
2535 15759
2536 15765
2537 15771
2538 15777
2539 15783
2540 15789
2541 15795
2542 15801
2543 15807
2544 15813
2545 15819
2546 15825
2547 15831
2548 15837
2549 15843
2550 15849
2551 15855
2552 15861
2553 15867
2554 15873
2555 15879
2556 15885
2557 15891
2558 15897
2559 15903
2560 15909
2561 15915
2562 15921
2563 15927
2564 15933
2565 15939
2566 15945
2567 15951
2568 15957
2569 15963
2570 15969
2571 15975
2572 15981
2573 15987
2574 15993
2575 15999
2576 16005
2577 16011
2578 16017
2579 16023
2580 16029
2581 16035
2582 16041
2583 16047
2584 16053
2585 16059
2586 16065
2587 16071
2588 16077
2589 16083
2590 16089
2591 16095
2592 16101
2593 16107
2594 16113
2595 16119
2596 16125
2597 16131
2598 16137
2599 16143
2600 16149
2601 16155
2602 16161
2603 16167
2604 16173
2605 16179
2606 16185
2607 16191
2608 16197
2609 16203
2610 16209
2611 16215
2612 16221
2613 16227
2614 16233
2615 16239
2616 16245
2617 16251
2618 16257
2619 16263
2620 16269
2621 16275
2622 16281
2623 16287
2624 16293
2625 16299
2626 16305
2627 16311
2628 16317
2629 16323
2630 16329
2631 16335
2632 16341
2633 16347
2634 16353
2635 16359
2636 16365
2637 16371
2638 16377
2639 16383
2640 16389
2641 16395
2642 16401
2643 16407
2644 16413
2645 16419
2646 16425
2647 16431
2648 16437
2649 16443
2650 16449
2651 16455
2652 16461
2653 16467
2654 16473
2655 16479
2656 16485
2657 16491
2658 16497
2659 16503
2660 16509
2661 16515
2662 16521
2663 16527
2664 16533
2665 16539
