0 601
1 607
2 613
3 619
4 625
5 631
6 637
7 643
8 649
9 655
10 661
11 667
12 673
13 679
14 685
15 691
16 697
17 703
18 709
19 715
20 721
21 727
22 733
23 739
24 745
25 751
26 757
27 763
28 769
29 775
30 781
31 787
32 793
33 799
34 805
35 811
36 817
37 823
38 829
39 835
40 841
41 847
42 853
43 859
44 865
45 871
46 877
47 883
48 889
49 895
50 901
51 907
52 913
53 919
54 925
55 931
56 937
57 943
58 949
59 955
60 961
61 967
62 973
63 979
64 985
65 991
66 997
67 1003
68 1009
69 1015
70 1021
71 1027
72 1033
73 1039
74 1045
75 1051
76 1057
77 1063
78 1069
79 1075
80 1081
81 1087
82 1093
83 1099
84 1105
85 1111
86 1117
87 1123
88 1129
89 1135
90 1141
91 1147
92 1153
93 1159
94 1165
95 1171
96 1177
97 1183
98 1189
99 1195
100 1201
101 1207
102 1213
103 1219
104 1225
105 1231
106 1237
107 1243
108 1249
109 1255
110 1261
111 1267
112 1273
113 1279
114 1285
115 1291
116 1297
117 1303
118 1309
119 1315
120 1321
121 1327
122 1333
123 1339
124 1345
125 1351
126 1357
127 1363
128 1369
129 1375
130 1381
131 1387
132 1393
133 1399
134 1405
135 1411
136 1417
137 1423
138 1429
139 1435
140 1441
141 1447
142 1453
143 1459
144 1465
145 1471
146 1477
147 1483
148 1489
149 1495
150 1501
151 1507
152 1513
153 1519
154 1525
155 1531
156 1537
157 1543
158 1549
159 1555
160 1561
161 1567
162 1573
163 1579
164 1585
165 1591
166 1597
167 1603
168 1609
169 1615
170 1621
171 1627
172 1633
173 1639
174 1645
175 1651
176 1657
177 1663
178 1669
179 1675
180 1681
181 1687
182 1693
183 1699
184 1705
185 1711
186 1717
187 1723
188 1729
189 1735
190 1741
191 1747
192 1753
193 1759
194 1765
195 1771
196 1777
197 1783
198 1789
199 1795
200 1801
201 1807
202 1813
203 1819
204 1825
205 1831
206 1837
207 1843
208 1849
209 1855
210 1861
211 1867
212 1873
213 1879
214 1885
215 1891
216 1897
217 1903
218 1909
219 1915
220 1921
221 1927
222 1933
223 1939
224 1945
225 1951
226 1957
227 1963
228 1969
229 1975
230 1981
231 1987
232 1993
233 1999
234 2005
235 2011
236 2017
237 2023
238 2029
239 2035
240 2041
241 2047
242 2053
243 2059
244 2065
245 2071
246 2077
247 2083
248 2089
249 2095
250 2101
251 2107
252 2113
253 2119
254 2125
255 2131
256 2137
257 2143
258 2149
259 2155
260 2161
261 2167
262 2173
263 2179
264 2185
265 2191
266 2197
267 2203
268 2209
269 2215
270 2221
271 2227
272 2233
273 2239
274 2245
275 2251
276 2257
277 2263
278 2269
279 2275
280 2281
281 2287
282 2293
283 2299
284 2305
285 2311
286 2317
287 2323
288 2329
289 2335
290 2341
291 2347
292 2353
293 2359
294 2365
295 2371
296 2377
297 2383
298 2389
299 2395
300 2401
301 2407
302 2413
303 2419
304 2425
305 2431
306 2437
307 2443
308 2449
309 2455
310 2461
311 2467
312 2473
313 2479
314 2485
315 2491
316 2497
317 2503
318 2509
319 2515
320 2521
321 2527
322 2533
323 2539
324 2545
325 2551
326 2557
327 2563
328 2569
329 2575
330 2581
331 2587
332 2593
333 2599
334 2605
335 2611
336 2617
337 2623
338 2629
339 2635
340 2641
341 2647
342 2653
343 2659
344 2665
345 2671
346 2677
347 2683
348 2689
349 2695
350 2701
351 2707
352 2713
353 2719
354 2725
355 2731
356 2737
357 2743
358 2749
359 2755
360 2761
361 2767
362 2773
363 2779
364 2785
365 2791
366 2797
367 2803
368 2809
369 2815
370 2821
371 2827
372 2833
373 2839
374 2845
375 2851
376 2857
377 2863
378 2869
379 2875
380 2881
381 2887
382 2893
383 2899
384 2905
385 2911
386 2917
387 2923
388 2929
389 2935
390 2941
391 2947
392 2953
393 2959
394 2965
395 2971
396 2977
397 2983
398 2989
399 2995
400 3001
401 3007
402 3013
403 3019
404 3025
405 3031
406 3037
407 3043
408 3049
409 3055
410 3061
411 3067
412 3073
413 3079
414 3085
415 3091
416 3097
417 3103
418 3109
419 3115
420 3121
421 3127
422 3133
423 3139
424 3145
425 3151
426 3157
427 3163
428 3169
429 3175
430 3181
431 3187
432 3193
433 3199
434 3205
435 3211
436 3217
437 3223
438 3229
439 3235
440 3241
441 3247
442 3253
443 3259
444 3265
445 3271
446 3277
447 3283
448 3289
449 3295
450 3301
451 3307
452 3313
453 3319
454 3325
455 3331
456 3337
457 3343
458 3349
459 3355
460 3361
461 3367
462 3373
463 3379
464 3385
465 3391
466 3397
467 3403
468 3409
469 3415
470 3421
471 3427
472 3433
473 3439
474 3445
475 3451
476 3457
477 3463
478 3469
479 3475
480 3481
481 3487
482 3493
483 3499
484 3505
485 3511
486 3517
487 3523
488 3529
489 3535
490 3541
491 3547
492 3553
493 3559
494 3565
495 3571
496 3577
497 3583
498 3589
499 3595
500 3601
501 3607
502 3613
503 3619
504 3625
505 3631
506 3637
507 3643
508 3649
509 3655
510 3661
511 3667
512 3673
513 3679
514 3685
515 3691
516 3697
517 3703
518 3709
519 3715
520 3721
521 3727
522 3733
523 3739
524 3745
525 3751
526 3757
527 3763
528 3769
529 3775
530 3781
531 3787
532 3793
533 3799
534 3805
535 3811
536 3817
537 3823
538 3829
539 3835
540 3841
541 3847
542 3853
543 3859
544 3865
545 3871
546 3877
547 3883
548 3889
549 3895
550 3901
551 3907
552 3913
553 3919
554 3925
555 3931
556 3937
557 3943
558 3949
559 3955
560 3961
561 3967
562 3973
563 3979
564 3985
565 3991
566 3997
567 4003
568 4009
569 4015
570 4021
571 4027
572 4033
573 4039
574 4045
575 4051
576 4057
577 4063
578 4069
579 4075
580 4081
581 4087
582 4093
583 4099
584 4105
585 4111
586 4117
587 4123
588 4129
589 4135
590 4141
591 4147
592 4153
593 4159
594 4165
595 4171
596 4177
597 4183
598 4189
599 4195
600 4201
601 4207
602 4213
603 4219
604 4225
605 4231
606 4237
607 4243
608 4249
609 4255
610 4261
611 4267
612 4273
613 4279
614 4285
615 4291
616 4297
617 4303
618 4309
619 4315
620 4321
621 4327
622 4333
623 4339
624 4345
625 4351
626 4357
627 4363
628 4369
629 4375
630 4381
631 4387
632 4393
633 4399
634 4405
635 4411
636 4417
637 4423
638 4429
639 4435
640 4441
641 4447
642 4453
643 4459
644 4465
645 4471
646 4477
647 4483
648 4489
649 4495
650 4501
651 4507
652 4513
653 4519
654 4525
655 4531
656 4537
657 4543
658 4549
659 4555
660 4561
661 4567
662 4573
663 4579
664 4585
665 4591
666 4597
667 4603
668 4609
669 4615
670 4621
671 4627
672 4633
673 4639
674 4645
675 4651
676 4657
677 4663
678 4669
679 4675
680 4681
681 4687
682 4693
683 4699
684 4705
685 4711
686 4717
687 4723
688 4729
689 4735
690 4741
691 4747
692 4753
693 4759
694 4765
695 4771
696 4777
697 4783
698 4789
699 4795
700 4801
701 4807
702 4813
703 4819
704 4825
705 4831
706 4837
707 4843
708 4849
709 4855
710 4856
711 4862
712 4868
713 4874
719 4877
720 4881
721 4884
722 4890
723 4895
724 4901
725 4904
726 4907
727 4913
728 4919
729 4925
730 4931
731 4937
732 4943
733 4949
734 4955
735 4961
736 4967
737 4973
738 4979
739 4985
740 4991
741 4997
742 5003
743 5009
744 5015
745 5021
746 5027
747 5033
748 5039
749 5045
750 5051
751 5057
752 5063
753 5069
754 5075
755 5081
756 5087
757 5093
758 5099
759 5105
760 5111
761 5117
762 5123
763 5129
764 5135
765 5141
766 5147
767 5153
768 5159
769 5165
770 5171
771 5177
772 5183
773 5189
774 5195
775 5201
776 5207
777 5213
778 5219
779 5225
780 5231
781 5237
782 5243
783 5249
784 5255
785 5261
786 5267
787 5273
788 5279
789 5285
790 5291
791 5297
792 5303
793 5309
794 5315
795 5321
796 5327
797 5333
798 5339
799 5345
800 5351
801 5357
802 5363
803 5369
804 5375
805 5381
806 5387
807 5393
808 5399
809 5405
810 5411
811 5417
812 5423
813 5429
814 5435
815 5441
816 5447
817 5453
818 5459
819 5465
820 5471
821 5477
822 5483
823 5489
824 5495
825 5501
826 5507
827 5513
828 5519
829 5525
830 5531
831 5537
832 5543
833 5549
834 5555
835 5561
836 5567
837 5573
838 5579
839 5585
840 5591
841 5597
842 5603
843 5609
844 5615
845 5621
846 5627
847 5633
848 5639
849 5645
850 5651
851 5657
852 5663
853 5669
854 5675
855 5681
856 5687
857 5693
858 5699
861 5704
864 5705
865 5710
867 5714
868 5719
869 5725
870 5731
871 5737
872 5743
873 5749
874 5755
875 5761
876 5767
877 5773
878 5779
879 5785
880 5791
881 5797
882 5803
883 5809
884 5815
885 5821
886 5827
887 5833
888 5839
889 5842
890 5848
891 5854
892 5860
893 5866
894 5872
895 5878
896 5884
897 5890
898 5896
899 5902
900 5908
901 5914
902 5920
903 5926
904 5932
905 5938
906 5944
907 5950
908 5956
909 5962
910 5968
911 5974
912 5980
913 5986
914 5992
915 5998
916 6004
917 6010
918 6016
919 6022
920 6028
921 6034
922 6040
923 6046
924 6052
925 6058
926 6064
927 6070
928 6076
929 6082
930 6088
931 6094
932 6100
933 6106
934 6112
935 6118
936 6124
937 6130
938 6136
939 6142
940 6148
941 6154
942 6160
943 6166
944 6172
945 6178
946 6184
947 6190
948 6196
949 6202
950 6208
951 6214
952 6220
953 6226
954 6232
955 6238
956 6244
957 6250
958 6256
959 6262
960 6268
961 6274
962 6280
963 6286
964 6292
965 6298
966 6304
967 6310
968 6316
969 6322
970 6328
971 6334
972 6340
973 6346
974 6352
975 6358
976 6364
977 6370
978 6376
979 6382
980 6388
981 6394
982 6400
983 6406
984 6412
985 6418
986 6424
987 6430
988 6436
989 6442
990 6448
991 6454
992 6460
993 6466
994 6472
995 6478
996 6484
997 6490
998 6496
999 6502
1000 6508
1001 6514
1002 6520
1003 6526
1004 6532
1005 6538
1006 6544
1007 6550
1008 6556
1009 6562
1010 6567
1011 6569
1012 6575
1013 6581
1014 6587
1015 6593
1017 6600
1018 6606
1019 6612
1020 6618
1021 6624
1022 6630
1023 6636
1024 6642
1025 6648
1026 6654
1027 6660
1028 6666
1029 6672
1030 6678
1031 6684
1032 6691
1033 6697
1034 6703
1035 6709
1036 6715
1037 6721
1038 6727
1039 6733
1040 6738
1041 6744
1042 6750
1043 6756
1044 6762
1045 6768
1046 6774
1047 6780
1048 6786
1049 6792
1050 6798
1051 6804
1052 6810
1053 6816
1054 6822
1055 6828
1056 6834
1057 6840
1058 6846
1059 6852
1060 6858
1061 6864
1062 6870
1063 6876
1064 6882
1065 6888
1066 6894
1067 6900
1068 6906
1069 6912
1070 6918
1071 6924
1072 6930
1073 6936
1074 6942
1075 6948
1076 6954
1077 6960
1078 6966
1079 6972
1080 6978
1081 6985
1082 6991
1083 6997
1084 7003
1085 7009
1086 7015
1087 7021
1088 7027
1089 7033
1090 7039
1091 7045
1092 7051
1093 7057
1094 7063
1095 7069
1096 7075
1097 7080
1098 7086
1099 7092
1100 7098
1101 7104
1102 7110
1103 7116
1104 7122
1105 7128
1106 7134
1107 7140
1108 7146
1109 7152
1110 7158
1111 7164
1112 7170
1113 7176
1114 7182
1115 7188
1116 7194
1117 7200
1118 7206
1119 7212
1120 7218
1121 7224
1122 7230
1123 7236
1124 7242
1125 7248
1126 7254
1127 7260
1128 7266
1129 7272
1130 7278
1131 7284
1132 7290
1133 7296
1134 7302
1135 7308
1136 7314
1137 7320
1138 7326
1139 7332
1140 7338
1141 7344
1142 7350
1143 7356
1144 7362
1145 7368
1146 7374
1147 7380
1148 7386
1149 7392
1150 7398
1151 7404
1152 7410
1153 7416
1154 7422
1155 7428
1156 7434
1157 7440
1158 7446
1159 7452
1160 7458
1161 7464
1162 7470
1163 7476
1164 7482
1165 7488
1166 7494
1167 7500
1168 7506
1169 7512
1170 7518
1171 7524
1172 7530
1173 7536
1174 7542
1175 7548
1176 7554
1177 7560
1178 7566
1179 7572
1180 7578
1181 7584
1182 7590
1183 7596
1184 7602
1185 7608
1186 7614
1187 7620
1188 7626
1189 7632
1190 7638
1191 7644
1208 7645
1209 7649
1210 7655
1211 7661
1212 7667
1213 7673
1214 7679
1215 7685
1216 7691
1217 7697
1218 7703
1219 7706
1220 7712
1221 7718
1222 7724
1223 7730
1224 7736
1225 7742
1226 7748
1227 7754
1228 7761
1229 7767
1230 7773
1231 7779
1232 7785
1233 7791
1234 7797
1235 7803
1236 7809
1237 7815
1238 7821
1239 7827
1240 7833
1241 7839
1242 7845
1243 7851
1244 7857
1245 7863
1246 7869
1247 7875
1248 7881
1249 7887
1250 7893
1251 7899
1252 7905
1253 7911
1254 7917
1255 7923
1256 7929
1257 7935
1258 7941
1259 7947
1260 7953
1261 7958
1262 7964
1263 7970
1264 7976
1265 7982
1266 7988
1267 7994
1268 8000
1269 8007
1270 8013
1271 8019
1272 8025
1273 8031
1274 8037
1275 8043
1276 8049
1277 8055
1278 8061
1279 8067
1280 8073
1281 8079
1282 8085
1283 8091
1284 8097
1285 8102
1286 8108
1287 8114
1288 8120
1289 8126
1290 8132
1291 8138
1292 8144
1293 8150
1294 8156
1295 8162
1296 8168
1297 8174
1298 8180
1299 8186
1300 8192
1301 8198
1302 8204
1303 8210
1304 8216
1305 8222
1306 8228
1307 8234
1308 8240
1309 8246
1310 8253
1311 8259
1312 8265
1313 8271
1314 8277
1315 8283
1316 8289
1317 8295
1318 8300
1319 8306
1320 8312
1321 8318
1322 8324
1323 8330
1324 8336
1325 8342
1326 8348
1327 8354
1328 8360
1329 8366
1330 8372
1331 8378
1332 8384
1333 8390
1334 8396
1335 8402
1336 8408
1337 8414
1338 8420
1339 8426
1340 8432
1341 8438
1342 8444
1343 8450
1344 8455
1345 8459
1346 8465
1347 8471
1348 8477
1349 8483
1350 8489
1351 8495
1352 8501
1353 8507
1354 8513
1355 8519
1356 8525
1357 8531
1358 8537
1359 8543
1360 8549
1361 8555
1362 8561
1363 8567
1364 8573
1365 8579
1366 8585
1367 8592
1368 8598
1369 8604
1370 8610
1371 8616
1372 8622
1373 8628
1374 8634
1375 8640
1376 8646
1377 8652
1378 8658
1379 8664
1380 8670
1381 8676
1382 8682
1383 8687
1384 8693
1385 8699
1386 8705
1387 8711
1388 8717
1389 8723
1390 8729
1391 8735
1392 8742
1393 8748
1394 8754
1395 8760
1396 8766
1397 8772
1398 8778
1399 8784
1400 8790
1401 8796
1402 8802
1403 8808
1404 8814
1405 8820
1406 8826
1407 8832
1408 8838
1409 8844
1410 8850
1411 8856
1412 8862
1413 8868
1414 8874
1415 8880
1416 8886
1417 8892
1418 8898
1419 8904
1420 8910
1421 8916
1422 8922
1423 8928
1424 8934
1425 8940
1426 8946
1427 8952
1428 8958
1429 8964
1430 8970
1431 8976
1432 8982
1433 8988
1434 8994
1435 9000
1436 9006
1437 9012
1438 9018
1439 9024
1440 9030
1441 9036
1442 9042
1443 9048
1444 9054
1445 9060
1446 9066
1447 9072
1448 9078
1449 9084
1450 9090
1451 9096
1452 9102
1453 9108
1454 9114
1455 9120
1456 9126
1457 9132
1458 9138
1459 9144
1460 9150
1461 9156
1462 9162
1463 9168
1464 9174
1465 9180
1466 9186
1467 9192
1468 9198
1469 9204
1470 9210
1471 9216
1472 9222
1473 9228
1474 9234
1475 9240
1476 9246
1477 9252
1478 9258
1479 9264
1480 9270
1481 9276
1482 9282
1483 9288
1484 9294
1485 9300
1486 9306
1487 9312
1488 9318
1489 9324
1490 9330
1491 9336
1492 9342
1493 9348
1494 9354
1495 9360
1496 9366
1497 9372
1498 9378
1499 9384
1500 9390
1501 9396
1502 9402
1503 9408
1504 9414
1505 9420
1506 9426
1507 9432
1508 9438
1509 9444
1510 9450
1511 9456
1512 9462
1513 9468
1514 9474
1515 9480
1516 9486
1517 9492
1518 9498
1519 9504
1520 9510
1521 9516
1522 9522
1523 9527
1524 9531
1525 9537
1526 9543
1527 9549
1528 9555
1529 9561
1530 9567
1531 9573
1532 9579
1533 9585
1534 9591
1535 9597
1536 9603
1537 9609
1538 9615
1539 9621
1540 9627
1541 9633
1542 9639
1543 9645
1544 9651
1545 9657
1546 9663
1547 9669
1548 9675
1549 9681
1550 9687
1551 9693
1552 9699
1553 9705
1554 9711
1555 9717
1556 9723
1557 9729
1558 9735
1559 9741
1560 9747
1561 9753
1562 9759
1563 9765
1564 9771
1565 9777
1566 9783
1567 9789
1568 9795
1569 9801
1570 9807
1571 9813
1572 9819
1573 9825
1574 9831
1575 9837
1576 9843
1577 9849
1578 9855
1579 9861
1580 9867
1581 9873
1582 9879
1583 9885
1584 9891
1585 9897
1586 9903
1587 9909
1588 9915
1589 9921
1590 9927
1591 9933
1592 9939
1593 9945
1594 9951
1595 9957
1596 9962
1597 9968
1598 9974
1599 9980
1600 9986
1601 9992
1602 9998
1603 10004
1604 10011
1605 10017
1606 10023
1607 10029
1608 10035
1609 10041
1610 10047
1611 10053
1612 10059
1613 10065
1614 10071
1615 10077
1616 10083
1617 10089
1618 10095
1619 10101
1620 10106
1621 10112
1622 10118
1623 10124
1624 10130
1625 10136
1626 10142
1627 10148
1628 10155
1629 10161
1630 10167
1631 10173
1632 10179
1633 10185
1634 10191
1635 10197
1636 10203
1637 10209
1638 10215
1639 10221
1640 10227
1641 10233
1642 10239
1643 10245
1644 10251
1645 10257
1646 10263
1647 10269
1648 10275
1649 10281
1650 10287
1651 10293
1652 10299
1653 10305
1654 10311
1655 10317
1656 10323
1657 10329
1658 10335
1659 10341
1660 10347
1661 10353
1662 10359
1663 10365
1664 10371
1665 10377
1666 10383
1667 10389
1668 10395
1669 10401
1670 10407
1671 10413
1672 10419
1673 10425
1674 10431
1675 10437
1676 10443
1677 10449
1678 10455
1679 10461
1680 10467
1681 10473
1682 10479
1683 10485
1684 10491
1685 10497
1686 10503
1687 10509
1688 10515
1689 10521
1690 10527
1691 10533
1692 10539
1693 10545
1694 10551
1695 10557
1696 10563
1697 10569
1698 10575
1699 10581
1700 10587
1701 10593
1702 10599
1703 10605
1704 10611
1705 10617
1706 10623
1707 10629
1708 10635
1709 10641
1710 10647
1711 10653
1712 10659
1713 10665
1714 10671
1715 10677
1716 10683
1717 10689
1718 10695
1719 10701
1720 10707
1721 10713
1722 10719
1723 10725
1724 10731
1725 10737
1726 10743
1727 10749
1728 10755
1729 10761
1730 10767
1731 10773
1732 10779
1733 10785
1734 10791
1735 10797
1736 10803
1737 10809
1738 10815
1739 10821
1740 10827
1741 10833
1742 10839
1743 10845
1744 10851
1745 10857
1746 10863
1747 10869
1748 10875
1749 10881
1750 10887
1751 10893
1752 10899
1753 10905
1754 10911
1755 10917
1756 10923
1757 10929
1758 10935
1759 10941
1760 10947
1761 10953
1762 10959
1763 10965
1764 10971
1765 10977
1766 10983
1767 10989
1768 10995
1769 11001
1770 11007
1771 11013
1772 11019
1773 11025
1774 11031
1775 11037
1776 11043
1777 11049
1778 11055
1779 11061
1780 11067
1781 11073
1782 11079
1783 11085
1784 11091
1785 11097
1786 11103
1787 11109
1788 11115
1789 11121
1790 11127
1791 11133
1792 11139
1793 11145
1794 11151
1795 11157
1796 11163
1797 11169
1798 11175
1799 11181
1800 11187
1801 11193
1802 11199
1803 11205
1804 11211
1805 11217
1806 11223
1807 11229
1808 11235
1809 11241
1810 11247
1811 11253
1812 11259
1813 11265
1814 11271
1815 11277
1816 11283
1817 11289
1818 11295
1819 11301
1820 11307
1821 11313
1822 11319
1823 11325
1824 11331
1825 11337
1826 11343
1827 11349
1828 11355
1829 11361
1830 11367
1831 11373
1832 11379
1833 11385
1834 11391
1835 11397
1836 11403
1837 11409
1838 11415
1839 11421
1840 11427
1841 11433
1842 11439
1843 11445
1844 11451
1845 11457
1846 11463
1847 11469
1848 11475
1849 11481
1850 11487
1851 11493
1852 11499
1853 11505
1854 11511
1855 11517
1856 11523
1857 11529
1858 11535
1859 11541
1860 11547
1861 11553
1862 11559
1863 11565
1864 11571
1865 11577
1866 11583
1888 11589
1889 11595
1890 11601
1891 11607
1892 11613
1893 11619
1894 11625
1895 11631
1896 11637
1897 11643
1898 11649
1899 11655
1900 11661
1901 11667
1902 11673
1903 11679
1904 11685
1905 11691
1906 11697
1907 11703
1908 11709
1909 11715
1910 11721
1911 11727
1912 11733
1913 11739
1914 11745
1915 11751
1916 11757
1917 11763
1918 11769
1919 11775
1920 11781
1921 11787
1922 11793
1923 11799
1924 11805
1925 11811
1926 11817
1927 11823
1928 11829
1929 11835
1930 11841
1931 11847
1932 11853
1933 11859
1934 11865
1935 11871
1936 11877
1937 11883
1938 11889
1939 11895
1940 11901
1941 11907
1942 11913
1943 11919
1944 11925
1945 11931
1946 11937
1947 11943
1948 11949
1949 11955
1950 11961
1951 11967
1952 11973
1953 11979
1954 11985
1955 11991
1956 11997
1957 12003
1958 12009
1959 12015
1960 12021
1961 12027
1962 12033
1963 12039
1964 12045
1965 12051
1966 12057
1967 12063
1968 12069
1969 12075
1970 12081
1971 12087
1972 12093
1973 12099
1974 12105
1975 12111
1976 12117
1977 12123
1978 12129
1979 12135
1980 12141
1981 12147
1982 12153
1983 12159
1984 12165
1985 12171
1986 12177
1987 12183
1988 12189
1989 12195
1990 12201
1991 12207
1992 12213
1993 12219
1994 12225
1995 12231
1996 12237
1997 12243
1998 12249
1999 12255
2000 12261
2001 12267
2002 12273
2003 12279
2004 12285
2005 12291
2006 12297
2007 12303
2008 12309
2009 12315
2010 12321
2011 12327
2012 12333
2013 12339
2014 12345
2015 12351
2016 12357
2017 12363
2018 12369
2019 12375
2020 12381
2021 12387
2022 12393
2023 12399
2024 12405
2025 12411
2026 12417
2027 12423
2028 12429
2029 12435
2030 12441
2031 12447
2032 12453
2033 12459
2034 12465
2035 12471
2036 12477
2037 12483
2038 12489
2039 12495
2040 12501
2041 12507
2042 12513
2043 12519
2044 12525
2045 12531
2046 12537
2047 12543
2048 12549
2049 12555
2050 12561
2051 12567
2052 12573
2053 12579
2054 12585
2055 12591
2056 12597
2057 12603
2058 12609
2059 12615
2060 12621
2061 12627
2062 12633
2063 12639
2064 12645
2065 12651
2066 12657
2067 12663
2068 12669
2069 12675
2070 12681
2071 12687
2072 12693
2073 12699
2074 12705
2075 12711
2076 12717
2077 12723
2078 12729
2079 12735
2080 12741
2081 12747
2082 12753
2083 12759
2084 12765
2085 12771
2086 12777
2087 12783
2088 12789
2089 12795
2090 12801
2091 12807
2092 12810
2093 12815
2094 12821
2095 12827
2096 12833
2097 12839
2098 12845
2099 12851
2100 12857
2101 12863
2102 12869
2103 12875
2104 12881
2105 12887
2106 12893
2107 12899
2108 12905
2109 12908
2110 12914
2111 12920
2112 12926
2113 12932
2114 12938
2115 12944
2116 12950
2117 12956
2118 12962
2119 12968
2120 12974
2121 12980
2122 12986
2123 12992
2124 12998
2125 13004
2126 13010
2127 13016
2128 13022
2129 13028
2130 13034
2131 13040
2132 13046
2133 13052
2134 13058
2135 13064
2136 13070
2137 13076
2138 13082
2139 13088
2140 13094
2141 13100
2142 13106
2143 13112
2144 13118
2145 13124
2146 13130
2147 13136
2148 13142
2149 13148
2150 13154
2151 13160
2152 13166
2153 13172
2154 13178
2155 13184
2156 13190
2157 13196
2158 13202
2159 13208
2160 13214
2161 13220
2162 13226
2163 13232
2164 13238
2165 13244
2166 13250
2167 13256
2168 13262
2169 13268
2170 13274
2171 13280
2172 13286
2173 13292
2174 13298
2175 13304
2176 13310
2177 13316
2178 13322
2179 13328
2180 13334
2181 13340
2182 13346
2183 13352
2184 13358
2185 13364
2186 13370
2187 13376
2188 13382
2189 13388
2190 13394
2191 13400
2192 13406
2193 13412
2194 13418
2195 13424
2196 13430
2197 13436
2198 13442
2199 13448
2200 13454
2201 13460
2202 13466
2203 13472
2204 13478
2205 13484
2206 13490
2207 13496
2208 13502
2209 13508
2210 13514
2211 13520
2212 13526
2213 13532
2214 13538
2215 13544
2216 13550
2217 13556
2218 13562
2219 13568
2220 13574
2221 13580
2222 13586
2223 13592
2224 13598
2225 13604
2226 13610
2227 13616
2228 13622
2229 13628
2230 13634
2231 13640
2232 13646
2233 13652
2234 13658
2235 13664
2236 13670
2237 13676
2238 13682
2239 13688
2240 13694
2241 13700
2242 13706
2243 13712
2244 13718
2245 13724
2246 13730
2247 13736
2248 13742
2249 13748
2250 13754
2251 13760
2252 13766
2253 13772
2254 13778
2255 13784
2256 13790
2257 13796
2258 13802
2259 13808
2260 13814
2261 13820
2262 13826
2263 13832
2264 13838
2265 13844
2266 13850
2267 13856
2268 13862
2269 13868
2270 13874
2271 13880
2272 13886
2273 13892
2274 13898
2275 13904
2276 13910
2277 13916
2278 13922
2279 13928
2280 13934
2281 13940
2282 13946
2283 13952
2284 13958
2285 13964
2286 13967
2287 13973
2288 13979
2289 13985
2290 13988
2291 13994
2292 14000
2293 14006
2294 14012
2295 14018
2296 14024
2297 14027
2298 14033
2299 14039
2300 14045
2301 14051
2302 14057
2303 14063
2304 14069
2305 14075
2306 14081
2307 14087
2308 14093
2309 14099
2310 14105
2311 14111
2312 14117
2313 14122
2314 14123
2315 14124
2316 14125
2317 14126
2318 14130
2319 14136
2320 14139
2321 14145
2322 14151
2323 14157
2324 14163
2325 14169
2326 14175
2327 14181
2328 14187
2329 14193
2330 14199
2331 14205
2332 14211
2333 14217
2334 14223
2335 14229
2336 14235
2337 14241
2338 14247
2339 14253
2340 14259
2341 14265
2342 14271
2343 14277
2344 14283
2345 14289
2346 14295
2347 14301
2348 14307
2349 14313
2350 14319
2351 14325
2352 14331
2353 14337
2354 14343
2355 14349
2356 14355
2357 14361
2358 14367
2359 14373
2360 14379
2361 14385
2362 14391
2363 14397
2364 14403
2365 14409
2366 14415
2367 14421
2368 14427
2369 14433
2370 14439
2371 14445
2372 14451
2373 14457
2374 14463
2375 14469
2376 14475
2377 14481
2378 14487
2379 14493
2380 14499
2381 14505
2382 14511
2383 14517
2384 14523
2385 14529
2386 14535
2387 14541
2388 14547
2389 14553
2390 14559
2391 14565
2392 14571
2393 14577
2394 14583
2395 14589
2396 14595
2397 14601
2398 14607
2399 14613
2400 14619
2401 14625
2402 14631
2403 14637
2404 14643
2405 14649
2406 14655
2407 14661
2408 14667
2409 14673
2410 14679
2411 14685
2412 14691
2413 14697
2414 14703
2415 14709
2416 14715
2417 14721
2418 14727
2419 14733
2420 14739
2421 14745
2422 14751
2423 14757
2424 14763
2425 14769
2426 14775
2427 14781
2428 14787
2429 14793
2430 14799
2431 14805
2432 14811
2433 14817
2434 14823
2435 14829
2436 14835
2437 14841
2438 14847
2439 14853
2440 14859
2441 14865
2442 14871
2443 14877
2444 14883
2445 14889
2446 14895
2447 14901
2448 14907
2449 14913
2450 14919
2451 14925
2452 14931
2453 14937
2454 14943
2455 14949
2456 14955
2457 14961
2458 14967
2459 14973
2460 14979
2461 14985
2462 14991
2463 14997
2464 15003
2465 15009
2466 15015
2467 15021
2468 15027
2469 15033
2470 15039
2471 15045
2472 15051
2473 15057
2474 15063
2475 15069
2476 15075
2477 15081
2478 15087
2479 15093
2480 15099
2481 15105
2482 15111
2483 15117
2484 15123
2485 15129
2486 15135
2487 15141
2488 15147
2489 15153
2490 15159
2491 15165
2492 15171
2493 15177
2494 15183
2495 15189
2496 15195
2497 15201
2498 15207
2499 15213
2500 15219
2501 15225
2502 15231
2503 15237
2504 15243
2505 15249
2506 15255
2507 15261
2508 15267
2509 15273
2510 15279
2511 15285
2512 15291
2513 15297
2514 15303
2515 15309
2516 15315
2517 15321
2518 15327
2519 15333
2520 15339
2521 15345
2522 15351
2523 15357
2524 15363
2525 15369
2526 15375
2527 15381
2528 15387
2529 15393
2530 15399
2531 15405
2532 15411
2533 15417
2534 15423
2535 15429
2536 15435
2537 15441
2538 15447
2539 15453
2540 15459
2541 15465
2542 15471
2543 15477
2544 15483
2545 15489
2546 15495
2547 15501
2548 15507
2549 15513
2550 15519
2551 15525
2552 15531
2553 15537
2554 15543
2555 15549
2556 15555
2557 15561
2558 15567
2559 15573
2560 15579
2561 15585
2562 15591
2563 15597
2564 15603
2565 15609
2566 15615
2567 15621
2568 15627
2569 15633
2570 15639
2571 15645
2572 15651
2573 15657
2574 15663
2575 15669
2576 15675
2577 15681
2578 15687
2579 15693
2580 15699
2581 15705
2582 15711
2583 15717
2584 15723
2585 15729
2586 15735
2587 15741
2588 15747
2589 15753
2590 15759
2591 15765
2592 15771
2593 15777
2594 15783
2595 15789
2596 15795
2597 15801
2598 15807
2599 15813
2600 15819
2601 15825
2602 15831
2603 15837
2604 15843
2605 15849
2606 15855
2607 15861
2608 15867
2609 15873
2610 15879
2611 15885
2612 15891
2613 15897
2614 15903
2615 15909
2616 15915
2617 15921
2618 15927
2619 15933
2620 15939
2621 15945
2622 15951
2623 15957
2624 15963
2625 15969
2626 15975
2627 15981
2628 15987
2629 15993
2630 15999
2631 16005
2632 16011
2633 16017
2634 16023
2635 16029
2636 16035
2637 16041
2638 16047
2639 16053
2640 16059
2641 16065
2642 16071
2643 16077
2644 16083
2645 16089
2646 16095
2647 16101
2648 16107
2649 16113
2650 16119
2651 16125
2652 16131
2653 16137
2654 16143
2655 16149
2656 16155
2657 16161
2658 16167
2659 16173
2660 16179
2661 16185
2662 16191
2663 16197
2664 16203
2665 16209
2666 16215
2667 16221
2668 16227
2669 16233
2670 16239
2671 16245
2672 16251
2673 16257
2674 16263
2675 16269
2676 16275
2677 16281
2678 16287
2679 16293
2680 16299
2681 16305
2682 16311
2683 16317
2684 16323
2685 16329
2686 16335
2687 16341
2688 16347
2689 16353
2690 16359
2691 16365
2692 16371
2693 16377
2694 16383
2695 16389
2696 16395
2697 16401
2698 16407
2699 16413
2700 16419
2701 16425
2702 16431
2703 16437
2704 16443
2705 16449
2706 16455
2707 16461
2708 16467
2709 16473
2710 16479
2711 16485
2712 16491
2713 16497
2714 16503
2715 16509
2716 16515
2717 16521
2718 16527
2719 16533
2720 16539
