0 1579
1 1585
2 1591
3 1597
4 1603
5 1609
6 1615
7 1621
8 1627
9 1633
10 1639
11 1645
12 1651
13 1657
14 1663
15 1669
16 1675
17 1681
18 1687
19 1693
20 1699
21 1705
22 1711
23 1717
24 1723
25 1729
26 1735
27 1741
28 1747
29 1753
30 1759
31 1765
32 1771
33 1777
34 1783
35 1789
36 1795
37 1801
38 1807
39 1813
40 1819
41 1825
42 1831
43 1837
44 1843
45 1849
46 1855
47 1861
48 1867
49 1873
50 1879
51 1885
52 1891
53 1897
54 1903
55 1909
56 1915
57 1921
58 1927
59 1933
60 1939
61 1945
62 1951
63 1957
64 1963
65 1969
66 1975
67 1981
68 1987
69 1993
70 1999
71 2005
72 2011
73 2017
74 2023
75 2029
76 2035
77 2041
78 2047
79 2053
80 2059
81 2065
82 2071
83 2077
84 2083
85 2089
86 2095
87 2101
88 2107
89 2113
90 2119
91 2125
92 2131
93 2137
94 2143
95 2149
96 2155
97 2161
98 2167
99 2173
100 2179
101 2185
102 2191
103 2197
104 2203
105 2209
106 2215
107 2221
108 2227
109 2233
110 2239
111 2245
112 2251
113 2257
114 2263
115 2269
116 2275
117 2281
118 2287
119 2293
120 2299
121 2305
122 2311
123 2317
124 2323
125 2329
126 2335
127 2341
128 2347
129 2353
130 2359
131 2365
132 2371
133 2377
134 2383
135 2389
136 2395
137 2401
138 2407
139 2413
140 2419
141 2425
142 2431
143 2437
144 2443
145 2449
146 2455
147 2461
148 2467
149 2473
150 2479
151 2485
152 2491
153 2497
154 2503
155 2509
156 2515
157 2521
158 2527
159 2533
160 2539
161 2545
162 2551
163 2557
164 2563
165 2569
166 2575
167 2581
168 2587
169 2593
170 2599
171 2605
172 2611
173 2617
174 2623
175 2629
176 2635
177 2641
178 2647
179 2653
180 2659
181 2665
182 2671
183 2677
184 2683
185 2689
186 2695
187 2701
188 2707
189 2713
190 2719
191 2725
192 2731
193 2737
194 2743
195 2749
196 2755
197 2761
198 2767
199 2773
200 2779
201 2785
202 2791
203 2797
204 2803
205 2809
206 2815
207 2821
208 2827
209 2833
210 2839
211 2845
212 2851
213 2857
214 2863
215 2869
216 2875
217 2881
218 2887
219 2893
220 2899
221 2905
222 2911
223 2917
224 2923
225 2929
226 2935
227 2941
228 2947
229 2953
230 2959
231 2965
232 2971
233 2977
234 2983
235 2989
236 2995
237 3001
238 3007
239 3013
240 3019
241 3025
242 3031
243 3037
244 3043
245 3049
246 3055
247 3061
248 3067
249 3073
250 3079
251 3085
252 3091
253 3097
254 3103
255 3109
256 3115
257 3121
258 3127
259 3133
260 3139
261 3145
262 3151
263 3157
264 3163
265 3169
266 3175
267 3181
268 3187
269 3193
270 3199
271 3205
272 3211
273 3217
274 3223
275 3229
276 3235
277 3241
278 3247
279 3253
280 3259
281 3265
282 3271
283 3277
284 3283
285 3289
286 3295
287 3301
288 3307
289 3313
290 3319
291 3325
292 3331
293 3337
294 3343
295 3349
296 3355
297 3361
298 3367
299 3373
300 3379
301 3385
302 3391
303 3397
304 3403
305 3409
306 3415
307 3421
308 3427
309 3433
310 3439
311 3445
312 3451
313 3457
314 3463
315 3469
316 3475
317 3481
318 3487
319 3493
320 3499
321 3505
322 3511
323 3517
324 3523
325 3529
326 3535
327 3541
328 3547
329 3553
330 3559
331 3565
332 3571
333 3577
334 3583
335 3589
336 3595
337 3601
338 3607
339 3613
340 3619
341 3625
342 3631
343 3637
344 3643
345 3649
346 3655
347 3661
348 3667
349 3673
350 3679
351 3685
352 3691
353 3697
354 3703
355 3709
356 3715
357 3721
358 3727
359 3733
360 3739
361 3745
362 3751
363 3757
364 3763
365 3769
366 3775
367 3781
368 3787
369 3793
370 3799
371 3805
372 3811
373 3817
374 3823
375 3829
376 3835
377 3841
378 3847
379 3853
380 3859
381 3865
382 3871
383 3877
384 3883
385 3889
386 3895
387 3901
388 3907
389 3913
390 3919
391 3925
392 3931
393 3937
394 3943
395 3949
396 3955
397 3961
398 3967
399 3973
400 3979
401 3985
402 3991
403 3997
404 4003
405 4009
406 4015
407 4021
408 4027
409 4033
410 4039
411 4045
412 4051
413 4057
414 4063
415 4069
416 4075
417 4081
418 4087
419 4093
420 4099
421 4105
422 4111
423 4117
424 4123
425 4129
426 4135
427 4141
428 4147
429 4153
430 4159
431 4165
432 4171
433 4177
434 4183
435 4189
436 4195
437 4201
438 4207
439 4213
440 4219
441 4225
442 4231
443 4237
444 4243
445 4249
446 4255
447 4261
448 4267
449 4273
450 4279
451 4285
452 4291
453 4297
454 4303
455 4309
456 4315
457 4321
458 4327
459 4333
460 4339
461 4345
462 4351
463 4357
464 4363
465 4369
466 4375
467 4381
468 4387
469 4393
470 4399
471 4405
472 4411
473 4417
474 4423
475 4429
476 4435
477 4441
478 4447
479 4453
480 4459
481 4465
482 4471
483 4477
484 4483
485 4489
486 4495
487 4501
488 4507
489 4513
490 4519
491 4525
492 4531
493 4537
494 4543
495 4549
496 4555
497 4561
498 4567
499 4573
500 4579
501 4585
502 4591
503 4597
504 4603
505 4609
506 4615
507 4621
508 4627
509 4633
510 4639
511 4645
512 4651
513 4657
514 4663
515 4669
516 4675
517 4681
518 4687
519 4693
520 4699
521 4705
522 4711
523 4717
524 4723
525 4729
526 4735
527 4741
528 4747
529 4753
530 4759
531 4765
532 4771
533 4777
534 4783
535 4789
536 4795
537 4801
538 4807
539 4813
540 4819
541 4825
542 4831
543 4837
544 4843
545 4849
546 4855
547 4856
548 4862
549 4868
550 4874
556 4877
557 4881
558 4884
559 4890
560 4895
561 4901
562 4904
563 4907
564 4913
565 4919
566 4925
567 4931
568 4937
569 4943
570 4949
571 4955
572 4961
573 4967
574 4973
575 4979
576 4985
577 4991
578 4997
579 5003
580 5009
581 5015
582 5021
583 5027
584 5033
585 5039
586 5045
587 5051
588 5057
589 5063
590 5069
591 5075
592 5081
593 5087
594 5093
595 5099
596 5105
597 5111
598 5117
599 5123
600 5129
601 5135
602 5141
603 5147
604 5153
605 5159
606 5165
607 5171
608 5177
609 5183
610 5189
611 5195
612 5201
613 5207
614 5213
615 5219
616 5225
617 5231
618 5237
619 5243
620 5249
621 5255
622 5261
623 5267
624 5273
625 5279
626 5285
627 5291
628 5297
629 5303
630 5309
631 5315
632 5321
633 5327
634 5333
635 5339
636 5345
637 5351
638 5357
639 5363
640 5369
641 5375
642 5381
643 5387
644 5393
645 5399
646 5405
647 5411
648 5417
649 5423
650 5429
651 5435
652 5441
653 5447
654 5453
655 5459
656 5465
657 5471
658 5477
659 5483
660 5489
661 5495
662 5501
663 5507
664 5513
665 5519
666 5525
667 5531
668 5537
669 5543
670 5549
671 5555
672 5561
673 5567
674 5573
675 5579
676 5585
677 5591
678 5597
679 5603
680 5609
681 5615
682 5621
683 5627
684 5633
685 5639
686 5645
687 5651
688 5657
689 5663
690 5669
691 5675
692 5681
693 5687
694 5693
695 5699
698 5704
701 5705
702 5710
704 5714
705 5719
706 5725
707 5731
708 5737
709 5743
710 5749
711 5755
712 5761
713 5767
714 5773
715 5779
716 5785
717 5791
718 5797
719 5803
720 5809
721 5815
722 5821
723 5827
724 5833
725 5839
726 5842
727 5848
728 5854
729 5860
730 5866
731 5872
732 5878
733 5884
734 5890
735 5896
736 5902
737 5908
738 5914
739 5920
740 5926
741 5932
742 5938
743 5944
744 5950
745 5956
746 5962
747 5968
748 5974
749 5980
750 5986
751 5992
752 5998
753 6004
754 6010
755 6016
756 6022
757 6028
758 6034
759 6040
760 6046
761 6052
762 6058
763 6064
764 6070
765 6076
766 6082
767 6088
768 6094
769 6100
770 6106
771 6112
772 6118
773 6124
774 6130
775 6136
776 6142
777 6148
778 6154
779 6160
780 6166
781 6172
782 6178
783 6184
784 6190
785 6196
786 6202
787 6208
788 6214
789 6220
790 6226
791 6232
792 6238
793 6244
794 6250
795 6256
796 6262
797 6268
798 6274
799 6280
800 6286
801 6292
802 6298
803 6304
804 6310
805 6316
806 6322
807 6328
808 6334
809 6340
810 6346
811 6352
812 6358
813 6364
814 6370
815 6376
816 6382
817 6388
818 6394
819 6400
820 6406
821 6412
822 6418
823 6424
824 6430
825 6436
826 6442
827 6448
828 6454
829 6460
830 6466
831 6472
832 6478
833 6484
834 6490
835 6496
836 6502
837 6508
838 6514
839 6520
840 6526
841 6532
842 6538
843 6544
844 6550
845 6556
846 6562
847 6567
848 6569
849 6575
850 6581
851 6587
852 6593
854 6600
855 6606
856 6612
857 6618
858 6624
859 6630
860 6636
861 6642
862 6648
863 6654
864 6660
865 6666
866 6672
867 6678
868 6684
869 6691
870 6697
871 6703
872 6709
873 6715
874 6721
875 6727
876 6733
877 6738
878 6744
879 6750
880 6756
881 6762
882 6768
883 6774
884 6780
885 6786
886 6792
887 6798
888 6804
889 6810
890 6816
891 6822
892 6828
893 6834
894 6840
895 6846
896 6852
897 6858
898 6864
899 6870
900 6876
901 6882
902 6888
903 6894
904 6900
905 6906
906 6912
907 6918
908 6924
909 6930
910 6936
911 6942
912 6948
913 6954
914 6960
915 6966
916 6972
917 6978
918 6985
919 6991
920 6997
921 7003
922 7009
923 7015
924 7021
925 7027
926 7033
927 7039
928 7045
929 7051
930 7057
931 7063
932 7069
933 7075
934 7080
935 7086
936 7092
937 7098
938 7104
939 7110
940 7116
941 7122
942 7128
943 7134
944 7140
945 7146
946 7152
947 7158
948 7164
949 7170
950 7176
951 7182
952 7188
953 7194
954 7200
955 7206
956 7212
957 7218
958 7224
959 7230
960 7236
961 7242
962 7248
963 7254
964 7260
965 7266
966 7272
967 7278
968 7284
969 7290
970 7296
971 7302
972 7308
973 7314
974 7320
975 7326
976 7332
977 7338
978 7344
979 7350
980 7356
981 7362
982 7368
983 7374
984 7380
985 7386
986 7392
987 7398
988 7404
989 7410
990 7416
991 7422
992 7428
993 7434
994 7440
995 7446
996 7452
997 7458
998 7464
999 7470
1000 7476
1001 7482
1002 7488
1003 7494
1004 7500
1005 7506
1006 7512
1007 7518
1008 7524
1009 7530
1010 7536
1011 7542
1012 7548
1013 7554
1014 7560
1015 7566
1016 7572
1017 7578
1018 7584
1019 7590
1020 7596
1021 7602
1022 7608
1023 7614
1024 7620
1025 7626
1026 7632
1027 7638
1028 7644
1045 7645
1046 7649
1047 7655
1048 7661
1049 7667
1050 7673
1051 7679
1052 7685
1053 7691
1054 7697
1055 7703
1056 7706
1057 7712
1058 7718
1059 7724
1060 7730
1061 7736
1062 7742
1063 7748
1064 7754
1065 7761
1066 7767
1067 7773
1068 7779
1069 7785
1070 7791
1071 7797
1072 7803
1073 7809
1074 7815
1075 7821
1076 7827
1077 7833
1078 7839
1079 7845
1080 7851
1081 7857
1082 7863
1083 7869
1084 7875
1085 7881
1086 7887
1087 7893
1088 7899
1089 7905
1090 7911
1091 7917
1092 7923
1093 7929
1094 7935
1095 7941
1096 7947
1097 7953
1098 7958
1099 7964
1100 7970
1101 7976
1102 7982
1103 7988
1104 7994
1105 8000
1106 8007
1107 8013
1108 8019
1109 8025
1110 8031
1111 8037
1112 8043
1113 8049
1114 8055
1115 8061
1116 8067
1117 8073
1118 8079
1119 8085
1120 8091
1121 8097
1122 8102
1123 8108
1124 8114
1125 8120
1126 8126
1127 8132
1128 8138
1129 8144
1130 8150
1131 8156
1132 8162
1133 8168
1134 8174
1135 8180
1136 8186
1137 8192
1138 8198
1139 8204
1140 8210
1141 8216
1142 8222
1143 8228
1144 8234
1145 8240
1146 8246
1147 8253
1148 8259
1149 8265
1150 8271
1151 8277
1152 8283
1153 8289
1154 8295
1155 8300
1156 8306
1157 8312
1158 8318
1159 8324
1160 8330
1161 8336
1162 8342
1163 8348
1164 8354
1165 8360
1166 8366
1167 8372
1168 8378
1169 8384
1170 8390
1171 8396
1172 8402
1173 8408
1174 8414
1175 8420
1176 8426
1177 8432
1178 8438
1179 8444
1180 8450
1181 8455
1182 8459
1183 8465
1184 8471
1185 8477
1186 8483
1187 8489
1188 8495
1189 8501
1190 8507
1191 8513
1192 8519
1193 8525
1194 8531
1195 8537
1196 8543
1197 8549
1198 8555
1199 8561
1200 8567
1201 8573
1202 8579
1203 8585
1204 8592
1205 8598
1206 8604
1207 8610
1208 8616
1209 8622
1210 8628
1211 8634
1212 8640
1213 8646
1214 8652
1215 8658
1216 8664
1217 8670
1218 8676
1219 8682
1220 8687
1221 8693
1222 8699
1223 8705
1224 8711
1225 8717
1226 8723
1227 8729
1228 8735
1229 8742
1230 8748
1231 8754
1232 8760
1233 8766
1234 8772
1235 8778
1236 8784
1237 8790
1238 8796
1239 8802
1240 8808
1241 8814
1242 8820
1243 8826
1244 8832
1245 8838
1246 8844
1247 8850
1248 8856
1249 8862
1250 8868
1251 8874
1252 8880
1253 8886
1254 8892
1255 8898
1256 8904
1257 8910
1258 8916
1259 8922
1260 8928
1261 8934
1262 8940
1263 8946
1264 8952
1265 8958
1266 8964
1267 8970
1268 8976
1269 8982
1270 8988
1271 8994
1272 9000
1273 9006
1274 9012
1275 9018
1276 9024
1277 9030
1278 9036
1279 9042
1280 9048
1281 9054
1282 9060
1283 9066
1284 9072
1285 9078
1286 9084
1287 9090
1288 9096
1289 9102
1290 9108
1291 9114
1292 9120
1293 9126
1294 9132
1295 9138
1296 9144
1297 9150
1298 9156
1299 9162
1300 9168
1301 9174
1302 9180
1303 9186
1304 9192
1305 9198
1306 9204
1307 9210
1308 9216
1309 9222
1310 9228
1311 9234
1312 9240
1313 9246
1314 9252
1315 9258
1316 9264
1317 9270
1318 9276
1319 9282
1320 9288
1321 9294
1322 9300
1323 9306
1324 9312
1325 9318
1326 9324
1327 9330
1328 9336
1329 9342
1330 9348
1331 9354
1332 9360
1333 9366
1334 9372
1335 9378
1336 9384
1337 9390
1338 9396
1339 9402
1340 9408
1341 9414
1342 9420
1343 9426
1344 9432
1345 9438
1346 9444
1347 9450
1348 9456
1349 9462
1350 9468
1351 9474
1352 9480
1353 9486
1354 9492
1355 9498
1356 9504
1357 9510
1358 9516
1359 9522
1360 9527
1361 9531
1362 9537
1363 9543
1364 9549
1365 9555
1366 9561
1367 9567
1368 9573
1369 9579
1370 9585
1371 9591
1372 9597
1373 9603
1374 9609
1375 9615
1376 9621
1377 9627
1378 9633
1379 9639
1380 9645
1381 9651
1382 9657
1383 9663
1384 9669
1385 9675
1386 9681
1387 9687
1388 9693
1389 9699
1390 9705
1391 9711
1392 9717
1393 9723
1394 9729
1395 9735
1396 9741
1397 9747
1398 9753
1399 9759
1400 9765
1401 9771
1402 9777
1403 9783
1404 9789
1405 9795
1406 9801
1407 9807
1408 9813
1409 9819
1410 9825
1411 9831
1412 9837
1413 9843
1414 9849
1415 9855
1416 9861
1417 9867
1418 9873
1419 9879
1420 9885
1421 9891
1422 9897
1423 9903
1424 9909
1425 9915
1426 9921
1427 9927
1428 9933
1429 9939
1430 9945
1431 9951
1432 9957
1433 9962
1434 9968
1435 9974
1436 9980
1437 9986
1438 9992
1439 9998
1440 10004
1441 10011
1442 10017
1443 10023
1444 10029
1445 10035
1446 10041
1447 10047
1448 10053
1449 10059
1450 10065
1451 10071
1452 10077
1453 10083
1454 10089
1455 10095
1456 10101
1457 10106
1458 10112
1459 10118
1460 10124
1461 10130
1462 10136
1463 10142
1464 10148
1465 10155
1466 10161
1467 10167
1468 10173
1469 10179
1470 10185
1471 10191
1472 10197
1473 10203
1474 10209
1475 10215
1476 10221
1477 10227
1478 10233
1479 10239
1480 10245
1481 10251
1482 10257
1483 10263
1484 10269
1485 10275
1486 10281
1487 10287
1488 10293
1489 10299
1490 10305
1491 10311
1492 10317
1493 10323
1494 10329
1495 10335
1496 10341
1497 10347
1498 10353
1499 10359
1500 10365
1501 10371
1502 10377
1503 10383
1504 10389
1505 10395
1506 10401
1507 10407
1508 10413
1509 10419
1510 10425
1511 10431
1512 10437
1513 10443
1514 10449
1515 10455
1516 10461
1517 10467
1518 10473
1519 10479
1520 10485
1521 10491
1522 10497
1523 10503
1524 10509
1525 10515
1526 10521
1527 10527
1528 10533
1529 10539
1530 10545
1531 10551
1532 10557
1533 10563
1534 10569
1535 10575
1536 10581
1537 10587
1538 10593
1539 10599
1540 10605
1541 10611
1542 10617
1543 10623
1544 10629
1545 10635
1546 10641
1547 10647
1548 10653
1549 10659
1550 10665
1551 10671
1552 10677
1553 10683
1554 10689
1555 10695
1556 10701
1557 10707
1558 10713
1559 10719
1560 10725
1561 10731
1562 10737
1563 10743
1564 10749
1565 10755
1566 10761
1567 10767
1568 10773
1569 10779
1570 10785
1571 10791
1572 10797
1573 10803
1574 10809
1575 10815
1576 10821
1577 10827
1578 10833
1579 10839
1580 10845
1581 10851
1582 10857
1583 10863
1584 10869
1585 10875
1586 10881
1587 10887
1588 10893
1589 10899
1590 10905
1591 10911
1592 10917
1593 10923
1594 10929
1595 10935
1596 10941
1597 10947
1598 10953
1599 10959
1600 10965
1601 10971
1602 10977
1603 10983
1604 10989
1605 10995
1606 11001
1607 11007
1608 11013
1609 11019
1610 11025
1611 11031
1612 11037
1613 11043
1614 11049
1615 11055
1616 11061
1617 11067
1618 11073
1619 11079
1620 11085
1621 11091
1622 11097
1623 11103
1624 11109
1625 11115
1626 11121
1627 11127
1628 11133
1629 11139
1630 11145
1631 11151
1632 11157
1633 11163
1634 11169
1635 11175
1636 11181
1637 11187
1638 11193
1639 11199
1640 11205
1641 11211
1642 11217
1643 11223
1644 11229
1645 11235
1646 11241
1647 11247
1648 11253
1649 11259
1650 11265
1651 11271
1652 11277
1653 11283
1654 11289
1655 11295
1656 11301
1657 11307
1658 11313
1659 11319
1660 11325
1661 11331
1662 11337
1663 11343
1664 11349
1665 11355
1666 11361
1667 11367
1668 11373
1669 11379
1670 11385
1671 11391
1672 11397
1673 11403
1674 11409
1675 11415
1676 11421
1677 11427
1678 11433
1679 11439
1680 11445
1681 11451
1682 11457
1683 11463
1684 11469
1685 11475
1686 11481
1687 11487
1688 11493
1689 11499
1690 11505
1691 11511
1692 11517
1693 11523
1694 11529
1695 11535
1696 11541
1697 11547
1698 11553
1699 11559
1700 11565
1701 11571
1702 11577
1703 11583
1725 11589
1726 11595
1727 11601
1728 11607
1729 11613
1730 11619
1731 11625
1732 11631
1733 11637
1734 11643
1735 11649
1736 11655
1737 11661
1738 11667
1739 11673
1740 11679
1741 11685
1742 11691
1743 11697
1744 11703
1745 11709
1746 11715
1747 11721
1748 11727
1749 11733
1750 11739
1751 11745
1752 11751
1753 11757
1754 11763
1755 11769
1756 11775
1757 11781
1758 11787
1759 11793
1760 11799
1761 11805
1762 11811
1763 11817
1764 11823
1765 11829
1766 11835
1767 11841
1768 11847
1769 11853
1770 11859
1771 11865
1772 11871
1773 11877
1774 11883
1775 11889
1776 11895
1777 11901
1778 11907
1779 11913
1780 11919
1781 11925
1782 11931
1783 11937
1784 11943
1785 11949
1786 11955
1787 11961
1788 11967
1789 11973
1790 11979
1791 11985
1792 11991
1793 11997
1794 12003
1795 12009
1796 12015
1797 12021
1798 12027
1799 12033
1800 12039
1801 12045
1802 12051
1803 12057
1804 12063
1805 12069
1806 12075
1807 12081
1808 12087
1809 12093
1810 12099
1811 12105
1812 12111
1813 12117
1814 12123
1815 12129
1816 12135
1817 12141
1818 12147
1819 12153
1820 12159
1821 12165
1822 12171
1823 12177
1824 12183
1825 12189
1826 12195
1827 12201
1828 12207
1829 12213
1830 12219
1831 12225
1832 12231
1833 12237
1834 12243
1835 12249
1836 12255
1837 12261
1838 12267
1839 12273
1840 12279
1841 12285
1842 12291
1843 12297
1844 12303
1845 12309
1846 12315
1847 12321
1848 12327
1849 12333
1850 12339
1851 12345
1852 12351
1853 12357
1854 12363
1855 12369
1856 12375
1857 12381
1858 12387
1859 12393
1860 12399
1861 12405
1862 12411
1863 12417
1864 12423
1865 12429
1866 12435
1867 12441
1868 12447
1869 12453
1870 12459
1871 12465
1872 12471
1873 12477
1874 12483
1875 12489
1876 12495
1877 12501
1878 12507
1879 12513
1880 12519
1881 12525
1882 12531
1883 12537
1884 12543
1885 12549
1886 12555
1887 12561
1888 12567
1889 12573
1890 12579
1891 12585
1892 12591
1893 12597
1894 12603
1895 12609
1896 12615
1897 12621
1898 12627
1899 12633
1900 12639
1901 12645
1902 12651
1903 12657
1904 12663
1905 12669
1906 12675
1907 12681
1908 12687
1909 12693
1910 12699
1911 12705
1912 12711
1913 12717
1914 12723
1915 12729
1916 12735
1917 12741
1918 12747
1919 12753
1920 12759
1921 12765
1922 12771
1923 12777
1924 12783
1925 12789
1926 12795
1927 12801
1928 12807
1929 12810
1930 12815
1931 12821
1932 12827
1933 12833
1934 12839
1935 12845
1936 12851
1937 12857
1938 12863
1939 12869
1940 12875
1941 12881
1942 12887
1943 12893
1944 12899
1945 12905
1946 12908
1947 12914
1948 12920
1949 12926
1950 12932
1951 12938
1952 12944
1953 12950
1954 12956
1955 12962
1956 12968
1957 12974
1958 12980
1959 12986
1960 12992
1961 12998
1962 13004
1963 13010
1964 13016
1965 13022
1966 13028
1967 13034
1968 13040
1969 13046
1970 13052
1971 13058
1972 13064
1973 13070
1974 13076
1975 13082
1976 13088
1977 13094
1978 13100
1979 13106
1980 13112
1981 13118
1982 13124
1983 13130
1984 13136
1985 13142
1986 13148
1987 13154
1988 13160
1989 13166
1990 13172
1991 13178
1992 13184
1993 13190
1994 13196
1995 13202
1996 13208
1997 13214
1998 13220
1999 13226
2000 13232
2001 13238
2002 13244
2003 13250
2004 13256
2005 13262
2006 13268
2007 13274
2008 13280
2009 13286
2010 13292
2011 13298
2012 13304
2013 13310
2014 13316
2015 13322
2016 13328
2017 13334
2018 13340
2019 13346
2020 13352
2021 13358
2022 13364
2023 13370
2024 13376
2025 13382
2026 13388
2027 13394
2028 13400
2029 13406
2030 13412
2031 13418
2032 13424
2033 13430
2034 13436
2035 13442
2036 13448
2037 13454
2038 13460
2039 13466
2040 13472
2041 13478
2042 13484
2043 13490
2044 13496
2045 13502
2046 13508
2047 13514
2048 13520
2049 13526
2050 13532
2051 13538
2052 13544
2053 13550
2054 13556
2055 13562
2056 13568
2057 13574
2058 13580
2059 13586
2060 13592
2061 13598
2062 13604
2063 13610
2064 13616
2065 13622
2066 13628
2067 13634
2068 13640
2069 13646
2070 13652
2071 13658
2072 13664
2073 13670
2074 13676
2075 13682
2076 13688
2077 13694
2078 13700
2079 13706
2080 13712
2081 13718
2082 13724
2083 13730
2084 13736
2085 13742
2086 13748
2087 13754
2088 13760
2089 13766
2090 13772
2091 13778
2092 13784
2093 13790
2094 13796
2095 13802
2096 13808
2097 13814
2098 13820
2099 13826
2100 13832
2101 13838
2102 13844
2103 13850
2104 13856
2105 13862
2106 13868
2107 13874
2108 13880
2109 13886
2110 13892
2111 13898
2112 13904
2113 13910
2114 13916
2115 13922
2116 13928
2117 13934
2118 13940
2119 13946
2120 13952
2121 13958
2122 13964
2123 13967
2124 13973
2125 13979
2126 13985
2127 13988
2128 13994
2129 14000
2130 14006
2131 14012
2132 14018
2133 14024
2134 14027
2135 14033
2136 14039
2137 14045
2138 14051
2139 14057
2140 14063
2141 14069
2142 14075
2143 14081
2144 14087
2145 14093
2146 14099
2147 14105
2148 14111
2149 14117
2150 14122
2151 14123
2152 14124
2153 14125
2154 14126
2155 14130
2156 14136
2157 14139
2158 14145
2159 14151
2160 14157
2161 14163
2162 14169
2163 14175
2164 14181
2165 14187
2166 14193
2167 14199
2168 14205
2169 14211
2170 14217
2171 14223
2172 14229
2173 14235
2174 14241
2175 14247
2176 14253
2177 14259
2178 14265
2179 14271
2180 14277
2181 14283
2182 14289
2183 14295
2184 14301
2185 14307
2186 14313
2187 14319
2188 14325
2189 14331
2190 14337
2191 14343
2192 14349
2193 14355
2194 14361
2195 14367
2196 14373
2197 14379
2198 14385
2199 14391
2200 14397
2201 14403
2202 14409
2203 14415
2204 14421
2205 14427
2206 14433
2207 14439
2208 14445
2209 14451
2210 14457
2211 14463
2212 14469
2213 14475
2214 14481
2215 14487
2216 14493
2217 14499
2218 14505
2219 14511
2220 14517
2221 14523
2222 14529
2223 14535
2224 14541
2225 14547
2226 14553
2227 14559
2228 14565
2229 14571
2230 14577
2231 14583
2232 14589
2233 14595
2234 14601
2235 14607
2236 14613
2237 14619
2238 14625
2239 14631
2240 14637
2241 14643
2242 14649
2243 14655
2244 14661
2245 14667
2246 14673
2247 14679
2248 14685
2249 14691
2250 14697
2251 14703
2252 14709
2253 14715
2254 14721
2255 14727
2256 14733
2257 14739
2258 14745
2259 14751
2260 14757
2261 14763
2262 14769
2263 14775
2264 14781
2265 14787
2266 14793
2267 14799
2268 14805
2269 14811
2270 14817
2271 14823
2272 14829
2273 14835
2274 14841
2275 14847
2276 14853
2277 14859
2278 14865
2279 14871
2280 14877
2281 14883
2282 14889
2283 14895
2284 14901
2285 14907
2286 14913
2287 14919
2288 14925
2289 14931
2290 14937
2291 14943
2292 14949
2293 14955
2294 14961
2295 14967
2296 14973
2297 14979
2298 14985
2299 14991
2300 14997
2301 15003
2302 15009
2303 15015
2304 15021
2305 15027
2306 15033
2307 15039
2308 15045
2309 15051
2310 15057
2311 15063
2312 15069
2313 15075
2314 15081
2315 15087
2316 15093
2317 15099
2318 15105
2319 15111
2320 15117
2321 15123
2322 15129
2323 15135
2324 15141
2325 15147
2326 15153
2327 15159
2328 15165
2329 15171
2330 15177
2331 15183
2332 15189
2333 15195
2334 15201
2335 15207
2336 15213
2337 15219
2338 15225
2339 15231
2340 15237
2341 15243
2342 15249
2343 15255
2344 15261
2345 15267
2346 15273
2347 15279
2348 15285
2349 15291
2350 15297
2351 15303
2352 15309
2353 15315
2354 15321
2355 15327
2356 15333
2357 15339
2358 15345
2359 15351
2360 15357
2361 15363
2362 15369
2363 15375
2364 15381
2365 15387
2366 15393
2367 15399
2368 15405
2369 15411
2370 15417
2371 15423
2372 15429
2373 15435
2374 15441
2375 15447
2376 15453
2377 15459
2378 15465
2379 15471
2380 15477
2381 15483
2382 15489
2383 15495
2384 15501
2385 15507
2386 15513
2387 15519
2388 15525
2389 15531
2390 15537
2391 15543
2392 15549
2393 15555
2394 15561
2395 15567
2396 15573
2397 15579
2398 15585
2399 15591
2400 15597
2401 15603
2402 15609
2403 15615
2404 15621
2405 15627
2406 15633
2407 15639
2408 15645
2409 15651
2410 15657
2411 15663
2412 15669
2413 15675
2414 15681
2415 15687
2416 15693
2417 15699
2418 15705
2419 15711
2420 15717
2421 15723
2422 15729
2423 15735
2424 15741
2425 15747
2426 15753
2427 15759
2428 15765
2429 15771
2430 15777
2431 15783
2432 15789
2433 15795
2434 15801
2435 15807
2436 15813
2437 15819
2438 15825
2439 15831
2440 15837
2441 15843
2442 15849
2443 15855
2444 15861
2445 15867
2446 15873
2447 15879
2448 15885
2449 15891
2450 15897
2451 15903
2452 15909
2453 15915
2454 15921
2455 15927
2456 15933
2457 15939
2458 15945
2459 15951
2460 15957
2461 15963
2462 15969
2463 15975
2464 15981
2465 15987
2466 15993
2467 15999
2468 16005
2469 16011
2470 16017
2471 16023
2472 16029
2473 16035
2474 16041
2475 16047
2476 16053
2477 16059
2478 16065
2479 16071
2480 16077
2481 16083
2482 16089
2483 16095
2484 16101
2485 16107
2486 16113
2487 16119
2488 16125
2489 16131
2490 16137
2491 16143
2492 16149
2493 16155
2494 16161
2495 16167
2496 16173
2497 16179
2498 16185
2499 16191
2500 16197
2501 16203
2502 16209
2503 16215
2504 16221
2505 16227
2506 16233
2507 16239
2508 16245
2509 16251
2510 16257
2511 16263
2512 16269
2513 16275
2514 16281
2515 16287
2516 16293
2517 16299
2518 16305
2519 16311
2520 16317
2521 16323
2522 16329
2523 16335
2524 16341
2525 16347
2526 16353
2527 16359
2528 16365
2529 16371
2530 16377
2531 16383
2532 16389
2533 16395
2534 16401
2535 16407
2536 16413
2537 16419
2538 16425
2539 16431
2540 16437
2541 16443
2542 16449
2543 16455
2544 16461
2545 16467
2546 16473
2547 16479
2548 16485
2549 16491
2550 16497
2551 16503
2552 16509
2553 16515
2554 16521
2555 16527
2556 16533
2557 16539
