0 1537
1 1543
2 1549
3 1555
4 1561
5 1567
6 1573
7 1579
8 1585
9 1591
10 1597
11 1603
12 1609
13 1615
14 1621
15 1627
16 1633
17 1639
18 1645
19 1651
20 1657
21 1663
22 1669
23 1675
24 1681
25 1687
26 1693
27 1699
28 1705
29 1711
30 1717
31 1723
32 1729
33 1735
34 1741
35 1747
36 1753
37 1759
38 1765
39 1771
40 1777
41 1783
42 1789
43 1795
44 1801
45 1807
46 1813
47 1819
48 1825
49 1831
50 1837
51 1843
52 1849
53 1855
54 1861
55 1867
56 1873
57 1879
58 1885
59 1891
60 1897
61 1903
62 1909
63 1915
64 1921
65 1927
66 1933
67 1939
68 1945
69 1951
70 1957
71 1963
72 1969
73 1975
74 1981
75 1987
76 1993
77 1999
78 2005
79 2011
80 2017
81 2023
82 2029
83 2035
84 2041
85 2047
86 2053
87 2059
88 2065
89 2071
90 2077
91 2083
92 2089
93 2095
94 2101
95 2107
96 2113
97 2119
98 2125
99 2131
100 2137
101 2143
102 2149
103 2155
104 2161
105 2167
106 2173
107 2179
108 2185
109 2191
110 2197
111 2203
112 2209
113 2215
114 2221
115 2227
116 2233
117 2239
118 2245
119 2251
120 2257
121 2263
122 2269
123 2275
124 2281
125 2287
126 2293
127 2299
128 2305
129 2311
130 2317
131 2323
132 2329
133 2335
134 2341
135 2347
136 2353
137 2359
138 2365
139 2371
140 2377
141 2383
142 2389
143 2395
144 2401
145 2407
146 2413
147 2419
148 2425
149 2431
150 2437
151 2443
152 2449
153 2455
154 2461
155 2467
156 2473
157 2479
158 2485
159 2491
160 2497
161 2503
162 2509
163 2515
164 2521
165 2527
166 2533
167 2539
168 2545
169 2551
170 2557
171 2563
172 2569
173 2575
174 2581
175 2587
176 2593
177 2599
178 2605
179 2611
180 2617
181 2623
182 2629
183 2635
184 2641
185 2647
186 2653
187 2659
188 2665
189 2671
190 2677
191 2683
192 2689
193 2695
194 2701
195 2707
196 2713
197 2719
198 2725
199 2731
200 2737
201 2743
202 2749
203 2755
204 2761
205 2767
206 2773
207 2779
208 2785
209 2791
210 2797
211 2803
212 2809
213 2815
214 2821
215 2827
216 2833
217 2839
218 2845
219 2851
220 2857
221 2863
222 2869
223 2875
224 2881
225 2887
226 2893
227 2899
228 2905
229 2911
230 2917
231 2923
232 2929
233 2935
234 2941
235 2947
236 2953
237 2959
238 2965
239 2971
240 2977
241 2983
242 2989
243 2995
244 3001
245 3007
246 3013
247 3019
248 3025
249 3031
250 3037
251 3043
252 3049
253 3055
254 3061
255 3067
256 3073
257 3079
258 3085
259 3091
260 3097
261 3103
262 3109
263 3115
264 3121
265 3127
266 3133
267 3139
268 3145
269 3151
270 3157
271 3163
272 3169
273 3175
274 3181
275 3187
276 3193
277 3199
278 3205
279 3211
280 3217
281 3223
282 3229
283 3235
284 3241
285 3247
286 3253
287 3259
288 3265
289 3271
290 3277
291 3283
292 3289
293 3295
294 3301
295 3307
296 3313
297 3319
298 3325
299 3331
300 3337
301 3343
302 3349
303 3355
304 3361
305 3367
306 3373
307 3379
308 3385
309 3391
310 3397
311 3403
312 3409
313 3415
314 3421
315 3427
316 3433
317 3439
318 3445
319 3451
320 3457
321 3463
322 3469
323 3475
324 3481
325 3487
326 3493
327 3499
328 3505
329 3511
330 3517
331 3523
332 3529
333 3535
334 3541
335 3547
336 3553
337 3559
338 3565
339 3571
340 3577
341 3583
342 3589
343 3595
344 3601
345 3607
346 3613
347 3619
348 3625
349 3631
350 3637
351 3643
352 3649
353 3655
354 3661
355 3667
356 3673
357 3679
358 3685
359 3691
360 3697
361 3703
362 3709
363 3715
364 3721
365 3727
366 3733
367 3739
368 3745
369 3751
370 3757
371 3763
372 3769
373 3775
374 3781
375 3787
376 3793
377 3799
378 3805
379 3811
380 3817
381 3823
382 3829
383 3835
384 3841
385 3847
386 3853
387 3859
388 3865
389 3871
390 3877
391 3883
392 3889
393 3895
394 3901
395 3907
396 3913
397 3919
398 3925
399 3931
400 3937
401 3943
402 3949
403 3955
404 3961
405 3967
406 3973
407 3979
408 3985
409 3991
410 3997
411 4003
412 4009
413 4015
414 4021
415 4027
416 4033
417 4039
418 4045
419 4051
420 4057
421 4063
422 4069
423 4075
424 4081
425 4087
426 4093
427 4099
428 4105
429 4111
430 4117
431 4123
432 4129
433 4135
434 4141
435 4147
436 4153
437 4159
438 4165
439 4171
440 4177
441 4183
442 4189
443 4195
444 4201
445 4207
446 4213
447 4219
448 4225
449 4231
450 4237
451 4243
452 4249
453 4255
454 4261
455 4267
456 4273
457 4279
458 4285
459 4291
460 4297
461 4303
462 4309
463 4315
464 4321
465 4327
466 4333
467 4339
468 4345
469 4351
470 4357
471 4363
472 4369
473 4375
474 4381
475 4387
476 4393
477 4399
478 4405
479 4411
480 4417
481 4423
482 4429
483 4435
484 4441
485 4447
486 4453
487 4459
488 4465
489 4471
490 4477
491 4483
492 4489
493 4495
494 4501
495 4507
496 4513
497 4519
498 4525
499 4531
500 4537
501 4543
502 4549
503 4555
504 4561
505 4567
506 4573
507 4579
508 4585
509 4591
510 4597
511 4603
512 4609
513 4615
514 4621
515 4627
516 4633
517 4639
518 4645
519 4651
520 4657
521 4663
522 4669
523 4675
524 4681
525 4687
526 4693
527 4699
528 4705
529 4711
530 4717
531 4723
532 4729
533 4735
534 4741
535 4747
536 4753
537 4759
538 4765
539 4771
540 4777
541 4783
542 4789
543 4795
544 4801
545 4807
546 4813
547 4819
548 4825
549 4831
550 4837
551 4843
552 4849
553 4855
554 4856
555 4862
556 4868
557 4874
563 4877
564 4881
565 4884
566 4890
567 4895
568 4901
569 4904
570 4907
571 4913
572 4919
573 4925
574 4931
575 4937
576 4943
577 4949
578 4955
579 4961
580 4967
581 4973
582 4979
583 4985
584 4991
585 4997
586 5003
587 5009
588 5015
589 5021
590 5027
591 5033
592 5039
593 5045
594 5051
595 5057
596 5063
597 5069
598 5075
599 5081
600 5087
601 5093
602 5099
603 5105
604 5111
605 5117
606 5123
607 5129
608 5135
609 5141
610 5147
611 5153
612 5159
613 5165
614 5171
615 5177
616 5183
617 5189
618 5195
619 5201
620 5207
621 5213
622 5219
623 5225
624 5231
625 5237
626 5243
627 5249
628 5255
629 5261
630 5267
631 5273
632 5279
633 5285
634 5291
635 5297
636 5303
637 5309
638 5315
639 5321
640 5327
641 5333
642 5339
643 5345
644 5351
645 5357
646 5363
647 5369
648 5375
649 5381
650 5387
651 5393
652 5399
653 5405
654 5411
655 5417
656 5423
657 5429
658 5435
659 5441
660 5447
661 5453
662 5459
663 5465
664 5471
665 5477
666 5483
667 5489
668 5495
669 5501
670 5507
671 5513
672 5519
673 5525
674 5531
675 5537
676 5543
677 5549
678 5555
679 5561
680 5567
681 5573
682 5579
683 5585
684 5591
685 5597
686 5603
687 5609
688 5615
689 5621
690 5627
691 5633
692 5639
693 5645
694 5651
695 5657
696 5663
697 5669
698 5675
699 5681
700 5687
701 5693
702 5699
705 5704
708 5705
709 5710
711 5714
712 5719
713 5725
714 5731
715 5737
716 5743
717 5749
718 5755
719 5761
720 5767
721 5773
722 5779
723 5785
724 5791
725 5797
726 5803
727 5809
728 5815
729 5821
730 5827
731 5833
732 5839
733 5842
734 5848
735 5854
736 5860
737 5866
738 5872
739 5878
740 5884
741 5890
742 5896
743 5902
744 5908
745 5914
746 5920
747 5926
748 5932
749 5938
750 5944
751 5950
752 5956
753 5962
754 5968
755 5974
756 5980
757 5986
758 5992
759 5998
760 6004
761 6010
762 6016
763 6022
764 6028
765 6034
766 6040
767 6046
768 6052
769 6058
770 6064
771 6070
772 6076
773 6082
774 6088
775 6094
776 6100
777 6106
778 6112
779 6118
780 6124
781 6130
782 6136
783 6142
784 6148
785 6154
786 6160
787 6166
788 6172
789 6178
790 6184
791 6190
792 6196
793 6202
794 6208
795 6214
796 6220
797 6226
798 6232
799 6238
800 6244
801 6250
802 6256
803 6262
804 6268
805 6274
806 6280
807 6286
808 6292
809 6298
810 6304
811 6310
812 6316
813 6322
814 6328
815 6334
816 6340
817 6346
818 6352
819 6358
820 6364
821 6370
822 6376
823 6382
824 6388
825 6394
826 6400
827 6406
828 6412
829 6418
830 6424
831 6430
832 6436
833 6442
834 6448
835 6454
836 6460
837 6466
838 6472
839 6478
840 6484
841 6490
842 6496
843 6502
844 6508
845 6514
846 6520
847 6526
848 6532
849 6538
850 6544
851 6550
852 6556
853 6562
854 6567
855 6569
856 6575
857 6581
858 6587
859 6593
861 6600
862 6606
863 6612
864 6618
865 6624
866 6630
867 6636
868 6642
869 6648
870 6654
871 6660
872 6666
873 6672
874 6678
875 6684
876 6691
877 6697
878 6703
879 6709
880 6715
881 6721
882 6727
883 6733
884 6738
885 6744
886 6750
887 6756
888 6762
889 6768
890 6774
891 6780
892 6786
893 6792
894 6798
895 6804
896 6810
897 6816
898 6822
899 6828
900 6834
901 6840
902 6846
903 6852
904 6858
905 6864
906 6870
907 6876
908 6882
909 6888
910 6894
911 6900
912 6906
913 6912
914 6918
915 6924
916 6930
917 6936
918 6942
919 6948
920 6954
921 6960
922 6966
923 6972
924 6978
925 6985
926 6991
927 6997
928 7003
929 7009
930 7015
931 7021
932 7027
933 7033
934 7039
935 7045
936 7051
937 7057
938 7063
939 7069
940 7075
941 7080
942 7086
943 7092
944 7098
945 7104
946 7110
947 7116
948 7122
949 7128
950 7134
951 7140
952 7146
953 7152
954 7158
955 7164
956 7170
957 7176
958 7182
959 7188
960 7194
961 7200
962 7206
963 7212
964 7218
965 7224
966 7230
967 7236
968 7242
969 7248
970 7254
971 7260
972 7266
973 7272
974 7278
975 7284
976 7290
977 7296
978 7302
979 7308
980 7314
981 7320
982 7326
983 7332
984 7338
985 7344
986 7350
987 7356
988 7362
989 7368
990 7374
991 7380
992 7386
993 7392
994 7398
995 7404
996 7410
997 7416
998 7422
999 7428
1000 7434
1001 7440
1002 7446
1003 7452
1004 7458
1005 7464
1006 7470
1007 7476
1008 7482
1009 7488
1010 7494
1011 7500
1012 7506
1013 7512
1014 7518
1015 7524
1016 7530
1017 7536
1018 7542
1019 7548
1020 7554
1021 7560
1022 7566
1023 7572
1024 7578
1025 7584
1026 7590
1027 7596
1028 7602
1029 7608
1030 7614
1031 7620
1032 7626
1033 7632
1034 7638
1035 7644
1052 7645
1053 7649
1054 7655
1055 7661
1056 7667
1057 7673
1058 7679
1059 7685
1060 7691
1061 7697
1062 7703
1063 7706
1064 7712
1065 7718
1066 7724
1067 7730
1068 7736
1069 7742
1070 7748
1071 7754
1072 7761
1073 7767
1074 7773
1075 7779
1076 7785
1077 7791
1078 7797
1079 7803
1080 7809
1081 7815
1082 7821
1083 7827
1084 7833
1085 7839
1086 7845
1087 7851
1088 7857
1089 7863
1090 7869
1091 7875
1092 7881
1093 7887
1094 7893
1095 7899
1096 7905
1097 7911
1098 7917
1099 7923
1100 7929
1101 7935
1102 7941
1103 7947
1104 7953
1105 7958
1106 7964
1107 7970
1108 7976
1109 7982
1110 7988
1111 7994
1112 8000
1113 8007
1114 8013
1115 8019
1116 8025
1117 8031
1118 8037
1119 8043
1120 8049
1121 8055
1122 8061
1123 8067
1124 8073
1125 8079
1126 8085
1127 8091
1128 8097
1129 8102
1130 8108
1131 8114
1132 8120
1133 8126
1134 8132
1135 8138
1136 8144
1137 8150
1138 8156
1139 8162
1140 8168
1141 8174
1142 8180
1143 8186
1144 8192
1145 8198
1146 8204
1147 8210
1148 8216
1149 8222
1150 8228
1151 8234
1152 8240
1153 8246
1154 8253
1155 8259
1156 8265
1157 8271
1158 8277
1159 8283
1160 8289
1161 8295
1162 8300
1163 8306
1164 8312
1165 8318
1166 8324
1167 8330
1168 8336
1169 8342
1170 8348
1171 8354
1172 8360
1173 8366
1174 8372
1175 8378
1176 8384
1177 8390
1178 8396
1179 8402
1180 8408
1181 8414
1182 8420
1183 8426
1184 8432
1185 8438
1186 8444
1187 8450
1188 8455
1189 8459
1190 8465
1191 8471
1192 8477
1193 8483
1194 8489
1195 8495
1196 8501
1197 8507
1198 8513
1199 8519
1200 8525
1201 8531
1202 8537
1203 8543
1204 8549
1205 8555
1206 8561
1207 8567
1208 8573
1209 8579
1210 8585
1211 8592
1212 8598
1213 8604
1214 8610
1215 8616
1216 8622
1217 8628
1218 8634
1219 8640
1220 8646
1221 8652
1222 8658
1223 8664
1224 8670
1225 8676
1226 8682
1227 8687
1228 8693
1229 8699
1230 8705
1231 8711
1232 8717
1233 8723
1234 8729
1235 8735
1236 8742
1237 8748
1238 8754
1239 8760
1240 8766
1241 8772
1242 8778
1243 8784
1244 8790
1245 8796
1246 8802
1247 8808
1248 8814
1249 8820
1250 8826
1251 8832
1252 8838
1253 8844
1254 8850
1255 8856
1256 8862
1257 8868
1258 8874
1259 8880
1260 8886
1261 8892
1262 8898
1263 8904
1264 8910
1265 8916
1266 8922
1267 8928
1268 8934
1269 8940
1270 8946
1271 8952
1272 8958
1273 8964
1274 8970
1275 8976
1276 8982
1277 8988
1278 8994
1279 9000
1280 9006
1281 9012
1282 9018
1283 9024
1284 9030
1285 9036
1286 9042
1287 9048
1288 9054
1289 9060
1290 9066
1291 9072
1292 9078
1293 9084
1294 9090
1295 9096
1296 9102
1297 9108
1298 9114
1299 9120
1300 9126
1301 9132
1302 9138
1303 9144
1304 9150
1305 9156
1306 9162
1307 9168
1308 9174
1309 9180
1310 9186
1311 9192
1312 9198
1313 9204
1314 9210
1315 9216
1316 9222
1317 9228
1318 9234
1319 9240
1320 9246
1321 9252
1322 9258
1323 9264
1324 9270
1325 9276
1326 9282
1327 9288
1328 9294
1329 9300
1330 9306
1331 9312
1332 9318
1333 9324
1334 9330
1335 9336
1336 9342
1337 9348
1338 9354
1339 9360
1340 9366
1341 9372
1342 9378
1343 9384
1344 9390
1345 9396
1346 9402
1347 9408
1348 9414
1349 9420
1350 9426
1351 9432
1352 9438
1353 9444
1354 9450
1355 9456
1356 9462
1357 9468
1358 9474
1359 9480
1360 9486
1361 9492
1362 9498
1363 9504
1364 9510
1365 9516
1366 9522
1367 9527
1368 9531
1369 9537
1370 9543
1371 9549
1372 9555
1373 9561
1374 9567
1375 9573
1376 9579
1377 9585
1378 9591
1379 9597
1380 9603
1381 9609
1382 9615
1383 9621
1384 9627
1385 9633
1386 9639
1387 9645
1388 9651
1389 9657
1390 9663
1391 9669
1392 9675
1393 9681
1394 9687
1395 9693
1396 9699
1397 9705
1398 9711
1399 9717
1400 9723
1401 9729
1402 9735
1403 9741
1404 9747
1405 9753
1406 9759
1407 9765
1408 9771
1409 9777
1410 9783
1411 9789
1412 9795
1413 9801
1414 9807
1415 9813
1416 9819
1417 9825
1418 9831
1419 9837
1420 9843
1421 9849
1422 9855
1423 9861
1424 9867
1425 9873
1426 9879
1427 9885
1428 9891
1429 9897
1430 9903
1431 9909
1432 9915
1433 9921
1434 9927
1435 9933
1436 9939
1437 9945
1438 9951
1439 9957
1440 9962
1441 9968
1442 9974
1443 9980
1444 9986
1445 9992
1446 9998
1447 10004
1448 10011
1449 10017
1450 10023
1451 10029
1452 10035
1453 10041
1454 10047
1455 10053
1456 10059
1457 10065
1458 10071
1459 10077
1460 10083
1461 10089
1462 10095
1463 10101
1464 10106
1465 10112
1466 10118
1467 10124
1468 10130
1469 10136
1470 10142
1471 10148
1472 10155
1473 10161
1474 10167
1475 10173
1476 10179
1477 10185
1478 10191
1479 10197
1480 10203
1481 10209
1482 10215
1483 10221
1484 10227
1485 10233
1486 10239
1487 10245
1488 10251
1489 10257
1490 10263
1491 10269
1492 10275
1493 10281
1494 10287
1495 10293
1496 10299
1497 10305
1498 10311
1499 10317
1500 10323
1501 10329
1502 10335
1503 10341
1504 10347
1505 10353
1506 10359
1507 10365
1508 10371
1509 10377
1510 10383
1511 10389
1512 10395
1513 10401
1514 10407
1515 10413
1516 10419
1517 10425
1518 10431
1519 10437
1520 10443
1521 10449
1522 10455
1523 10461
1524 10467
1525 10473
1526 10479
1527 10485
1528 10491
1529 10497
1530 10503
1531 10509
1532 10515
1533 10521
1534 10527
1535 10533
1536 10539
1537 10545
1538 10551
1539 10557
1540 10563
1541 10569
1542 10575
1543 10581
1544 10587
1545 10593
1546 10599
1547 10605
1548 10611
1549 10617
1550 10623
1551 10629
1552 10635
1553 10641
1554 10647
1555 10653
1556 10659
1557 10665
1558 10671
1559 10677
1560 10683
1561 10689
1562 10695
1563 10701
1564 10707
1565 10713
1566 10719
1567 10725
1568 10731
1569 10737
1570 10743
1571 10749
1572 10755
1573 10761
1574 10767
1575 10773
1576 10779
1577 10785
1578 10791
1579 10797
1580 10803
1581 10809
1582 10815
1583 10821
1584 10827
1585 10833
1586 10839
1587 10845
1588 10851
1589 10857
1590 10863
1591 10869
1592 10875
1593 10881
1594 10887
1595 10893
1596 10899
1597 10905
1598 10911
1599 10917
1600 10923
1601 10929
1602 10935
1603 10941
1604 10947
1605 10953
1606 10959
1607 10965
1608 10971
1609 10977
1610 10983
1611 10989
1612 10995
1613 11001
1614 11007
1615 11013
1616 11019
1617 11025
1618 11031
1619 11037
1620 11043
1621 11049
1622 11055
1623 11061
1624 11067
1625 11073
1626 11079
1627 11085
1628 11091
1629 11097
1630 11103
1631 11109
1632 11115
1633 11121
1634 11127
1635 11133
1636 11139
1637 11145
1638 11151
1639 11157
1640 11163
1641 11169
1642 11175
1643 11181
1644 11187
1645 11193
1646 11199
1647 11205
1648 11211
1649 11217
1650 11223
1651 11229
1652 11235
1653 11241
1654 11247
1655 11253
1656 11259
1657 11265
1658 11271
1659 11277
1660 11283
1661 11289
1662 11295
1663 11301
1664 11307
1665 11313
1666 11319
1667 11325
1668 11331
1669 11337
1670 11343
1671 11349
1672 11355
1673 11361
1674 11367
1675 11373
1676 11379
1677 11385
1678 11391
1679 11397
1680 11403
1681 11409
1682 11415
1683 11421
1684 11427
1685 11433
1686 11439
1687 11445
1688 11451
1689 11457
1690 11463
1691 11469
1692 11475
1693 11481
1694 11487
1695 11493
1696 11499
1697 11505
1698 11511
1699 11517
1700 11523
1701 11529
1702 11535
1703 11541
1704 11547
1705 11553
1706 11559
1707 11565
1708 11571
1709 11577
1710 11583
1732 11589
1733 11595
1734 11601
1735 11607
1736 11613
1737 11619
1738 11625
1739 11631
1740 11637
1741 11643
1742 11649
1743 11655
1744 11661
1745 11667
1746 11673
1747 11679
1748 11685
1749 11691
1750 11697
1751 11703
1752 11709
1753 11715
1754 11721
1755 11727
1756 11733
1757 11739
1758 11745
1759 11751
1760 11757
1761 11763
1762 11769
1763 11775
1764 11781
1765 11787
1766 11793
1767 11799
1768 11805
1769 11811
1770 11817
1771 11823
1772 11829
1773 11835
1774 11841
1775 11847
1776 11853
1777 11859
1778 11865
1779 11871
1780 11877
1781 11883
1782 11889
1783 11895
1784 11901
1785 11907
1786 11913
1787 11919
1788 11925
1789 11931
1790 11937
1791 11943
1792 11949
1793 11955
1794 11961
1795 11967
1796 11973
1797 11979
1798 11985
1799 11991
1800 11997
1801 12003
1802 12009
1803 12015
1804 12021
1805 12027
1806 12033
1807 12039
1808 12045
1809 12051
1810 12057
1811 12063
1812 12069
1813 12075
1814 12081
1815 12087
1816 12093
1817 12099
1818 12105
1819 12111
1820 12117
1821 12123
1822 12129
1823 12135
1824 12141
1825 12147
1826 12153
1827 12159
1828 12165
1829 12171
1830 12177
1831 12183
1832 12189
1833 12195
1834 12201
1835 12207
1836 12213
1837 12219
1838 12225
1839 12231
1840 12237
1841 12243
1842 12249
1843 12255
1844 12261
1845 12267
1846 12273
1847 12279
1848 12285
1849 12291
1850 12297
1851 12303
1852 12309
1853 12315
1854 12321
1855 12327
1856 12333
1857 12339
1858 12345
1859 12351
1860 12357
1861 12363
1862 12369
1863 12375
1864 12381
1865 12387
1866 12393
1867 12399
1868 12405
1869 12411
1870 12417
1871 12423
1872 12429
1873 12435
1874 12441
1875 12447
1876 12453
1877 12459
1878 12465
1879 12471
1880 12477
1881 12483
1882 12489
1883 12495
1884 12501
1885 12507
1886 12513
1887 12519
1888 12525
1889 12531
1890 12537
1891 12543
1892 12549
1893 12555
1894 12561
1895 12567
1896 12573
1897 12579
1898 12585
1899 12591
1900 12597
1901 12603
1902 12609
1903 12615
1904 12621
1905 12627
1906 12633
1907 12639
1908 12645
1909 12651
1910 12657
1911 12663
1912 12669
1913 12675
1914 12681
1915 12687
1916 12693
1917 12699
1918 12705
1919 12711
1920 12717
1921 12723
1922 12729
1923 12735
1924 12741
1925 12747
1926 12753
1927 12759
1928 12765
1929 12771
1930 12777
1931 12783
1932 12789
1933 12795
1934 12801
1935 12807
1936 12810
1937 12815
1938 12821
1939 12827
1940 12833
1941 12839
1942 12845
1943 12851
1944 12857
1945 12863
1946 12869
1947 12875
1948 12881
1949 12887
1950 12893
1951 12899
1952 12905
1953 12908
1954 12914
1955 12920
1956 12926
1957 12932
1958 12938
1959 12944
1960 12950
1961 12956
1962 12962
1963 12968
1964 12974
1965 12980
1966 12986
1967 12992
1968 12998
1969 13004
1970 13010
1971 13016
1972 13022
1973 13028
1974 13034
1975 13040
1976 13046
1977 13052
1978 13058
1979 13064
1980 13070
1981 13076
1982 13082
1983 13088
1984 13094
1985 13100
1986 13106
1987 13112
1988 13118
1989 13124
1990 13130
1991 13136
1992 13142
1993 13148
1994 13154
1995 13160
1996 13166
1997 13172
1998 13178
1999 13184
2000 13190
2001 13196
2002 13202
2003 13208
2004 13214
2005 13220
2006 13226
2007 13232
2008 13238
2009 13244
2010 13250
2011 13256
2012 13262
2013 13268
2014 13274
2015 13280
2016 13286
2017 13292
2018 13298
2019 13304
2020 13310
2021 13316
2022 13322
2023 13328
2024 13334
2025 13340
2026 13346
2027 13352
2028 13358
2029 13364
2030 13370
2031 13376
2032 13382
2033 13388
2034 13394
2035 13400
2036 13406
2037 13412
2038 13418
2039 13424
2040 13430
2041 13436
2042 13442
2043 13448
2044 13454
2045 13460
2046 13466
2047 13472
2048 13478
2049 13484
2050 13490
2051 13496
2052 13502
2053 13508
2054 13514
2055 13520
2056 13526
2057 13532
2058 13538
2059 13544
2060 13550
2061 13556
2062 13562
2063 13568
2064 13574
2065 13580
2066 13586
2067 13592
2068 13598
2069 13604
2070 13610
2071 13616
2072 13622
2073 13628
2074 13634
2075 13640
2076 13646
2077 13652
2078 13658
2079 13664
2080 13670
2081 13676
2082 13682
2083 13688
2084 13694
2085 13700
2086 13706
2087 13712
2088 13718
2089 13724
2090 13730
2091 13736
2092 13742
2093 13748
2094 13754
2095 13760
2096 13766
2097 13772
2098 13778
2099 13784
2100 13790
2101 13796
2102 13802
2103 13808
2104 13814
2105 13820
2106 13826
2107 13832
2108 13838
2109 13844
2110 13850
2111 13856
2112 13862
2113 13868
2114 13874
2115 13880
2116 13886
2117 13892
2118 13898
2119 13904
2120 13910
2121 13916
2122 13922
2123 13928
2124 13934
2125 13940
2126 13946
2127 13952
2128 13958
2129 13964
2130 13967
2131 13973
2132 13979
2133 13985
2134 13988
2135 13994
2136 14000
2137 14006
2138 14012
2139 14018
2140 14024
2141 14027
2142 14033
2143 14039
2144 14045
2145 14051
2146 14057
2147 14063
2148 14069
2149 14075
2150 14081
2151 14087
2152 14093
2153 14099
2154 14105
2155 14111
2156 14117
2157 14122
2158 14123
2159 14124
2160 14125
2161 14126
2162 14130
2163 14136
2164 14139
2165 14145
2166 14151
2167 14157
2168 14163
2169 14169
2170 14175
2171 14181
2172 14187
2173 14193
2174 14199
2175 14205
2176 14211
2177 14217
2178 14223
2179 14229
2180 14235
2181 14241
2182 14247
2183 14253
2184 14259
2185 14265
2186 14271
2187 14277
2188 14283
2189 14289
2190 14295
2191 14301
2192 14307
2193 14313
2194 14319
2195 14325
2196 14331
2197 14337
2198 14343
2199 14349
2200 14355
2201 14361
2202 14367
2203 14373
2204 14379
2205 14385
2206 14391
2207 14397
2208 14403
2209 14409
2210 14415
2211 14421
2212 14427
2213 14433
2214 14439
2215 14445
2216 14451
2217 14457
2218 14463
2219 14469
2220 14475
2221 14481
2222 14487
2223 14493
2224 14499
2225 14505
2226 14511
2227 14517
2228 14523
2229 14529
2230 14535
2231 14541
2232 14547
2233 14553
2234 14559
2235 14565
2236 14571
2237 14577
2238 14583
2239 14589
2240 14595
2241 14601
2242 14607
2243 14613
2244 14619
2245 14625
2246 14631
2247 14637
2248 14643
2249 14649
2250 14655
2251 14661
2252 14667
2253 14673
2254 14679
2255 14685
2256 14691
2257 14697
2258 14703
2259 14709
2260 14715
2261 14721
2262 14727
2263 14733
2264 14739
2265 14745
2266 14751
2267 14757
2268 14763
2269 14769
2270 14775
2271 14781
2272 14787
2273 14793
2274 14799
2275 14805
2276 14811
2277 14817
2278 14823
2279 14829
2280 14835
2281 14841
2282 14847
2283 14853
2284 14859
2285 14865
2286 14871
2287 14877
2288 14883
2289 14889
2290 14895
2291 14901
2292 14907
2293 14913
2294 14919
2295 14925
2296 14931
2297 14937
2298 14943
2299 14949
2300 14955
2301 14961
2302 14967
2303 14973
2304 14979
2305 14985
2306 14991
2307 14997
2308 15003
2309 15009
2310 15015
2311 15021
2312 15027
2313 15033
2314 15039
2315 15045
2316 15051
2317 15057
2318 15063
2319 15069
2320 15075
2321 15081
2322 15087
2323 15093
2324 15099
2325 15105
2326 15111
2327 15117
2328 15123
2329 15129
2330 15135
2331 15141
2332 15147
2333 15153
2334 15159
2335 15165
2336 15171
2337 15177
2338 15183
2339 15189
2340 15195
2341 15201
2342 15207
2343 15213
2344 15219
2345 15225
2346 15231
2347 15237
2348 15243
2349 15249
2350 15255
2351 15261
2352 15267
2353 15273
2354 15279
2355 15285
2356 15291
2357 15297
2358 15303
2359 15309
2360 15315
2361 15321
2362 15327
2363 15333
2364 15339
2365 15345
2366 15351
2367 15357
2368 15363
2369 15369
2370 15375
2371 15381
2372 15387
2373 15393
2374 15399
2375 15405
2376 15411
2377 15417
2378 15423
2379 15429
2380 15435
2381 15441
2382 15447
2383 15453
2384 15459
2385 15465
2386 15471
2387 15477
2388 15483
2389 15489
2390 15495
2391 15501
2392 15507
2393 15513
2394 15519
2395 15525
2396 15531
2397 15537
2398 15543
2399 15549
2400 15555
2401 15561
2402 15567
2403 15573
2404 15579
2405 15585
2406 15591
2407 15597
2408 15603
2409 15609
2410 15615
2411 15621
2412 15627
2413 15633
2414 15639
2415 15645
2416 15651
2417 15657
2418 15663
2419 15669
2420 15675
2421 15681
2422 15687
2423 15693
2424 15699
2425 15705
2426 15711
2427 15717
2428 15723
2429 15729
2430 15735
2431 15741
2432 15747
2433 15753
2434 15759
2435 15765
2436 15771
2437 15777
2438 15783
2439 15789
2440 15795
2441 15801
2442 15807
2443 15813
2444 15819
2445 15825
2446 15831
2447 15837
2448 15843
2449 15849
2450 15855
2451 15861
2452 15867
2453 15873
2454 15879
2455 15885
2456 15891
2457 15897
2458 15903
2459 15909
2460 15915
2461 15921
2462 15927
2463 15933
2464 15939
2465 15945
2466 15951
2467 15957
2468 15963
2469 15969
2470 15975
2471 15981
2472 15987
2473 15993
2474 15999
2475 16005
2476 16011
2477 16017
2478 16023
2479 16029
2480 16035
2481 16041
2482 16047
2483 16053
2484 16059
2485 16065
2486 16071
2487 16077
2488 16083
2489 16089
2490 16095
2491 16101
2492 16107
2493 16113
2494 16119
2495 16125
2496 16131
2497 16137
2498 16143
2499 16149
2500 16155
2501 16161
2502 16167
2503 16173
2504 16179
2505 16185
2506 16191
2507 16197
2508 16203
2509 16209
2510 16215
2511 16221
2512 16227
2513 16233
2514 16239
2515 16245
2516 16251
2517 16257
2518 16263
2519 16269
2520 16275
2521 16281
2522 16287
2523 16293
2524 16299
2525 16305
2526 16311
2527 16317
2528 16323
2529 16329
2530 16335
2531 16341
2532 16347
2533 16353
2534 16359
2535 16365
2536 16371
2537 16377
2538 16383
2539 16389
2540 16395
2541 16401
2542 16407
2543 16413
2544 16419
2545 16425
2546 16431
2547 16437
2548 16443
2549 16449
2550 16455
2551 16461
2552 16467
2553 16473
2554 16479
2555 16485
2556 16491
2557 16497
2558 16503
2559 16509
2560 16515
2561 16521
2562 16527
2563 16533
2564 16539
